5.495513	0.4	12.	181.965401	106.83	202.03
6.829662	0.4	12.	193.2	118.6	206.585968
5.255907	0.4	12.	164.52	119.079301	202.03
5.545202	0.4	12.	152.79	119.58	197.361724
4.483558	0.4	12.	141.482983	119.9	202.03
5.271573	0.4	12.	188.228949	132.	202.03
4.885577	0.4	12.	198.44552	130.69	202.03
4.666961	0.4	12.	183.75	142.687886	202.03
4.927496	0.4	12.	167.45	142.73542	202.03
5.318597	0.4	12.	194.5	142.46	207.127943
5.360848	0.4	12.	168.453024	98.	202.03
6.625572	0.4	12.	156.04	89.189141	202.03
5.143188	0.4	12.	145.29	97.35	203.803257
5.235479	0.4	12.	141.38	105.85	198.776217
7.326852	0.4	12.	125.841517	105.85	202.03
5.128141	0.4	12.	199.377146	97.35	202.03
7.227249	0.4	12.	211.78	83.848047	202.03
4.442845	0.4	12.	208.84	100.593553	199.75
6.881943	0.4	12.	207.515756	116.96	190.59
5.006358	0.4	12.	218.63474	123.83	189.75
5.579305	0.4	12.	181.47	119.58	191.828937
5.573702	0.4	12.	181.14	99.96	183.58366
5.027945	0.4	12.	134.051453	109.77	188.01
6.593532	0.4	12.	124.398302	118.27	188.01
4.410808	0.4	12.	201.67	84.900422	186.8
5.656004	0.4	12.	205.26	96.937149	186.8
5.533661	0.4	12.	211.869228	85.9	186.8
4.487459	0.4	12.	222.94715	89.83	183.69
5.124514	0.4	12.	253.5	82.916345	174.68
4.547839	0.4	12.	208.52	139.19	193.644575
6.391687	0.4	12.	218.95	144.42	184.5173
8.683171	0.4	12.	204.93	155.229002	189.91
5.686708	0.4	12.	172.67	160.488729	189.91
4.751503	0.4	12.	172.01	147.04	191.092374
4.61583	0.4	12.	155.07	108.817917	189.91
5.455341	0.4	12.	165.17	117.94	188.039261
4.635763	0.4	12.	167.956921	94.08	186.27
7.291017	0.4	12.	147.24	94.4	191.493649
4.9021	0.4	12.	138.44	98.98	183.073358
6.014794	0.4	12.	195.81	113.567682	186.27
4.484489	0.4	12.	194.5	129.71	190.158421
5.621482	0.4	12.	194.5	139.52	184.454657
4.450566	0.4	12.	171.785129	126.44	186.27
5.495623	0.4	12.	157.968145	126.77	186.27
6.812812	0.4	12.	170.71	137.89	180.67573
5.341446	0.4	12.	157.234425	137.89	186.27
5.061753	0.4	12.	180.81	132.65	188.732435
5.223008	0.4	12.	186.68	146.978049	186.27
4.566604	0.4	12.	211.13	132.65	186.431183
4.408304	0.4	12.	218.3	113.567485	186.27
4.788839	0.4	12.	225.47	106.624519	186.27
4.397463	0.4	12.	239.34847	105.85	186.27
4.386409	0.4	12.	248.61	105.507394	186.27
6.708167	0.4	12.	244.37	121.54	181.029352
6.228565	0.4	12.	230.68	96.36	190.19576
4.986604	0.4	12.	241.44	89.132387	186.27
5.689207	0.4	12.	259.69	98.	191.458196
5.24954	0.4	12.	200.801367	57.46	186.27
4.967125	0.4	12.	191.089759	97.02	186.27
4.53307	0.4	12.	171.69	111.4	182.679253
4.930647	0.4	12.	147.24	115.071032	186.27
4.478668	0.4	12.	118.56	104.461994	184.22
9.334752	0.4	12.	107.799791	132.33	169.38
5.196872	0.4	12.	132.937154	110.75	169.6
4.897562	0.4	12.	179.51	116.63	172.694483
4.602202	0.4	12.	193.85	122.85	173.85804
5.190339	0.4	12.	201.02	129.39	180.782448
4.37368	0.4	12.	251.34746	92.11	178.09
4.493598	0.4	12.	231.33	79.69	178.947344
5.108461	0.4	12.	234.27	69.124418	178.09
5.593897	0.4	12.	188.96	61.05	192.369201
9.899571	0.4	12.	188.883501	82.63	197.71
7.630587	0.4	12.	172.67	90.81	170.300045
4.509428	0.4	12.	163.21	98.972011	170.36
4.921789	0.4	12.	168.43	111.168128	170.36
5.05163	0.4	12.	165.490026	126.44	168.32
5.29127	0.4	12.	165.17	141.955946	168.32
6.447946	0.4	12.	177.23	127.75	174.320533
5.282035	0.4	12.	216.02	121.802414	173.92
4.846674	0.4	12.	205.59	123.22642	173.92
4.929358	0.4	12.	199.39	137.89	171.945823
8.912285	0.4	12.	190.538126	154.23	173.92
4.965855	0.4	12.	206.24	153.968172	173.09
4.393261	0.4	12.	221.23	143.750186	173.09
5.583289	0.4	12.	223.19	154.193239	173.09
8.099922	0.4	12.	235.152156	141.48	173.09
6.564234	0.4	12.	242.42	96.922175	173.09
4.635816	0.4	12.	192.87	80.543703	177.18
4.551416	0.4	12.	179.843578	74.46	167.48
5.979779	0.4	12.	188.96	67.59	166.020316
5.843813	0.4	12.	202.	57.78	162.738708
4.918126	0.4	12.	125.735212	113.04	177.03
7.583724	0.4	12.	113.35	116.259606	177.03
5.415983	0.4	12.	149.959786	123.5	177.03
4.915305	0.4	12.	142.03	115.98	174.215495
4.444926	0.4	12.	138.77	124.914141	177.03
5.642308	0.4	12.	218.645388	98.	177.03
4.542199	0.4	12.	206.384485	103.23	177.03
4.599001	0.4	12.	151.81	77.805911	183.69
4.816602	0.4	12.	161.91	80.903619	181.42
4.567978	0.4	12.	144.64	71.976947	181.42
5.436047	0.4	12.	143.590559	84.27	181.42
7.722861	0.4	12.	182.77	86.48591	181.42
4.46802	0.4	12.	208.19	71.19	180.323777
4.426667	0.4	12.	223.84	135.27	177.683521
4.995282	0.4	12.	235.25	128.4	176.556018
5.936522	0.4	12.	231.99	118.6	181.251261
5.26541	0.4	12.	153.76	103.56	178.522896
5.721541	0.4	12.	179.19	58.812601	179.22
4.990389	0.4	12.	167.78	70.21	177.451619
5.013607	0.4	12.	209.82	113.72785	179.22
5.20064	0.4	12.	187.33	108.46	175.131223
5.065827	0.4	12.	186.36	126.12	182.666612
4.859757	0.4	12.	241.661629	75.77	168.32
5.03023	0.4	12.	263.6	87.54	165.69765
4.584369	0.4	12.	231.33	104.444239	170.59
6.730948	0.4	12.	231.33	88.788945	170.59
5.394623	0.4	12.	224.16	113.04	173.397713
6.397752	0.4	12.	252.405798	122.85	170.59
5.762727	0.4	12.	185.05	97.174946	170.59
4.527563	0.4	12.	159.3	87.229559	170.59
4.861128	0.4	12.	143.297711	92.77	170.59
4.586877	0.4	12.	147.366055	101.6	170.59
5.273924	0.4	12.	136.16	100.29	172.509475
5.759483	0.4	12.	127.69	124.048544	170.59
5.811261	0.4	12.	145.175545	65.3	170.59
6.518727	0.4	12.	158.33	63.34	174.727003
4.457718	0.4	12.	169.73	61.38	168.913427
4.406025	0.4	12.	214.06	84.59	170.428817
4.868683	0.4	12.	203.63	85.25	168.581248
4.494222	0.4	12.	194.410446	88.52	170.59
6.100968	0.4	12.	197.11	101.27	170.548727
6.265579	0.4	12.	203.3	47.65	173.895137
6.541254	0.4	12.	208.905325	65.63	170.59
4.72216	0.4	12.	257.08	106.703285	163.62
5.869891	0.4	12.	246.65	110.75	163.709115
5.13979	0.4	12.	258.39	96.69	167.901471
6.659244	0.4	12.	270.426466	78.06	153.17
5.575094	0.4	12.	255.45	83.61	156.571817
4.455761	0.4	12.	250.89	77.73	149.642209
7.934492	0.4	12.	264.9	93.889778	153.17
6.008047	0.4	12.	250.319397	93.75	153.17
5.418552	0.4	12.	231.356544	87.86	154.23
4.582584	0.4	12.	234.92402	78.71	159.91
5.306742	0.4	12.	232.64	67.59	163.681843
4.845824	0.4	12.	223.105277	77.73	159.91
8.333715	0.4	12.	240.79	54.432437	159.91
4.507093	0.4	12.	250.24	63.67	162.655962
4.565363	0.4	12.	249.59	73.948293	159.91
4.687715	0.4	12.	225.14	139.830736	159.91
4.654163	0.4	12.	215.36	138.21	164.107568
4.851868	0.4	12.	193.333906	130.69	159.91
4.376571	0.4	12.	214.39	130.212678	159.91
6.323794	0.4	12.	236.87	133.010145	159.91
6.379428	0.4	12.	249.989042	132.98	159.91
7.063664	0.4	12.	219.6	95.38	157.01944
4.787352	0.4	12.	207.22	94.08	155.602377
4.70418	0.4	12.	188.774819	82.31	159.91
7.10024	0.4	12.	192.55	117.29	150.299787
5.829765	0.4	12.	171.864061	116.96	155.59
6.020122	0.4	12.	198.304769	139.52	154.53
6.752154	0.4	12.	209.82	151.29	159.00992
9.549818	0.4	12.	225.14	159.670843	152.18
6.068138	0.4	12.	232.96	142.737203	151.35
4.435209	0.4	12.	191.22393	155.21	151.35
4.494367	0.4	12.	201.02	152.101585	151.35
7.102294	0.4	12.	215.36	116.063957	157.86
5.822385	0.4	12.	204.900056	124.81	157.86
4.393785	0.4	12.	135.917683	139.52	157.86
6.124877	0.4	12.	144.31	132.893151	157.86
4.547219	0.4	12.	148.22	122.52	155.73592
6.10685	0.4	12.	135.84	124.15	154.910057
5.444297	0.4	12.	140.07	110.75	157.071672
4.477665	0.4	12.	158.33	110.75	159.399657
4.419568	0.4	12.	151.16	91.13	158.614968
4.529739	0.4	12.	162.24	82.63	159.4569
4.853053	0.4	12.	165.055058	73.81	157.86
5.356607	0.4	12.	192.87	51.554454	157.86
5.923824	0.4	12.	221.23	54.19	159.461568
5.000608	0.4	12.	146.92	80.02	153.653513
4.980679	0.4	12.	152.46	73.48	162.097229
4.396835	0.4	12.	139.1	85.58	160.48641
4.402823	0.4	12.	138.12	74.13	158.961635
4.455903	0.4	12.	130.3	84.034849	157.86
4.383752	0.4	12.	131.27	94.782127	157.86
5.653564	0.4	12.	120.19	107.81	156.22352
4.545404	0.4	12.	133.040687	103.23	154.61
4.699206	0.4	12.	142.792862	93.42	154.61
4.648709	0.4	12.	166.313722	98.98	153.32
4.518021	0.4	12.	159.422127	89.5	153.32
5.139723	0.4	12.	174.178891	88.52	153.32
4.90148	0.4	12.	185.7	96.04	155.542892
5.778878	0.4	12.	171.36	61.38	153.533023
4.443468	0.4	12.	204.93	77.939976	148.55
4.578721	0.4	12.	200.7	62.36	148.454331
5.373304	0.4	12.	211.148947	66.29	148.55
4.816771	0.4	12.	195.16	72.689647	148.55
5.220358	0.4	12.	253.5	103.862293	148.55
5.13515	0.4	12.	244.243139	113.69	148.55
5.274358	0.4	12.	246.712575	124.48	148.55
5.018853	0.4	12.	255.78	129.729848	148.55
7.905582	0.4	12.	256.76	116.63	141.699444
4.862395	0.4	12.	271.1	110.474345	140.21
4.752733	0.4	12.	180.851136	123.83	150.89
6.808822	0.4	12.	166.15	137.642428	150.89
4.394533	0.4	12.	195.032221	101.92	150.89
4.419601	0.4	12.	184.73	102.9	148.268202
5.75841	0.4	12.	234.27	97.67	159.379574
4.674319	0.4	12.	228.730416	115.	154.15
4.518792	0.4	12.	235.57	106.580227	154.15
4.490172	0.4	12.	220.427892	62.36	143.62
5.833668	0.4	12.	250.24	50.026983	145.36
5.942507	0.4	12.	259.36	60.707096	145.14
5.078401	0.4	12.	213.08	45.765433	144.23
5.0167	0.4	12.	203.96	50.92	142.570604
5.494214	0.4	12.	199.39	39.797274	142.94
4.914044	0.4	12.	232.049073	66.94	143.17
5.378917	0.4	12.	226.12	77.4	138.697619
4.800929	0.4	12.	218.62	90.98497	143.17
5.070009	0.4	12.	246.65	71.375903	143.17
4.717318	0.4	12.	249.91	61.05	139.986688
5.766367	0.4	12.	217.32	132.	143.243715
6.139327	0.4	12.	246.	136.58	146.278817
4.547302	0.4	12.	228.73	136.25	141.657087
4.499804	0.4	12.	243.39	129.06	138.501533
4.883448	0.4	12.	198.35192	131.67	144.3
5.582834	0.4	12.	195.48	87.880295	144.15
5.203409	0.4	12.	170.71	125.79	142.138386
5.367495	0.4	12.	165.82	108.13	147.590657
4.727689	0.4	12.	131.27	107.81	146.186274
4.672973	0.4	12.	126.635134	120.23	145.21
5.409161	0.4	12.	127.36	130.04	142.945302
5.065474	0.4	12.	128.01	142.906119	145.21
5.684627	0.4	12.	126.513752	156.85	144.99
5.364902	0.4	12.	141.38	161.1	144.414267
5.164167	0.4	12.	154.09	102.727496	149.91
4.858013	0.4	12.	148.87	113.69	151.156082
4.450982	0.4	12.	175.93	106.17	148.656071
4.969078	0.4	12.	222.21	107.15	149.400832
4.859993	0.4	12.	117.26	121.607362	147.26
5.213592	0.4	12.	108.13	110.7718	147.26
4.705047	0.4	12.	99.463993	118.27	147.26
4.394926	0.4	12.	107.48	124.15	147.438742
4.813298	0.4	12.	108.13	133.64	143.188378
4.433591	0.4	12.	117.58	135.6	143.016909
4.525243	0.4	12.	112.37	139.85	151.393522
5.751357	0.4	12.	93.79	132.	139.111828
5.937529	0.4	12.	87.92	119.724879	143.62
6.718469	0.4	12.	81.196205	134.94	143.62
4.449574	0.4	12.	177.56	97.02	149.478221
4.669727	0.4	12.	213.417409	110.42	145.21
5.549068	0.4	12.	212.1	84.27	153.516458
6.466913	0.4	12.	184.196704	72.17	151.35
4.370812	0.4	12.	189.94	62.36	153.364572
4.770264	0.4	12.	181.79	48.63	155.726876
6.393859	0.4	12.	146.27	65.63	153.718868
4.438965	0.4	12.	175.27	78.71	153.866992
4.483109	0.4	12.	184.981691	84.59	151.35
6.955835	0.4	12.	202.548918	105.85	138.47
5.283224	0.4	12.	199.994484	118.6	138.47
5.513365	0.4	12.	219.93	118.27	140.747026
4.842725	0.4	12.	236.55	79.69	145.407958
4.898359	0.4	12.	207.133531	94.73	142.56
7.174438	0.4	12.	184.411248	133.64	142.56
5.97328	0.4	12.	187.255947	147.69	142.56
4.753989	0.4	12.	175.6	143.65303	142.56
5.226937	0.4	12.	222.21	142.79	137.862326
6.1518	0.4	12.	156.7	150.96	144.245506
5.691947	0.4	12.	114.65	99.96	149.050932
4.753407	0.4	12.	237.53	48.139782	143.47
4.477721	0.4	12.	241.76	61.71	145.007445
6.816171	0.4	12.	143.928658	103.88	143.47
5.457044	0.4	12.	182.12	60.318637	144.76
6.898743	0.4	12.	172.34	51.848782	144.76
4.53783	0.4	12.	161.26	127.1	144.909318
4.867877	0.4	12.	137.79	138.54	143.073188
5.073146	0.4	12.	144.31	146.01925	141.35
4.883479	0.4	12.	117.91	150.337977	141.35
5.516341	0.4	12.	145.376971	129.06	141.35
4.814206	0.4	12.	136.49	123.613649	141.35
4.843585	0.4	12.	150.18	117.430643	141.35
4.854798	0.4	12.	132.25	89.5	139.132049
5.581438	0.4	12.	129.97	97.02	146.507966
4.707412	0.4	12.	140.630625	81.65	141.35
4.474335	0.4	12.	151.766291	90.48	141.35
5.152198	0.4	12.	158.	78.38	137.18228
5.422739	0.4	12.	157.67	68.54006	141.35
5.252198	0.4	12.	191.57	52.23	142.154483
4.712297	0.4	12.	232.31	127.42	137.500297
4.63649	0.4	12.	140.07	68.561619	141.35
7.134796	0.4	12.	128.01	77.73	135.863559
5.062834	0.4	12.	243.07	88.52	143.430788
5.569817	0.4	12.	223.51	52.55	144.204685
9.124322	0.4	12.	177.23	157.83	137.335261
4.95022	0.4	12.	163.21	160.12	137.931286
4.669246	0.4	12.	187.99	114.484555	137.18
5.507361	0.4	12.	174.95	116.63	133.542914
5.150119	0.4	12.	169.044536	92.44	137.18
5.553033	0.4	12.	229.812024	91.79	137.18
4.37553	0.4	12.	236.925852	104.86	136.05
4.906725	0.4	12.	259.36	84.59	131.835648
4.487185	0.4	12.	264.25	90.48	138.48371
5.186314	0.4	12.	266.21	79.36	139.646466
4.574004	0.4	12.	256.43	76.75	140.345636
4.557767	0.4	12.	172.67	83.94	131.78935
4.545346	0.4	12.	185.38	78.050669	136.05
4.703207	0.4	12.	173.32	74.13	133.188774
6.020353	0.4	12.	174.95	63.062372	136.05
4.876155	0.4	12.	133.932879	98.98	136.05
4.441002	0.4	12.	143.01	94.80879	136.05
4.774378	0.4	12.	120.52	103.980271	134.99
6.086727	0.4	12.	163.21	140.17	136.242245
4.560394	0.4	12.	195.81	136.791992	134.99
5.373073	0.4	12.	192.87	156.600105	134.99
5.511683	0.4	12.	212.1	152.616056	134.99
6.057484	0.4	12.	234.702761	145.73	134.99
5.589598	0.4	12.	187.66	100.29	137.079312
5.520717	0.4	12.	215.620312	80.67	134.99
4.817843	0.4	12.	215.69	66.044126	134.99
4.505165	0.4	12.	184.73	87.86	132.070467
5.523821	0.4	12.	156.04	104.54	138.310085
4.866042	0.4	12.	161.26	113.14505	134.08
4.598825	0.4	12.	187.399139	124.15	134.08
4.435195	0.4	12.	174.3	105.497835	134.08
4.370773	0.4	12.	165.17	101.27	133.915277
4.486396	0.4	12.	144.847223	111.73	134.08
4.950131	0.4	12.	135.51	112.38	138.245372
4.929459	0.4	12.	222.180547	103.23	134.08
4.393774	0.4	12.	271.42	98.	129.733077
6.055825	0.4	12.	247.96	81.98	134.949993
6.400389	0.4	12.	253.82	93.42	139.916427
4.412333	0.4	12.	263.93	108.125827	134.08
6.605426	0.4	12.	208.52	141.48	140.620479
5.575859	0.4	12.	228.4	115.	130.933424
5.205635	0.4	12.	239.16	118.92	137.438932
4.586119	0.4	12.	112.551369	113.04	134.08
5.536823	0.4	12.	125.863226	163.06	134.08
4.591432	0.4	12.	99.66	146.39	131.752718
4.420477	0.4	12.	104.55	153.91	130.561605
6.017521	0.4	12.	183.1	47.32	134.826741
4.955776	0.4	12.	195.16	65.318509	134.08
5.063958	0.4	12.	216.91372	54.52	134.08
4.598471	0.4	12.	245.188192	142.14	134.08
5.841368	0.4	12.	198.74	73.48	125.813243
4.478088	0.4	12.	205.59	63.67	132.899174
5.176676	0.4	12.	205.26	81.427141	130.59
5.106218	0.4	12.	252.52	100.763149	130.59
4.618029	0.4	12.	250.56	123.844289	130.59
5.181082	0.4	12.	262.609867	123.5	130.59
4.71599	0.4	12.	118.452457	134.62	130.59
5.112339	0.4	12.	104.87	135.27	133.147664
4.565189	0.4	12.	99.01	122.85	130.825316
4.480194	0.4	12.	104.22	114.02	127.216957
4.921245	0.4	12.	112.625765	122.19	130.59
4.98117	0.4	12.	234.59	69.073672	127.26
5.397211	0.4	12.	247.96	53.21	127.185418
5.542436	0.4	12.	172.01	127.1	128.426587
4.629757	0.4	12.	194.83	97.156176	129.08
4.461628	0.4	12.	207.22	55.406647	129.08
5.623731	0.4	12.	204.777529	45.36	129.08
5.15544	0.4	12.	173.97	41.849877	129.08
5.530635	0.4	12.	172.34	54.508384	128.24
4.481029	0.4	12.	158.	152.958162	128.24
5.303534	0.4	12.	138.12	167.64	125.122426
4.438521	0.4	12.	144.667453	159.79	128.24
4.427697	0.4	12.	139.75	152.061716	128.24
5.529072	0.4	12.	128.67	155.87	123.058926
5.173172	0.4	12.	137.47	141.938127	128.24
4.999959	0.4	12.	125.985057	146.39	128.24
4.675985	0.4	12.	124.76	132.	123.807465
4.6405	0.4	12.	137.047235	106.17	128.24
6.913183	0.4	12.	83.538972	134.94	128.24
6.069459	0.4	12.	88.58	119.442079	128.24
4.405684	0.4	12.	96.915477	131.67	128.24
4.374816	0.4	12.	111.39	142.14	129.252785
4.968508	0.4	12.	203.3	131.02	131.952677
4.585622	0.4	12.	251.54	114.448204	128.24
6.598672	0.4	12.	219.6	63.67	123.073546
4.714287	0.4	12.	187.426777	71.84	128.24
5.667105	0.4	12.	209.788557	118.27	128.24
5.682719	0.4	12.	213.73	106.737141	128.24
5.570015	0.4	12.	241.44	112.615106	128.24
10.300406	0.4	12.	260.99	62.627382	128.24
4.846745	0.4	12.	228.419629	55.82	128.24
6.06747	0.4	12.	195.16	85.25	125.469601
6.714572	0.4	12.	211.78	94.214993	128.24
5.112941	0.4	12.	184.300686	61.38	128.24
4.413302	0.4	12.	146.92	102.171763	128.24
5.023371	0.4	12.	160.28	90.15	128.338909
6.338791	0.4	12.	124.940514	121.21	128.24
4.921601	0.4	12.	117.58	100.61	125.563061
4.600719	0.4	12.	123.13	92.318714	128.24
6.647876	0.4	12.	105.036142	102.9	128.24
4.927643	0.4	12.	139.691185	127.75	124.61
5.619111	0.4	12.	148.080953	144.1	124.61
5.058922	0.4	12.	146.27	83.94	127.543405
4.848593	0.4	12.	151.81	95.38	122.303689
6.099337	0.4	12.	134.136818	92.77	124.61
5.567648	0.4	12.	127.36	109.398095	124.61
4.92508	0.4	12.	161.795499	71.52	124.61
5.532863	0.4	12.	192.304462	54.84	124.61
4.429761	0.4	12.	222.21	50.27	121.776137
4.664099	0.4	12.	221.23	136.418286	124.61
4.377117	0.4	12.	230.68	140.83	123.089804
5.724967	0.4	12.	239.16	127.804002	124.61
4.42373	0.4	12.	246.742687	134.62	124.61
5.352639	0.4	12.	262.646924	118.92	121.05
4.915467	0.4	12.	262.223165	131.35	121.05
4.448764	0.4	12.	254.8	144.49303	121.05
5.143832	0.4	12.	219.27	125.14	117.773983
5.099349	0.4	12.	220.9	114.511028	121.05
4.614973	0.4	12.	208.740553	128.73	121.05
5.712769	0.4	12.	234.27	82.564057	121.05
5.274134	0.4	12.	226.636895	92.44	121.05
4.384193	0.4	12.	184.294655	121.21	117.11
4.557339	0.4	12.	183.105814	107.81	117.11
5.423637	0.4	12.	171.69	100.746851	117.11
6.878915	0.4	12.	183.75	98.	123.499769
6.115185	0.4	12.	165.147827	87.86	117.11
5.439492	0.4	12.	147.9	112.38	120.903909
5.016137	0.4	12.	132.920192	115.	117.11
6.976613	0.4	12.	160.28	136.825001	117.11
5.354653	0.4	12.	155.07	111.4	112.684853
5.490233	0.4	12.	159.63	103.56	119.306869
5.296302	0.4	12.	243.72	150.183391	117.11
4.909408	0.4	12.	226.89999	148.02	117.11
4.46552	0.4	12.	258.06	81.98	118.032746
5.153029	0.4	12.	277.886474	110.42	117.11
4.970697	0.4	12.	261.427208	92.77	117.11
4.486166	0.4	12.	251.87	75.084463	117.11
4.467284	0.4	12.	263.93	103.88	121.262024
5.141641	0.4	12.	269.242752	85.58	117.11
6.64487	0.4	12.	274.054988	98.65	117.11
5.242258	0.4	12.	251.87	63.67	114.019162
4.814646	0.4	12.	240.813875	73.48	117.11
5.901896	0.4	12.	246.98	88.32091	117.11
5.912978	0.4	12.	238.771549	97.35	117.11
4.911954	0.4	12.	228.07	108.233878	117.11
5.121145	0.4	12.	236.378868	119.9	117.11
4.397199	0.4	12.	229.38	129.193909	117.11
5.388541	0.4	12.	216.656013	98.65	117.11
6.543696	0.4	12.	219.035063	76.42	117.11
5.098666	0.4	12.	204.61	98.	113.145345
5.006226	0.4	12.	191.57	115.98	120.294868
4.626568	0.4	12.	192.22	106.5	118.699507
4.425776	0.4	12.	201.02	109.44	119.086444
4.790312	0.4	12.	198.835672	121.87	117.11
6.86846	0.4	12.	180.81	82.96	116.414974
5.984505	0.4	12.	125.800641	79.36	117.11
4.651324	0.4	12.	119.87	90.15	113.374363
6.076885	0.4	12.	152.46	78.38	117.444124
5.01939	0.4	12.	179.765261	52.88	117.11
8.49144	0.4	12.	194.5	41.568921	117.11
4.924474	0.4	12.	196.79	132.65	116.987365
5.072228	0.4	12.	188.104519	149.66	117.11
4.506201	0.4	12.	223.84	158.48	118.817056
5.509303	0.4	12.	213.886798	164.7	115.44
4.729744	0.4	12.	249.26	127.1	115.402758
5.567912	0.4	12.	254.623048	102.25	115.44
5.087305	0.4	12.	204.718196	66.29	115.44
4.916494	0.4	12.	197.307944	76.09	115.44
5.957188	0.4	12.	175.93	68.57	120.815089
4.7774	0.4	12.	166.15	66.358072	115.44
6.960445	0.4	12.	172.604659	114.35	115.44
7.086788	0.4	12.	200.04	160.368269	115.44
6.150968	0.4	12.	188.31	164.37	110.687243
5.286952	0.4	12.	177.56	164.357453	115.44
4.679627	0.4	12.	183.75	131.67	119.740459
6.062095	0.4	12.	199.07	144.42	112.551277
4.562422	0.4	12.	215.04	135.853344	115.44
6.286998	0.4	12.	153.382612	123.17	115.44
4.42229	0.4	12.	110.74	124.137805	114.53
4.535709	0.4	12.	114.294341	114.02	114.53
5.154986	0.4	12.	102.488972	114.02	114.53
4.448321	0.4	12.	100.972855	126.12	114.53
5.154877	0.4	12.	107.48	140.074243	114.53
5.183536	0.4	12.	119.54	136.25	116.11853
5.169082	0.4	12.	140.73	106.581832	114.53
6.454534	0.4	12.	114.65	151.62	115.316829
6.683187	0.4	12.	124.018282	166.	114.53
5.133017	0.4	12.	96.73	154.125211	114.53
4.925437	0.4	12.	96.73	143.833547	113.63
8.009599	0.4	12.	77.82	145.264297	113.63
5.249431	0.4	12.	166.494997	126.12	113.63
4.649723	0.4	12.	176.58	128.4	110.346557
6.6778	0.4	12.	191.24	91.52948	113.63
4.55089	0.4	12.	207.592641	76.42	113.63
4.638061	0.4	12.	200.445725	54.19	113.63
4.539483	0.4	12.	207.22	46.34	111.465149
4.727424	0.4	12.	213.08	53.965273	113.63
6.260882	0.4	12.	242.701497	108.13	112.79
4.907695	0.4	12.	250.89	116.96	113.576939
5.705481	0.4	12.	158.	148.02	108.858481
4.949945	0.4	12.	154.41	154.23	117.716987
4.701131	0.4	12.	141.38	151.787131	112.79
5.221696	0.4	12.	138.77	161.1	116.473267
8.185668	0.4	12.	135.84	175.247116	112.79
4.995326	0.4	12.	126.38	153.25	108.810323
6.521739	0.4	12.	130.351999	131.35	112.79
5.501309	0.4	12.	114.	105.85	107.494885
4.589347	0.4	12.	125.41	98.	113.234493
5.236136	0.4	12.	91.84	131.35	116.526609
5.593435	0.4	12.	81.273835	131.35	112.79
4.680745	0.4	12.	174.3	51.17093	106.88
4.933096	0.4	12.	147.24	103.130319	106.88
6.086667	0.4	12.	155.07	95.71	109.94161
4.934952	0.4	12.	142.03	94.08	108.484662
4.639347	0.4	12.	136.81	81.493605	106.88
4.590158	0.4	12.	133.56	95.06	102.790279
4.992157	0.4	12.	159.3	68.160297	106.88
7.761652	0.4	12.	145.29	67.75857	106.88
4.800409	0.4	12.	132.58	109.349268	106.88
5.697189	0.4	12.	189.513269	57.46	106.88
4.804769	0.4	12.	197.44	69.519642	106.88
4.80973	0.4	12.	194.5	78.38	102.484387
5.658731	0.4	12.	207.245803	59.42	106.88
5.339675	0.4	12.	215.04	70.418437	106.88
8.167392	0.4	12.	227.418836	48.96	106.88
4.984582	0.4	12.	247.3	55.5	96.778005
5.577456	0.4	12.	231.66	87.21	107.366534
5.107787	0.4	12.	209.17	83.886006	103.47
6.837491	0.4	12.	216.144495	120.23	103.47
5.240281	0.4	12.	233.62	139.52	106.64756
4.530345	0.4	12.	251.54	133.31	107.76259
5.340732	0.4	12.	258.033369	120.23	103.47
4.901634	0.4	12.	261.736497	130.69	103.47
5.73462	0.4	12.	140.4	145.41	103.666133
7.980121	0.4	12.	180.81	142.202265	103.47
4.567688	0.4	12.	166.468489	153.58	102.34
4.50677	0.4	12.	146.378595	166.98	101.5
5.29688	0.4	12.	137.47	119.58	106.165095
6.171547	0.4	12.	165.5	139.85	99.483635
4.995914	0.4	12.	228.4	146.812977	101.5
4.568704	0.4	12.	242.086535	148.02	101.5
5.271308	0.4	12.	188.313706	122.85	101.5
4.521132	0.4	12.	183.42	113.04	99.623828
4.58545	0.4	12.	171.04	102.9	105.855976
4.82325	0.4	12.	173.32	87.54	103.655739
4.755077	0.4	12.	160.505984	88.52	101.5
4.627188	0.4	12.	158.98	109.952664	101.5
4.854721	0.4	12.	117.58	120.671426	101.5
4.745689	0.4	12.	218.62	77.4	99.83022
5.881288	0.4	12.	259.36	83.29	100.207517
4.535336	0.4	12.	158.	133.31	105.10272
5.278969	0.4	12.	147.57	136.395353	101.5
5.183382	0.4	12.	181.47	101.6	97.869052
4.504629	0.4	12.	203.63	129.931178	101.5
6.995659	0.4	12.	211.622114	155.54	101.5
5.084596	0.4	12.	223.51	159.968574	101.5
4.396835	0.4	12.	232.96	155.54	97.723398
4.732135	0.4	12.	241.44	131.35	97.257258
7.756221	0.4	12.	233.818034	120.23	101.5
5.100145	0.4	12.	226.45	132.202192	101.5
6.052163	0.4	12.	260.99	109.328124	101.5
4.823503	0.4	12.	269.591897	116.96	101.5
6.809667	0.4	12.	270.056697	99.96	101.5
6.890269	0.4	12.	272.73	82.63	104.656751
4.590511	0.4	12.	260.34	71.720432	101.5
5.314171	0.4	12.	247.96	73.48	105.565374
7.207275	0.4	12.	246.98	88.540201	101.5
4.517437	0.4	12.	228.73	65.3	104.336859
4.695329	0.4	12.	234.871361	73.81	101.5
6.726803	0.4	12.	233.62	100.425908	101.5
4.713534	0.4	12.	225.47	108.785392	101.5
5.553599	0.4	12.	219.428627	93.09	101.5
4.466775	0.4	12.	214.39	103.922391	101.5
5.184598	0.4	12.	205.650937	96.04	101.5
5.037337	0.4	12.	193.2	109.230866	101.5
4.374342	0.4	12.	201.35	117.94	105.350241
5.190153	0.4	12.	204.93	108.150237	101.5
5.027842	0.4	12.	189.29	152.93	105.741222
4.556255	0.4	12.	191.9	135.27	98.370098
5.932201	0.4	12.	180.49	79.69	97.706456
6.6539	0.4	12.	150.169621	83.61	101.5
4.677485	0.4	12.	187.01	68.73326	101.5
4.979653	0.4	12.	144.31	126.77	97.491222
5.039378	0.4	12.	134.86	135.586647	101.5
4.434857	0.4	12.	126.06	115.303811	101.5
5.11477	0.4	12.	127.69	142.46	106.157608
4.71276	0.4	12.	114.65	96.983381	101.5
5.85764	0.4	12.	128.01	86.23	101.373389
4.995125	0.4	12.	243.07	65.96	96.783858
6.811086	0.4	12.	261.97	58.733272	101.5
5.679744	0.4	12.	201.02	183.659901	101.5
4.616546	0.4	12.	202.65	168.823323	101.5
5.20985	0.4	12.	160.61	166.66	101.590459
4.877396	0.4	12.	171.215411	173.85	101.5
5.287062	0.4	12.	187.99	175.202728	101.5
4.6713	0.4	12.	152.79	176.14	101.286159
4.919583	0.4	12.	250.56	142.46	97.443434
4.490907	0.4	12.	139.42	112.06	97.542313
4.486623	0.4	12.	109.11	137.89	100.242315
6.457917	0.4	12.	94.44	138.44057	98.55
6.361899	0.4	12.	77.17	138.87	94.756706
5.298548	0.4	12.	93.831796	124.48	98.55
5.592431	0.4	12.	104.55	122.85	101.944903
5.263201	0.4	12.	177.88	125.245171	98.55
4.409676	0.4	12.	203.607092	76.75	98.55
5.263382	0.4	12.	180.16	91.46	95.486166
4.581528	0.4	12.	164.666901	97.02	98.55
4.974996	0.4	12.	171.04	111.980523	98.55
6.418269	0.4	12.	206.56	48.218567	98.55
5.164938	0.4	12.	205.26	67.27	93.894627
4.56004	0.4	12.	248.724815	100.94	98.55
4.719333	0.4	12.	193.2	145.095956	98.55
6.424436	0.4	12.	198.09	155.759451	98.55
6.602929	0.4	12.	179.031078	156.52	98.55
4.810072	0.4	12.	214.39	169.382467	98.55
4.385824	0.4	12.	222.21	150.31	94.624657
7.425521	0.4	12.	122.47	133.879302	97.72
5.657835	0.4	12.	130.62	154.473105	97.72
5.548237	0.4	12.	128.34	165.02	94.304898
6.632326	0.4	12.	137.79	175.019799	97.72
4.754359	0.4	12.	140.73	156.19	100.589243
5.044442	0.4	12.	155.198008	149.66	97.72
5.204585	0.4	12.	127.04	98.98	94.260541
4.697646	0.4	12.	116.564232	108.13	95.82
5.016014	0.4	12.	84.041198	126.44	95.82
4.598635	0.4	12.	117.91	155.0197	95.82
4.933571	0.4	12.	150.18	108.861634	95.82
4.941127	0.4	12.	163.54	126.008651	95.82
5.717294	0.4	12.	170.06	74.282533	95.82
5.09963	0.4	12.	214.71	132.602114	95.82
4.727618	0.4	12.	241.11	109.44	99.731266
5.308439	0.4	12.	249.26	119.029742	95.82
6.635018	0.4	12.	191.57	95.368473	95.82
5.117553	0.4	12.	153.44	122.52	93.629304
5.360971	0.4	12.	107.762405	113.69	95.82
4.613611	0.4	12.	188.64	165.35	94.958847
4.453345	0.4	12.	165.82	64.65	100.205545
6.248404	0.4	12.	235.9	55.82	93.164671
4.862362	0.4	12.	181.256399	124.48	86.13
5.442111	0.4	12.	183.42	114.02	89.192791
6.330269	0.4	12.	181.14	102.870712	86.13
5.147958	0.4	12.	163.21	112.38	87.652637
5.101814	0.4	12.	168.1	135.92	85.397783
4.382443	0.4	12.	156.7	131.67	85.406235
5.49508	0.4	12.	147.248207	137.56	86.13
4.70109	0.4	12.	172.208191	87.21	86.13
5.946439	0.4	12.	163.87	94.727666	86.13
4.551568	0.4	12.	147.880822	98.	86.13
7.024577	0.4	12.	153.888981	76.75	86.13
7.270869	0.4	12.	164.19	66.771021	86.13
7.394848	0.4	12.	135.51	78.690816	86.13
4.670057	0.4	12.	133.335142	104.21	86.13
4.497292	0.4	12.	219.93	74.866441	86.13
4.453854	0.4	12.	213.73	62.69	87.318389
4.81132	0.4	12.	230.03	82.118383	86.13
6.078052	0.4	12.	261.545292	85.25	86.13
4.947001	0.4	12.	258.71	74.55877	86.13
8.999964	0.4	12.	268.759398	104.21	86.13
4.483458	0.4	12.	222.53	113.956023	86.13
4.852	0.4	12.	206.56	129.31032	86.13
4.438651	0.4	12.	241.76	134.29	82.640421
5.024398	0.4	12.	245.922335	143.77	86.13
5.866242	0.4	12.	226.637176	142.79	86.13
6.370664	0.4	12.	265.353369	136.58	86.13
5.129769	0.4	12.	238.5	154.050233	86.13
5.734366	0.4	12.	219.6	159.554507	86.13
4.497091	0.4	12.	229.160277	165.35	86.13
4.520435	0.4	12.	205.91	170.25	89.747501
7.438552	0.4	12.	201.02	182.008292	86.13
5.182774	0.4	12.	210.47	151.29	86.710333
4.924407	0.4	12.	173.64	156.19	78.777292
4.924548	0.4	12.	152.13	152.632541	82.57
6.516256	0.4	12.	138.44	154.086608	82.57
5.638965	0.4	12.	138.77	175.288757	82.57
5.21179	0.4	12.	202.816133	77.4	82.57
4.576212	0.4	12.	192.55	86.56	85.619469
5.08516	0.4	12.	195.81	58.44	80.682843
5.27028	0.4	12.	206.56	57.46	83.096344
4.657882	0.4	12.	118.56	115.33	86.569317
4.631912	0.4	12.	137.79	95.38	90.227085
5.187585	0.4	12.	194.83	69.439438	86.96
7.848094	0.4	12.	179.51	145.660262	86.96
5.367705	0.4	12.	250.32198	131.35	86.96
5.710532	0.4	12.	261.32	125.79	92.301269
4.471399	0.4	12.	213.41	122.576866	86.96
5.629291	0.4	12.	103.709803	149.	86.96
4.629262	0.4	12.	146.92	88.236236	86.96
4.904985	0.4	12.	206.56	86.795433	86.96
9.417918	0.4	12.	177.23	52.990538	86.96
6.179723	0.4	12.	223.51	55.82	91.162762
6.559753	0.4	12.	97.7	133.303587	86.96
5.076443	0.4	12.	120.19	124.81	81.15943
5.370874	0.4	12.	136.16	134.461923	84.31
4.650383	0.4	12.	128.01	145.780765	84.31
6.083959	0.4	12.	223.84	102.440469	84.31
4.935846	0.4	12.	234.92	91.13	81.330545
5.817514	0.4	12.	248.93	69.55	85.467986
4.69004	0.4	12.	263.305335	117.29	84.31
5.111384	0.4	12.	250.009538	110.1	84.31
5.79644	0.4	12.	226.12	65.782227	84.31
6.382155	0.4	12.	220.240784	88.19	84.31
4.601278	0.4	12.	213.08	104.299252	84.31
5.355596	0.4	12.	202.98	97.67	80.80839
4.576737	0.4	12.	197.44	119.71039	84.31
6.235449	0.4	12.	197.76	108.79	82.697645
5.560903	0.4	12.	237.072012	124.48	84.31
4.522084	0.4	12.	235.25	113.69	87.943797
5.941746	0.4	12.	239.81	79.36	80.480674
4.47852	0.4	12.	274.780264	91.79	84.31
5.332438	0.4	12.	222.86	132.33	87.721341
4.516405	0.4	12.	203.63	144.148219	84.31
5.561982	0.4	12.	193.2	129.949674	84.31
5.559177	0.4	12.	184.579508	177.12	84.31
6.297625	0.4	12.	169.73	169.969567	84.31
4.763203	0.4	12.	154.41	162.396903	84.31
4.61509	0.4	12.	150.5	179.54206	84.31
4.830504	0.4	12.	177.56	186.93	82.26055
5.544293	0.4	12.	164.84	188.24	86.786986
5.236969	0.4	12.	243.234655	99.31	76.51
5.77722	0.4	12.	231.99	101.92	73.018664
4.422741	0.4	12.	255.633788	99.63	76.51
6.096076	0.4	12.	188.659011	81.	76.51
6.053892	0.4	12.	177.56	95.38	74.875906
4.374863	0.4	12.	167.155151	103.23	76.51
6.113572	0.4	12.	138.12	111.73	77.518611
4.94766	0.4	12.	154.09	122.19	72.435944
6.209137	0.4	12.	168.531415	123.83	76.51
7.869382	0.4	12.	111.07	136.58	82.604568
4.638873	0.4	12.	97.05	143.896578	76.51
7.385654	0.4	12.	100.31	120.23	80.162405
7.5146	0.4	12.	75.54	149.212501	76.51
5.050738	0.4	12.	75.21	132.508168	76.51
6.354487	0.4	12.	86.95	124.48	76.444059
5.955766	0.4	12.	88.9	136.814265	76.51
5.016429	0.4	12.	100.64	165.974283	76.51
8.833887	0.4	12.	75.87	167.31	83.522445
6.747728	0.4	12.	130.3	165.157554	76.51
5.055515	0.4	12.	149.2	112.71	71.512689
4.511114	0.4	12.	153.44	105.667592	76.51
5.553431	0.4	12.	118.56	102.776701	76.51
4.999103	0.4	12.	128.01	116.96	73.586577
4.374901	0.4	12.	133.88	124.641032	76.51
5.612937	0.4	12.	176.882143	75.77	76.51
5.611661	0.4	12.	189.29	102.048895	76.51
5.48928	0.4	12.	212.1	70.21	77.493217
4.556863	0.4	12.	264.9	91.79	76.964056
5.636691	0.4	12.	272.832516	119.25	76.51
4.553105	0.4	12.	245.68	120.89	72.485344
4.375206	0.4	12.	241.76	113.839497	76.51
5.397102	0.4	12.	218.95	146.525794	76.51
4.914271	0.4	12.	215.36	135.92	76.308631
4.474774	0.4	12.	201.35	164.360338	76.51
6.367708	0.4	12.	197.76	155.21	82.642992
6.568465	0.4	12.	192.22	144.555401	76.51
5.426957	0.4	12.	185.866955	166.98	76.51
4.388042	0.4	12.	185.7	153.542141	76.51
5.013338	0.4	12.	174.62	177.45	76.141342
6.772342	0.4	12.	158.960159	179.08	76.51
4.460567	0.4	12.	128.836055	135.27	76.51
4.550598	0.4	12.	120.52	159.071196	76.51
5.99788	0.4	12.	116.61	148.68	77.509889
5.995966	0.4	12.	119.305077	175.81	76.51
5.159338	0.4	12.	89.55	155.892602	76.51
4.691821	0.4	12.	250.116481	92.11	76.51
5.097154	0.4	12.	164.910763	86.56	70.6
5.352422	0.4	12.	152.79	91.123467	70.6
4.609646	0.4	12.	134.21	101.6	75.122249
4.630074	0.4	12.	156.764754	81.	70.6
4.665865	0.4	12.	142.36	102.043467	70.6
4.947949	0.4	12.	177.88	105.52	70.387788
5.071	0.4	12.	174.95	115.33	68.681366
4.813319	0.4	12.	219.93	116.31	73.276498
5.681117	0.4	12.	206.56	129.212069	70.6
4.58336	0.4	12.	219.6	79.10712	70.6
5.483152	0.4	12.	216.02	56.872782	70.6
5.102857	0.4	12.	252.83532	83.94	70.6
4.637207	0.4	12.	262.62	82.31	66.980134
5.491161	0.4	12.	262.95	107.48	70.605364
5.03159	0.4	12.	183.75	123.83	71.491323
5.997223	0.4	12.	172.805827	135.27	70.6
5.561985	0.4	12.	160.08857	131.35	70.6
4.881291	0.4	12.	148.22	138.21	68.922327
6.56125	0.4	12.	163.21	153.21541	70.6
4.783204	0.4	12.	139.271846	154.89	70.6
6.630165	0.4	12.	232.159465	139.52	68.55
4.701754	0.4	12.	243.72	137.381135	68.55
5.842548	0.4	12.	257.73	138.54	67.595981
5.110142	0.4	12.	258.71	125.108795	68.55
4.753278	0.4	12.	249.59	145.08	73.197336
5.689824	0.4	12.	241.76	152.27	70.834495
4.440145	0.4	12.	208.19	157.5	66.91757
5.079113	0.4	12.	210.15	145.654922	68.55
4.766595	0.4	12.	217.97	154.232759	68.55
4.573426	0.4	12.	225.14	169.13885	68.55
4.803497	0.4	12.	215.59176	167.64	68.55
4.477253	0.4	12.	212.76	176.483402	68.55
5.570196	0.4	12.	203.87402	170.58	68.55
5.758004	0.4	12.	199.07	181.629455	68.55
4.394768	0.4	12.	172.34	188.89	66.437689
5.110075	0.4	12.	162.56	189.22	65.515389
5.115871	0.4	12.	150.873483	162.73	68.55
5.011235	0.4	12.	117.082012	115.	68.55
4.440552	0.4	12.	119.653891	124.48	68.55
4.7256	0.4	12.	107.060385	128.08	68.55
6.036786	0.4	12.	96.4	130.907652	68.55
4.834516	0.4	12.	233.441108	88.52	68.55
7.788287	0.4	12.	233.055334	124.81	68.55
4.845498	0.4	12.	199.39	96.36	67.01034
5.131825	0.4	12.	197.76	77.4	62.538494
4.577763	0.4	12.	196.13	62.36	63.19258
4.494195	0.4	12.	235.57	74.79	64.879357
6.193757	0.4	12.	216.67	104.86	67.477468
4.514425	0.4	12.	172.745438	156.19	64.24
5.501365	0.4	12.	195.48	105.798677	64.24
5.719299	0.4	12.	215.36	91.327391	64.24
6.353597	0.4	12.	195.16	123.4263	64.24
4.802802	0.4	12.	185.05	138.54	66.231304
5.335648	0.4	12.	199.72	142.54139	64.24
5.453912	0.4	12.	233.625074	158.16	64.24
5.11962	0.4	12.	142.55479	170.58	64.24
4.862325	0.4	12.	129.033647	152.93	64.24
5.845132	0.4	12.	152.79	147.340355	64.24
5.750211	0.4	12.	166.47	165.101767	64.24
6.64254	0.4	12.	151.16	183.	65.815341
4.584184	0.4	12.	198.42	171.632262	59.31
4.80992	0.4	12.	189.135844	168.95	59.31
4.756073	0.4	12.	142.36	179.41	58.829169
4.511299	0.4	12.	126.38	182.68	63.360122
4.622696	0.4	12.	117.58	178.43	61.850212
6.35026	0.4	12.	117.58	165.02	64.955945
4.742885	0.4	12.	103.24	165.174635	60.15
5.240096	0.4	12.	92.49	177.68612	60.15
4.578841	0.4	12.	82.131742	161.1	60.15
6.341317	0.4	12.	79.45	180.17791	60.15
4.676399	0.4	12.	73.58	167.57683	60.15
9.178927	0.4	12.	63.376903	157.5	60.15
7.131182	0.4	12.	75.87	146.71	61.855187
8.128044	0.4	12.	74.89	130.234737	60.15
5.013971	0.4	12.	159.369838	120.89	60.15
4.487611	0.4	12.	135.094261	112.06	60.15
6.354238	0.4	12.	185.05	97.35	64.051273
4.509974	0.4	12.	178.86	92.11	56.725769
4.882922	0.4	12.	211.45	67.280087	60.15
4.914339	0.4	12.	242.42	103.23	63.813571
5.237277	0.4	12.	225.79	98.074245	60.15
5.508337	0.4	12.	134.358802	144.1	60.15
6.942694	0.4	12.	114.65	138.54	66.340946
5.423686	0.4	12.	95.1	146.675761	60.15
6.113775	0.4	12.	87.27	135.6	55.024835
6.156204	0.4	12.	90.86	123.449569	60.15
4.617507	0.4	12.	159.322646	109.12	60.15
4.509575	0.4	12.	185.38	85.705636	58.63
6.11028	0.4	12.	211.48469	80.67	58.63
5.309784	0.4	12.	163.261108	99.63	58.63
4.632633	0.4	12.	150.483406	114.35	58.63
4.710236	0.4	12.	141.7	121.54	61.884651
5.465312	0.4	12.	127.985603	124.48	58.63
6.686467	0.4	12.	116.706653	105.19	58.63
6.245073	0.4	12.	256.183375	99.96	58.63
5.189751	0.4	12.	244.05	127.42	60.991943
4.658712	0.4	12.	183.1	176.79	62.932004
4.373822	0.4	12.	137.728542	162.73	58.63
6.513518	0.4	12.	116.93	149.368271	58.63
4.842929	0.4	12.	225.02321	147.04	58.63
5.81326	0.4	12.	220.9	132.98	61.644585
5.844881	0.4	12.	177.23	72.82	61.490294
4.97082	0.4	12.	170.06	77.73	54.070162
4.762478	0.4	12.	179.84	107.326275	53.86
5.101411	0.4	12.	169.08	91.13	52.374155
5.166169	0.4	12.	151.81	95.115593	53.86
4.950441	0.4	12.	145.29	103.23	53.198118
5.390175	0.4	12.	148.625501	138.87	53.86
5.182626	0.4	12.	167.482215	148.68	53.86
5.282527	0.4	12.	144.64	158.16	50.591374
4.584265	0.4	12.	143.01	148.716802	53.86
4.533984	0.4	12.	195.253093	161.43	53.86
5.985672	0.4	12.	160.28	86.23	58.500792
5.523489	0.4	12.	257.389869	87.54	53.86
6.402543	0.4	12.	238.83	95.06	53.663336
5.426499	0.4	12.	262.072245	113.37	53.86
4.844444	0.4	12.	223.19	112.71	58.150278
5.574247	0.4	12.	171.69	122.85	55.057907
4.379674	0.4	12.	258.289339	135.6	53.02
5.99679	0.4	12.	244.37	140.83	56.566595
5.223546	0.4	12.	231.33	139.52	53.391151
5.056809	0.4	12.	239.81	134.62	48.175258
4.925886	0.4	12.	212.76	149.874566	53.02
6.139269	0.4	12.	226.45	170.58	48.410432
4.846636	0.4	12.	216.34	174.942042	53.02
4.773398	0.4	12.	181.79	119.9	51.974859
5.51823	0.4	12.	166.47	132.70775	53.02
5.298453	0.4	12.	121.49293	115.33	53.02
5.342015	0.4	12.	110.662484	117.62	53.02
5.70975	0.4	12.	113.67	128.4	52.141016
5.484866	0.4	12.	115.63	166.013474	53.02
6.141245	0.4	12.	95.551689	157.83	53.02
7.009607	0.4	12.	135.51	189.136691	53.02
5.21402	0.4	12.	131.27	176.47	53.955962
4.655767	0.4	12.	122.15	191.537011	53.02
6.00203	0.4	12.	177.23	194.701335	53.02
5.041085	0.4	12.	164.52	192.883443	53.02
5.962423	0.4	12.	199.07	180.771644	53.02
4.802198	0.4	12.	204.61	169.27	51.578093
4.533816	0.4	12.	212.43	166.33	56.136942
4.394558	0.4	12.	241.44	155.87	52.430939
4.380324	0.4	12.	254.099243	146.39	53.02
4.52545	0.4	12.	236.55	148.359045	53.02
6.492488	0.4	12.	265.391382	127.1	53.02
4.609428	0.4	12.	252.92456	127.75	53.02
5.022742	0.4	12.	233.62	129.06	56.151328
6.058276	0.4	12.	238.83	118.92	52.597619
4.943198	0.4	12.	223.84	72.17	51.331829
5.580891	0.4	12.	133.23	101.6	52.902336
5.015891	0.4	12.	158.33	153.91	57.445668
4.981346	0.4	12.	207.54	158.48	52.438357
6.365642	0.4	12.	222.53	159.376347	53.02
4.773168	0.4	12.	203.502085	113.37	53.02
5.757416	0.4	12.	206.89	124.48	54.69429
5.095995	0.4	12.	218.3	125.375905	53.02
6.808488	0.4	12.	208.52	139.19	50.577872
4.521443	0.4	12.	193.2	150.96	48.733195
5.304494	0.4	12.	183.42	155.867365	53.02
4.803458	0.4	12.	175.93	167.96	49.390399
4.653151	0.4	12.	170.39	184.757505	53.02
7.082173	0.4	12.	152.13	168.147222	53.02
4.633099	0.4	12.	124.43	132.363391	53.02
4.83396	0.4	12.	105.2	148.690277	53.02
7.442774	0.4	12.	99.98	130.866681	53.02
5.015391	0.4	12.	226.12	89.83	53.544067
4.420142	0.4	12.	239.747434	84.27	53.02
5.20667	0.4	12.	249.91	112.71	52.594969
7.989866	0.4	12.	248.61	73.624703	53.02
4.432342	0.4	12.	197.289109	75.44	46.13
4.897065	0.4	12.	216.67	106.17	42.557536
5.591819	0.4	12.	234.27	112.38	42.614248
4.429347	0.4	12.	197.76	107.48	44.156997
5.225988	0.4	12.	190.27	127.387754	46.13
6.170514	0.4	12.	166.569944	159.46	46.13
4.379475	0.4	12.	162.89	173.52	45.419407
5.511381	0.4	12.	154.09	184.234603	46.13
7.230109	0.4	12.	180.81	140.17	47.605593
6.027348	0.4	12.	194.18	136.91	51.829604
5.50991	0.4	12.	210.8	97.02	45.904354
4.984754	0.4	12.	193.913384	97.67	44.31
4.436718	0.4	12.	186.36	104.421408	44.31
5.218176	0.4	12.	180.49	95.71	45.54385
4.651079	0.4	12.	227.931463	100.94	44.31
5.638829	0.4	12.	240.13	102.766868	44.31
4.643006	0.4	12.	159.96	123.072748	44.31
7.113006	0.4	12.	165.5	111.73	47.912778
4.396125	0.4	12.	172.01	101.6	45.545206
5.649211	0.4	12.	132.25	112.334315	44.31
5.208701	0.4	12.	163.8041	142.79	44.31
4.461641	0.4	12.	133.56	147.336927	44.31
5.414808	0.4	12.	142.68	171.56	43.689273
4.505253	0.4	12.	140.752507	182.68	44.31
4.808019	0.4	12.	231.66	155.54	47.691906
4.716981	0.4	12.	233.62	163.71	40.380122
5.249026	0.4	12.	214.39	69.88	45.395638
4.710469	0.4	12.	195.48	87.21	43.896322
5.850805	0.4	12.	234.92	76.452855	44.31
4.442303	0.4	12.	134.86	138.87	47.591091
5.091841	0.4	12.	93.47	124.15	42.362219
4.614739	0.4	12.	116.61	139.66238	44.31
9.112404	0.4	12.	93.14	145.009083	44.31
4.444183	0.4	12.	80.84844	138.21	44.31
5.236965	0.4	12.	72.500193	147.69	44.31
6.752114	0.4	12.	74.736037	159.79	44.31
7.92383	0.4	12.	74.89	175.253701	44.31
6.17078	0.4	12.	91.868812	171.23	44.31
6.065821	0.4	12.	106.10151	170.25	44.31
6.805658	0.4	12.	127.981793	162.41	44.31
5.367513	0.4	12.	224.359609	81.65	44.31
6.256572	0.4	12.	206.56	84.220275	44.31
4.834838	0.4	12.	221.56	149.98	40.575837
6.114399	0.4	12.	223.19	134.62	44.107147
6.013339	0.4	12.	254.15	102.25	44.047006
4.583762	0.4	12.	160.28	101.27	44.480921
4.98553	0.4	12.	152.79	114.02	43.309855
4.505762	0.4	12.	143.33	116.173966	39.92
4.722056	0.4	12.	143.01	129.06	43.412716
7.708048	0.4	12.	126.38	124.48	40.326296
4.582691	0.4	12.	183.42	174.5	43.932398
4.929401	0.4	12.	181.79	182.68	37.564409
4.598609	0.4	12.	185.38	163.06	39.925305
5.420132	0.4	12.	185.7	85.561732	39.92
5.193015	0.4	12.	173.97	84.27	36.558236
5.715876	0.4	12.	122.15	152.074097	39.92
6.413143	0.4	12.	145.94	161.636509	37.12
4.991846	0.4	12.	144.31	149.395082	37.12
5.190349	0.4	12.	169.08	149.	35.456792
6.004752	0.4	12.	156.106106	154.23	37.12
5.882356	0.4	12.	209.5	151.94	35.76121
5.17074	0.4	12.	204.61	161.43	32.578159
4.557244	0.4	12.	198.891369	169.93	37.12
4.865557	0.4	12.	195.16	178.818287	37.12
4.783426	0.4	12.	226.357404	169.27	37.12
5.405421	0.4	12.	215.221866	164.7	37.12
4.880367	0.4	12.	234.791229	153.91	37.12
5.267761	0.4	12.	244.37	149.920215	37.12
5.279932	0.4	12.	256.148125	146.39	37.12
4.606184	0.4	12.	249.601899	135.6	37.12
4.897003	0.4	12.	238.5	140.83	34.192591
5.238443	0.4	12.	247.96	126.12	34.333956
4.785987	0.4	12.	233.397175	132.	37.12
5.515333	0.4	12.	223.84	71.52	32.349291
5.067864	0.4	12.	201.598437	71.19	37.12
5.707003	0.4	12.	180.430553	75.44	37.12
6.589975	0.4	12.	153.136014	96.04	37.12
6.339817	0.4	12.	179.84	108.79	34.281596
4.392895	0.4	12.	175.6	128.061255	37.12
5.446925	0.4	12.	168.43	117.736148	37.12
5.434124	0.4	12.	142.319258	106.5	37.12
6.442473	0.4	12.	112.000921	120.56	37.12
5.410217	0.4	12.	121.17	109.780479	37.12
4.712134	0.4	12.	99.66	156.52	40.265403
4.509153	0.4	12.	89.959871	156.19	37.12
4.92675	0.4	12.	83.04	165.533669	37.12
5.2302	0.4	12.	175.27	192.542576	37.12
6.373956	0.4	12.	161.295233	192.49	37.12
5.293089	0.4	12.	176.58	173.52	32.599192
5.001129	0.4	12.	175.93	158.303036	37.12
6.328077	0.4	12.	263.6	115.129174	37.12
5.721138	0.4	12.	274.104425	123.5	37.12
7.766203	0.4	12.	261.97	131.669714	37.12
5.665334	0.4	12.	206.185191	181.04	37.12
4.920639	0.4	12.	248.28	115.33	37.324664
4.494319	0.4	12.	248.93	92.44	39.754789
4.930264	0.4	12.	234.334328	97.35	37.12
7.545473	0.4	12.	220.58	91.46	36.706545
4.494511	0.4	12.	237.85	123.539377	37.12
4.427943	0.4	12.	224.16	113.870012	37.12
6.318572	0.4	12.	217.914279	125.79	37.12
4.620676	0.4	12.	205.26	115.33	40.618113
6.127201	0.4	12.	198.730542	127.42	37.12
4.538969	0.4	12.	214.06	140.83	36.130136
4.758201	0.4	12.	203.63	143.12	34.531724
4.656559	0.4	12.	196.927062	154.23	37.12
6.016745	0.4	12.	186.36	147.877016	37.12
4.484129	0.4	12.	168.43	133.96	40.499426
4.996204	0.4	12.	150.18	131.96048	37.12
4.760891	0.4	12.	103.57	133.980709	37.12
6.014677	0.4	12.	108.46	147.04	31.536797
5.307021	0.4	12.	163.87	91.13	31.835692
4.415749	0.4	12.	131.6	177.12	39.322174
7.691741	0.4	12.	120.19	183.33	43.487405
5.11262	0.4	12.	127.04	189.87	32.610873
6.046171	0.4	12.	145.29	190.850936	37.12
4.453864	0.4	12.	237.53	88.52	38.659795
5.250885	0.4	12.	219.595808	106.83	30.15
7.467654	0.4	12.	202.961421	108.13	30.15
5.157236	0.4	12.	187.01	128.090699	30.15
5.314887	0.4	12.	162.409381	179.41	30.15
5.818273	0.4	12.	155.39	169.93	26.603819
4.656081	0.4	12.	218.275895	174.83	30.15
4.731937	0.4	12.	125.937808	136.25	30.15
5.19951	0.4	12.	194.651763	137.23	30.15
5.977984	0.4	12.	180.49	138.87	29.364517
5.4287	0.4	12.	191.778322	115.65	30.15
4.815056	0.4	12.	194.83	79.36	33.12458
7.120395	0.4	12.	88.58	134.29	31.727495
4.467566	0.4	12.	205.26	98.	24.034143
5.253354	0.4	12.	213.73	78.67396	26.82
5.397314	0.4	12.	189.62	103.243305	26.82
4.812839	0.4	12.	178.21	95.38	23.903444
5.247954	0.4	12.	194.920452	89.17	26.82
5.440508	0.4	12.	236.87	104.002262	26.82
5.56048	0.4	12.	236.258768	164.7	26.82
5.751062	0.4	12.	222.385616	156.52	26.82
4.674483	0.4	12.	151.81	148.905448	26.82
5.131675	0.4	12.	143.933271	170.25	26.82
5.905027	0.4	12.	150.228797	181.37	26.82
5.719256	0.4	12.	167.917699	163.71	26.82
5.603254	0.4	12.	156.04	124.776793	26.82
4.544654	0.4	12.	167.78	111.08	26.863824
6.41064	0.4	12.	130.321133	146.39	26.82
4.67163	0.4	12.	123.13	165.02	24.560172
6.649412	0.4	12.	133.88	112.371148	26.82
5.5727	0.4	12.	115.3	135.6	30.124388
4.785531	0.4	12.	94.44	142.14	23.145813
4.458155	0.4	12.	83.36	148.35	23.63576
5.891908	0.4	12.	96.07	170.45631	26.82
8.205809	0.4	12.	72.93	168.960962	26.82
6.108903	0.4	12.	157.67	108.308971	24.24
4.513409	0.4	12.	142.68	118.87486	24.24
4.444389	0.4	12.	135.51	133.542351	24.24
4.376289	0.4	12.	125.705457	126.12	24.24
5.612611	0.4	12.	117.91	151.779365	24.24
5.818749	0.4	12.	187.66	166.66	24.739957
4.635	0.4	12.	226.45	144.1	22.233979
4.427261	0.4	12.	184.4	182.823106	24.24
4.617195	0.4	12.	252.854021	133.96	19.24
7.075365	0.4	12.	249.59	145.41	19.630632
5.376667	0.4	12.	236.994336	150.64	19.24
5.183064	0.4	12.	231.99	97.399368	19.24
5.61029	0.4	12.	215.227607	97.35	19.24
6.595464	0.4	12.	223.84	84.27	23.554876
8.042718	0.4	12.	223.747729	130.04	19.24
7.696793	0.4	12.	256.946395	114.02	19.24
6.119994	0.4	12.	264.25	125.14	14.403639
4.49186	0.4	12.	212.76	149.66	23.532726
4.408594	0.4	12.	206.89	157.149202	19.24
4.899344	0.4	12.	219.22404	168.62	19.24
6.844134	0.4	12.	210.052818	180.72	19.24
6.029526	0.4	12.	201.02	166.66	15.283508
5.244539	0.4	12.	193.85	176.388622	19.24
5.227356	0.4	12.	178.53	156.52	17.537488
6.90086	0.4	12.	174.62	174.5	17.599369
4.554066	0.4	12.	175.6	185.95	16.721197
8.051998	0.4	12.	163.73306	191.18	19.24
4.853564	0.4	12.	162.56	153.58	17.610969
6.305748	0.4	12.	144.998189	157.5	19.24
5.132244	0.4	12.	173.706748	127.75	19.24
6.561983	0.4	12.	181.14	107.365747	19.24
4.408221	0.4	12.	174.3	118.92	24.4465
5.474638	0.4	12.	169.73	144.75	21.993783
5.648872	0.4	12.	209.489202	135.27	20.98
6.267161	0.4	12.	201.926921	125.46	20.98
4.394029	0.4	12.	211.898334	121.21	20.98
5.244521	0.4	12.	229.38	119.58	25.328315
6.173848	0.4	12.	239.48	135.92	22.134194
5.176817	0.4	12.	243.173608	121.54	20.98
5.328608	0.4	12.	169.41	84.589507	20.98
6.130753	0.4	12.	156.7	95.06	20.330304
5.86243	0.4	12.	143.98	102.155912	21.82
6.034721	0.4	12.	145.61	131.219255	21.82
6.790222	0.4	12.	162.24	136.25	28.364897
6.858339	0.4	12.	97.38	153.91	23.634063
5.277066	0.4	12.	107.48	147.04	17.208395
5.770877	0.4	12.	104.55	130.31907	21.82
5.527519	0.4	12.	87.967444	164.04	21.82
7.660408	0.4	12.	123.78	178.393349	22.65
5.197764	0.4	12.	131.93	162.08	21.093759
6.317076	0.4	12.	195.48	153.25	10.258442
6.118199	0.4	12.	187.01	131.928277	10.76
5.223359	0.4	12.	207.710114	110.42	10.76
4.480925	0.4	12.	222.21	111.122442	10.76
6.159933	0.4	12.	250.56	98.31921	10.76
4.643276	0.4	12.	253.563927	125.46	10.76
7.506046	0.4	12.	201.736266	97.02	10.76
9.628598	0.4	12.	202.641064	78.71	10.76
5.264107	0.4	12.	185.7	95.281117	10.76
4.965486	0.4	12.	187.66	118.92	3.948968
6.490273	0.4	12.	168.43	104.054619	7.42
6.521844	0.4	12.	153.44	112.937865	7.42
6.945452	0.4	12.	140.73	124.97845	7.42
6.908913	0.4	12.	139.42	143.12	10.88053
4.401763	0.4	12.	157.35	145.08	10.140172
4.382415	0.4	12.	151.16	168.046366	7.42
4.926217	0.4	12.	145.29	177.621869	7.42
6.087049	0.4	12.	168.76	161.1	2.081304
5.960425	0.4	12.	184.07	166.	12.810446
6.40398	0.4	12.	183.42	183.402834	7.42
4.59721	0.4	12.	220.25	154.23	11.52314
5.08933	0.4	12.	229.7	154.23	5.181104
4.406342	0.4	12.	222.86	145.08	11.749951
5.107565	0.4	12.	234.92	164.7	4.119795
4.982396	0.4	12.	120.52	158.16	11.052594
4.756186	0.4	12.	122.056906	140.17	7.42
8.34714	0.4	12.	119.377504	125.79	7.42
6.014126	0.4	12.	157.110154	178.75	7.42
5.265182	0.4	12.	120.52	168.95	2.482079
7.832785	0.4	12.	121.82	186.075568	7.42
5.682275	0.4	12.	159.63	124.81	8.078521
6.628908	0.4	12.	245.02	111.73	9.800841
5.363616	0.4	12.	250.490288	138.21	4.17
5.197417	0.4	12.	240.46	152.776322	4.17
5.367563	0.4	12.	207.22	149.33	6.424944
6.089154	0.4	12.	214.39	158.48	-1.62744
4.822482	0.4	12.	220.58	168.95	8.773596
6.215912	0.4	12.	199.39	166.33	-1.529841
4.767087	0.4	12.	205.26	174.83	8.576522
7.172778	0.4	12.	170.315434	176.14	4.17
6.935573	0.4	12.	178.86	192.49	-1.632965
5.354832	0.4	12.	163.54	194.916834	4.17
4.890515	0.4	12.	143.66	161.561584	4.17
5.094127	0.4	12.	145.94	148.68	0.576341
6.56546	0.4	12.	155.72	157.83	3.778681
4.455625	0.4	12.	100.64	147.04	5.696779
4.377402	0.4	12.	88.937007	149.98	4.17
5.719543	0.4	12.	90.53	162.08	1.497967
5.18042	0.4	12.	147.393481	136.25	4.17
7.266911	0.4	12.	172.455646	132.33	4.17
6.265908	0.4	12.	173.97	116.31	5.565627
7.163989	0.4	12.	170.71	147.04	5.27319
5.374581	0.4	12.	223.84	127.75	0.365375
7.507317	0.4	12.	209.82	133.30949	4.17
4.73407	0.4	12.	197.44	127.1	0.363066
4.523239	0.4	12.	209.748824	121.21	4.17
6.905146	0.4	12.	237.738991	134.62	4.17
6.386519	0.4	12.	233.94	118.6	2.40974
7.867114	0.4	12.	232.64	102.134389	4.17
5.484771	0.4	12.	218.62	87.54	7.086006
4.658428	0.4	12.	161.107381	91.79	4.17
7.152413	0.4	12.	138.144133	109.12	4.17
7.697708	0.4	12.	105.53	135.6	7.279006
6.167874	0.4	12.	136.948966	171.23	1.89
8.849252	0.4	12.	132.9	154.56	-4.523603
4.948758	0.4	12.	114.65	147.880245	1.89
5.703394	0.4	12.	180.49	155.281686	0.76
5.196612	0.4	12.	196.79	178.1	3.237108
6.86009	1.	11.	111.541652	161.18	0.
4.635235	1.	11.	101.670701	173.28	0.
4.737881	1.	11.	115.38	172.95	31.582434
4.993095	1.	11.	135.59	184.761444	15.6
5.018477	1.	11.	191.65	188.97	42.621095
4.419735	1.	11.	104.934129	173.61	66.43
6.937986	1.	11.	187.829259	187.01	58.48
4.590188	1.	11.	107.56	161.18	28.039726
4.856886	1.	11.	107.145598	180.8	22.73
6.090625	1.	11.	215.64102	145.16	109.08
4.441821	1.	11.	165.9	57.749605	135.14
4.558403	1.	11.	158.73	61.496749	130.06
5.113111	1.	11.	148.330811	65.39	130.06
4.315463	1.	11.	146.67	73.750371	138.02
4.468314	1.	11.	151.56	74.944246	128.47
4.586845	1.	11.	164.881031	52.31	171.27
4.569882	1.	11.	174.05	45.442387	171.27
4.359329	1.	11.	181.54	52.305784	171.27
4.464204	1.	11.	126.79	98.055788	182.03
4.366342	1.	11.	222.825933	113.04	202.03
4.581469	1.	11.	233.039807	116.63	202.03
6.345072	1.	11.	230.03	104.21	202.70727
5.718873	1.	11.	241.44	109.12	196.708973
6.35173	1.	11.	229.05	91.245322	202.03
5.186811	1.	11.	213.41	109.44	206.693522
7.397753	1.	11.	226.273383	127.42	202.03
5.719139	1.	11.	212.76	127.502165	202.03
4.381756	1.	11.	175.27	116.637445	202.03
4.679493	1.	11.	170.556507	108.79	202.03
6.561998	1.	11.	175.93	125.79	208.237818
4.383903	1.	11.	156.04	132.33	198.940014
4.575446	1.	11.	147.57	134.39589	202.03
4.752431	1.	11.	156.04	125.14	205.78136
7.396085	1.	11.	148.22	111.73	207.955913
4.862764	1.	11.	192.87	107.81	199.112354