6.310925	0.4	12.	105.36	84.73	-4.975977
4.645028	0.4	12.	117.09	72.96	-2.379046
7.23333	0.4	12.	107.049914	63.81	0.68
5.28625	0.4	12.	147.73	48.867669	0.68
5.137225	0.4	12.	148.05	71.703465	0.68
5.076489	0.4	12.	149.03	58.9	4.728725
4.517205	0.4	12.	154.815713	82.77	0.68
6.347691	0.4	12.	171.84	64.13	-4.251913
7.007682	0.4	12.	183.9	70.35	-5.352162
4.515283	0.4	12.	178.36	81.099256	0.68
5.27998	0.4	12.	183.610639	89.96	0.68
5.089036	0.4	12.	170.87	93.56	-2.478681
4.493971	0.4	12.	144.678963	103.04	0.68
4.781684	0.4	12.	131.1	107.29	0.973497
4.59924	0.4	12.	99.81	74.986921	0.68
5.594607	0.4	12.	125.932275	68.71	0.68
7.393593	0.4	12.	110.57	79.5	7.25013
5.723762	0.4	12.	99.81	88.98	6.001215
5.917499	0.4	12.	98.84	98.14	-2.100674
4.720525	0.4	12.	110.785362	104.35	0.68
9.522148	0.4	12.	82.54	78.85	-8.429231
7.996416	0.4	12.	84.17	97.15	-1.782829
4.744629	0.4	12.	91.01	105.98	5.063892
5.541002	0.4	12.	101.12	115.79	-0.352749
7.726589	0.4	12.	104.7	128.54	-6.890779
5.019382	0.4	12.	117.084554	122.98	0.68
5.143143	0.4	12.	129.110054	134.43	0.68
4.717877	0.4	12.	155.389399	122.33	0.68
6.218201	0.4	12.	135.99	52.04	-4.788313
4.665735	0.4	12.	104.158905	42.55	1.59
4.405775	0.4	12.	89.38	54.	-0.802413
5.253399	0.4	12.	71.13	64.443858	1.59
5.983817	0.4	12.	59.4	76.510671	3.26
6.649781	0.4	12.	73.234973	87.35	3.26
5.969332	0.4	12.	82.87	113.17	7.650634
6.868238	0.4	12.	162.343964	112.52	4.09
4.436926	0.4	12.	178.04	101.188282	4.09
5.125731	0.4	12.	161.42	75.9	9.748133
4.925553	0.4	12.	138.6	61.865524	6.67
4.385882	0.4	12.	135.34	73.215548	7.5
5.057015	0.4	12.	149.03	42.55	10.700437
4.961755	0.4	12.	105.289827	33.73	9.24
6.297913	0.4	12.	86.260628	43.21	9.24
5.594694	0.4	12.	127.209854	50.4	10.07
4.379882	0.4	12.	176.73	55.934292	10.07
5.997091	0.4	12.	190.75	65.11	6.542539
5.161041	0.4	12.	186.19	81.46	6.819448
5.835526	0.4	12.	159.13	92.58	11.332007
5.987313	0.4	12.	141.572787	107.62	12.73
5.489103	0.4	12.	106.01	111.54	10.347192
4.619795	0.4	12.	79.61	76.82874	12.73
4.659446	0.4	12.	97.53	64.79	12.39098
5.351761	0.4	12.	106.33	54.98	9.694013
4.428244	0.4	12.	81.232349	53.67	12.73
4.798548	0.4	12.	68.53	58.88227	12.73
5.213504	0.4	12.	81.927446	124.94	16.13
5.87965	0.4	12.	122.3	124.94	10.441689
6.368703	0.4	12.	104.7	132.203187	16.13
4.79275	0.4	12.	80.91	93.23	12.198808
4.581043	0.4	12.	106.33	73.29	18.853867
5.941101	0.4	12.	122.63	62.83	10.741165
5.046926	0.4	12.	150.66	60.86	15.956573
4.647368	0.4	12.	91.776975	88.65	16.13
5.027665	0.4	12.	112.393555	106.31	16.97
4.498119	0.4	12.	113.18	89.96	17.819362
4.664176	0.4	12.	89.71	100.1	15.405469
4.718227	0.4	12.	97.21	106.915497	16.97
6.134227	0.4	12.	93.781916	119.39	16.97
4.391544	0.4	12.	183.34671	90.29	16.97
5.846943	0.4	12.	164.738312	118.41	16.97
5.546632	0.4	12.	182.93	101.142956	16.97
4.938385	0.4	12.	172.17	87.67	13.526587
4.620806	0.4	12.	161.09	85.71	19.822264
4.639817	0.4	12.	187.82	78.795951	16.97
5.388279	0.4	12.	186.341944	68.71	16.97
5.0119	0.4	12.	174.841122	73.94	17.8
4.934494	0.4	12.	150.66	49.832577	17.8
5.115484	0.4	12.	151.31	33.07	13.670147
4.696411	0.4	12.	132.08	43.001942	18.63
4.556013	0.4	12.	112.53	51.71	17.992645
5.264885	0.4	12.	70.15	80.15	14.25844
4.519805	0.4	12.	88.405933	52.36	19.47
4.702875	0.4	12.	148.38	82.12	14.970847
4.658619	0.4	12.	158.48	110.23	19.171605
4.750002	0.4	12.	122.712138	119.06	19.47
4.372336	0.4	12.	191.73	60.159122	19.47
5.400281	0.4	12.	172.19604	52.04	19.47
4.96025	0.4	12.	106.164068	27.84	19.47
4.474885	0.4	12.	104.176925	48.11	19.47
4.924095	0.4	12.	126.670253	55.96	19.47
4.42004	0.4	12.	140.56	47.13	15.485748
4.649022	0.4	12.	113.5	82.77	24.862697
4.524844	0.4	12.	101.44	83.75	16.005776
4.371905	0.4	12.	79.28	88.90677	20.3
5.769689	0.4	12.	80.58	68.440616	20.3
5.071392	0.4	12.	75.787005	57.92	20.3
4.605408	0.4	12.	66.24	70.392753	20.3
4.843369	0.4	12.	105.082497	120.69	20.3
4.600264	0.4	12.	133.449399	99.44	20.3
4.833997	0.4	12.	138.27	86.010185	20.3
4.3789	0.4	12.	105.36	101.73	23.996728
4.762616	0.4	12.	86.13	106.634738	21.21
4.514552	0.4	12.	117.09	98.14	22.518497
4.916333	0.4	12.	105.36	60.618301	21.21
5.008884	0.4	12.	118.832836	67.73	21.21
4.579426	0.4	12.	161.74	63.71147	21.21
4.594805	0.4	12.	182.940859	58.25	22.12
5.520391	0.4	12.	143.27238	98.46	22.95
4.961711	0.4	12.	143.81	76.168265	22.95
4.599559	0.4	12.	154.685514	79.83	22.95
5.884675	0.4	12.	65.793876	52.04	22.95
4.56526	0.4	12.	84.5	79.981934	22.95
4.841477	0.4	12.	140.88	119.88724	22.95
8.447305	0.4	12.	115.79	142.546081	22.95
6.294932	0.4	12.	60.373532	102.39	22.95
4.376026	0.4	12.	137.857304	36.34	22.95
4.444572	0.4	12.	153.221917	27.19	22.95
4.480059	0.4	12.	179.02	45.344807	22.95
4.388699	0.4	12.	191.73	51.06	20.642844
5.662569	0.4	12.	159.38516	45.5	22.95
5.21055	0.4	12.	112.711136	42.23	22.95
4.438022	0.4	12.	103.73	20.98	25.445918
5.375011	0.4	12.	90.69	30.78	18.365156
5.851247	0.4	12.	83.84	43.580836	24.77
4.460855	0.4	12.	96.069711	53.34	24.77
5.257636	0.4	12.	165.	95.023612	24.77
4.722609	0.4	12.	164.383481	77.86	24.77
4.543877	0.4	12.	150.01	36.720406	24.77
4.743301	0.4	12.	143.81	44.451881	24.77
4.438842	0.4	12.	121.503659	77.21	24.77
5.766779	0.4	12.	97.21	81.132957	25.6
4.628655	0.4	12.	85.712023	60.21	25.6
4.787646	0.4	12.	122.96	49.75	26.8918
4.69312	0.4	12.	125.56	94.21	20.963838
4.846628	0.4	12.	154.9	73.29	29.798296
4.616431	0.4	12.	149.68	68.06	22.393562
4.913805	0.4	12.	74.762773	82.44	25.6
4.495159	0.4	12.	190.42	66.42	27.178082
5.447708	0.4	12.	170.843762	40.59	26.51
4.865753	0.4	12.	198.411382	45.17	26.51
4.955199	0.4	12.	147.087486	20.98	26.51
4.425711	0.4	12.	105.919622	36.34	26.51
4.83459	0.4	12.	98.51	43.563297	26.51
4.467737	0.4	12.	131.43	30.13	26.79452
4.466516	0.4	12.	171.19	71.65	27.845207
4.64478	0.4	12.	132.981717	92.58	26.51
5.581617	0.4	12.	165.98	106.986708	26.51
5.393223	0.4	12.	177.098223	98.46	26.51
4.666016	0.4	12.	86.054599	114.48	26.51
4.495393	0.4	12.	71.46	97.689237	26.51
4.913764	0.4	12.	97.86	96.5	22.167837
4.46715	0.4	12.	85.47	75.9	31.472291
6.69023	0.4	12.	124.953893	131.16	27.35
4.868939	0.4	12.	181.3	37.98	33.088921
4.99158	0.4	12.	184.56	51.124562	28.41
4.532714	0.4	12.	99.680204	106.31	29.24
4.423476	0.4	12.	75.965957	73.61	29.24
5.068455	0.4	12.	70.15	63.883622	29.24
4.653993	0.4	12.	79.61	54.128144	29.24
4.376859	0.4	12.	108.94	63.693357	29.24
5.013464	0.4	12.	91.34	70.35	25.200495
4.519408	0.4	12.	103.73	57.27	33.508345
4.990968	0.4	12.	97.21	62.751013	29.24
5.434734	0.4	12.	153.27	11.104648	30.07
4.41491	0.4	12.	177.39	33.07	25.814523
5.532702	0.4	12.	155.55	33.73	33.591596
4.394919	0.4	12.	194.01	37.	26.505277
4.564488	0.4	12.	145.12	27.52	33.377114
5.014758	0.4	12.	131.43	20.649049	30.07
5.100172	0.4	12.	127.191052	39.61	30.07
5.569649	0.4	12.	113.582904	30.78	30.07
5.701487	0.4	12.	109.097722	10.84	30.07
5.867126	0.4	12.	88.41	20.98	26.581704
5.201427	0.4	12.	83.52	30.19726	30.91
4.859287	0.4	12.	72.76	40.59	27.432258
5.230254	0.4	12.	120.365546	86.69	30.91
4.496639	0.4	12.	89.38	89.63	28.338746
4.483048	0.4	12.	71.46	89.932222	31.74
7.109918	0.4	12.	79.93	105.789953	31.74
4.708988	0.4	12.	99.008224	89.96	31.74
4.685211	0.4	12.	152.62	63.995375	31.74
4.535341	0.4	12.	177.39	64.79	29.115487
4.877165	0.4	12.	166.96	85.369274	31.74
4.371015	0.4	12.	189.77	43.254207	31.74
4.377876	0.4	12.	182.27	27.973278	31.74
6.789617	0.4	12.	102.1	118.563321	31.74
4.38104	0.4	12.	109.59	76.523187	33.56
4.519336	0.4	12.	99.121476	71.98	33.56
4.734183	0.4	12.	121.809472	71.	33.56
4.380956	0.4	12.	151.31	54.98	29.87019
5.073598	0.4	12.	142.51	62.17	32.137196
4.381429	0.4	12.	163.7	64.94167	33.56
4.513064	0.4	12.	184.448509	72.63	33.56
6.261479	0.4	12.	199.760068	29.48	33.56
4.464695	0.4	12.	173.832168	25.23	33.56
5.562085	0.4	12.	101.547235	2.67	34.39
4.404322	0.4	12.	85.484119	12.8	34.39
4.414438	0.4	12.	109.59	22.441184	34.39
4.375165	0.4	12.	123.093525	30.46	34.39
4.493307	0.4	12.	141.86	15.287115	34.39
4.371842	0.4	12.	170.87	59.067203	34.39
4.407681	0.4	12.	117.41	61.84	31.063869
4.456342	0.4	12.	109.92	51.06	31.193984
5.341361	0.4	12.	78.089964	45.5	35.22
4.778012	0.4	12.	71.263874	34.71	35.22
4.702593	0.4	12.	101.44	32.241679	35.22
4.470092	0.4	12.	88.366508	49.75	35.22
4.408937	0.4	12.	88.41	65.44	32.728412
4.374792	0.4	12.	127.52	80.48	34.804024
5.708303	0.4	12.	177.39	80.395837	35.22
5.031634	0.4	12.	189.45	35.04	39.297187
4.504422	0.4	12.	148.01025	87.35	35.22
4.631781	0.4	12.	147.040384	77.21	35.22
4.507643	0.4	12.	107.90271	93.56	35.22
4.75647	0.4	12.	70.81	82.12	37.471851
4.462963	0.4	12.	82.87	91.615097	35.22
4.376516	0.4	12.	90.69	96.17	37.143306
4.651585	0.4	12.	94.27	82.77	40.591267
4.637117	0.4	12.	104.499896	84.08	36.81
4.615549	0.4	12.	88.73	38.3	33.575676
4.431953	0.4	12.	112.30323	68.38	36.81
5.261325	0.4	12.	69.70117	71.33	36.81
4.455452	0.4	12.	78.63	66.127424	36.81
4.950743	0.4	12.	95.25	39.61	41.623756
4.437533	0.4	12.	162.72	73.778774	36.81
4.510982	0.4	12.	136.07046	27.84	36.81
4.850641	0.4	12.	69.18	24.404891	36.81
4.996261	0.4	12.	159.46	55.63	35.145206
4.482274	0.4	12.	163.04	25.55	33.89653
4.533137	0.4	12.	168.59	32.75	34.265299
4.46521	0.4	12.	167.61	39.61	40.08926
4.748906	0.4	12.	165.65	48.11	36.179437
4.591796	0.4	12.	183.58	63.047092	37.65
5.31729	0.4	12.	194.01	19.194564	37.65
4.769176	0.4	12.	131.76	13.904545	37.65
4.904348	0.4	12.	192.05	55.542882	37.65
5.323107	0.4	12.	130.13	64.13	35.735626
4.441233	0.4	12.	137.62	78.52	33.824944
4.492728	0.4	12.	144.79	50.73	35.653562
4.6885	0.4	12.	58.133378	65.11	37.65
4.577161	0.4	12.	57.812553	76.23	37.65
4.783396	0.4	12.	58.543425	55.63	37.65
5.035068	0.4	12.	181.95	16.800471	37.65
5.586747	0.4	12.	117.369725	54.65	38.03
4.443767	0.4	12.	113.410083	45.17	38.03
4.632673	0.4	12.	63.64	47.13	33.569268
4.416229	0.4	12.	56.308968	38.3	38.03
5.552074	0.4	12.	58.42	26.21	36.735246
4.765332	0.4	12.	121.762639	13.13	38.03
5.34759	0.4	12.	99.81	22.296557	38.03
4.394291	0.4	12.	104.38	99.44	42.495627
5.449659	0.4	12.	121.33	121.477277	38.86
4.628689	0.4	12.	138.851954	100.42	38.86
4.452438	0.4	12.	136.228276	109.91	38.86
5.615725	0.4	12.	156.53	106.96	34.228524
4.897382	0.4	12.	67.55	51.71	41.501817
4.667522	0.4	12.	78.3	56.143512	38.86
5.345206	0.4	12.	153.92	49.09	40.941386
4.736772	0.4	12.	177.39	53.085313	38.86
4.714563	0.4	12.	154.87066	-1.58	38.86
4.38649	0.4	12.	117.010576	24.9	38.86
4.437172	0.4	12.	117.09	36.807113	38.86
4.379782	0.4	12.	104.38	44.52	36.43194
4.686557	0.4	12.	92.64	56.231328	40.6
4.601636	0.4	12.	82.21	36.974601	40.6
4.441897	0.4	12.	195.831929	48.11	43.1
4.784803	0.4	12.	186.19	52.04	47.658052
4.42749	0.4	12.	170.120965	70.67	43.1
4.410139	0.4	12.	156.85	70.916506	43.1
4.897595	0.4	12.	148.38	67.73	40.030166
4.466334	0.4	12.	105.36	69.04	45.669016
4.926929	0.4	12.	156.2	20.32	38.680206
5.147118	0.4	12.	144.469906	20.	43.1
5.022525	0.4	12.	146.42	36.67	39.32422
4.440107	0.4	12.	122.63	64.13	42.037586
6.788631	0.4	12.	125.24	96.5	37.988168
4.549996	0.4	12.	175.141032	88.98	43.1
4.398677	0.4	12.	164.35	89.96	42.373755
4.580182	0.4	12.	81.747885	20.65	43.1
4.551954	0.4	12.	86.13	58.58	47.33124
4.541666	0.4	12.	87.230815	44.52	43.1
4.90805	0.4	12.	164.67	10.84	44.016777
4.428161	0.4	12.	173.756852	18.36	43.1
4.556189	0.4	12.	167.565518	24.9	43.1
4.575657	0.4	12.	131.76	86.333929	43.1
5.401239	0.4	12.	138.27	74.432782	43.1
4.592704	0.4	12.	79.28	80.047215	43.1
5.144369	0.4	12.	89.295002	105.33	43.1
4.853627	0.4	12.	118.07	109.133237	43.1
4.469363	0.4	12.	118.39	88.65	42.401997
5.188255	0.4	12.	112.607143	79.83	43.1
4.450696	0.4	12.	120.05529	73.61	43.1
4.498587	0.4	12.	137.62	40.647634	43.1
4.939224	0.4	12.	129.15	44.19	39.528773
4.929952	0.4	12.	138.27	55.834638	43.1
4.45624	0.4	12.	126.21	55.63	42.938522
4.748469	0.4	12.	92.64	29.330338	43.1
4.476612	0.4	12.	77.65	28.5	38.62574
4.714583	0.4	12.	185.53	45.17	40.176534
4.75285	0.4	12.	165.	56.081669	44.01
4.619102	0.4	12.	101.684056	78.19	44.01
4.476324	0.4	12.	96.14306	64.79	44.84
4.373107	0.4	12.	82.54	70.791458	44.84
4.541367	0.4	12.	102.901576	58.58	44.84
4.438243	0.4	12.	111.964069	62.17	44.84
6.859789	0.4	12.	101.44	112.551104	44.84
4.70508	0.4	12.	71.13	62.347273	44.84
4.801987	0.4	12.	100.14	47.746118	44.84
4.428777	0.4	12.	153.678042	13.78	45.68
4.502451	0.4	12.	121.623168	46.15	45.68
4.639888	0.4	12.	107.31	31.77	42.917941
4.392629	0.4	12.	107.31	41.453279	45.68
4.685196	0.4	12.	147.73	28.82	46.559575
4.608759	0.4	12.	130.13	23.92	43.623193
4.663702	0.4	12.	110.809575	20.	45.68
4.387121	0.4	12.	99.16	14.11	45.157123
4.814218	0.4	12.	71.13	43.54	46.012582
4.649174	0.4	12.	82.54	29.211819	46.51
4.375076	0.4	12.	90.04	20.32	50.008315
4.476766	0.4	12.	116.058254	31.11	46.51
4.382961	0.4	12.	173.8	45.82	44.870415
4.777312	0.4	12.	176.08	28.651644	46.51
4.526871	0.4	12.	161.032804	43.54	46.51
4.470508	0.4	12.	146.29555	43.54	46.51
4.596361	0.4	12.	129.47	34.05	43.875382
4.621434	0.4	12.	177.71	39.29	50.663783
4.727379	0.4	12.	155.55	34.464511	46.51
5.537531	0.4	12.	143.81	-2.56	51.229621
6.277745	0.4	12.	127.949592	-2.56	46.51
4.604286	0.4	12.	120.02	5.94	46.307655
4.691782	0.4	12.	108.94	9.124817	46.51
4.420301	0.4	12.	75.04	14.301511	46.51
5.661053	0.4	12.	64.94	20.65	47.354414
5.210926	0.4	12.	63.447482	36.34	46.51
4.441048	0.4	12.	79.28	101.474297	47.42
4.49852	0.4	12.	92.64	91.27	49.714306
4.702396	0.4	12.	83.52	88.021085	47.42
4.454346	0.4	12.	88.41	78.19	46.356043
4.40044	0.4	12.	177.71	100.1	49.943065
4.404767	0.4	12.	170.54	107.29	48.776524
4.746856	0.4	12.	154.6615	97.48	47.42
4.551791	0.4	12.	139.9	88.	50.167919
5.100648	0.4	12.	163.37	76.849489	47.42
4.484885	0.4	12.	133.71	99.456752	47.42
4.651352	0.4	12.	112.114198	95.19	47.42
4.691185	0.4	12.	153.891075	62.5	49.01
4.749794	0.4	12.	163.04	66.517528	49.01
4.574699	0.4	12.	74.694636	72.63	49.01
4.440721	0.4	12.	67.55	77.21	44.905724
4.443097	0.4	12.	126.87	68.71	51.162802
5.205703	0.4	12.	147.929631	54.32	49.01
4.929932	0.4	12.	194.01	27.573336	49.01
4.748074	0.4	12.	186.84	41.510174	49.01
4.541744	0.4	12.	104.05	-0.27	52.92988
4.682731	0.4	12.	96.56	4.63	50.418072
5.812168	0.4	12.	88.73	9.21	45.07179
4.470066	0.4	12.	84.17	14.11	54.140325
4.748873	0.4	12.	197.92	38.63	45.180571
4.564383	0.4	12.	141.241774	64.13	49.92
5.104161	0.4	12.	97.86	101.117336	49.92
4.728432	0.4	12.	76.462719	53.67	49.92
5.097016	0.4	12.	110.9	25.88	54.382628
4.725845	0.4	12.	95.58	73.633474	49.92
4.701637	0.4	12.	75.37	91.92	51.093524
4.564092	0.4	12.	169.89	58.9	51.824175
4.443259	0.4	12.	108.29	54.385755	50.98
4.900626	0.4	12.	117.09	67.640369	50.98
4.893218	0.4	12.	178.36	74.27	47.980351
4.598734	0.4	12.	84.733495	48.77	50.98
4.757582	0.4	12.	76.35	44.19	54.413632
4.935248	0.4	12.	74.39	34.38	52.004234
4.824692	0.4	12.	101.351548	34.71	50.98
4.726397	0.4	12.	135.547916	21.63	50.98
4.941056	0.4	12.	184.186903	32.09	50.98
4.842658	0.4	12.	202.619855	46.81	50.98
5.244299	0.4	12.	181.95	10.339025	50.98
4.878822	0.4	12.	154.57	5.885554	50.98
4.736525	0.4	12.	86.13	69.04	54.204114
4.559934	0.4	12.	70.48	82.77	51.87751
4.705245	0.4	12.	125.89	81.13	50.485023
6.136006	0.4	12.	151.31	85.125567	50.98
4.564054	0.4	12.	105.020103	85.06	52.65
4.610478	0.4	12.	95.9	82.77	54.236442
4.701737	0.4	12.	94.6	44.19	53.494448
4.406637	0.4	12.	90.36	37.32	49.276587
6.062372	0.4	12.	139.957329	11.82	52.65
4.522605	0.4	12.	158.81	54.	51.116829
4.462171	0.4	12.	62.66	63.48	49.167991
5.177648	0.4	12.	62.98	73.84642	53.48
4.792505	0.4	12.	56.79	51.71	52.467992
4.785018	0.4	12.	54.096731	32.75	53.48
4.599025	0.4	12.	63.450541	28.82	53.48
4.725328	0.4	12.	119.48424	53.67	53.48
5.596807	0.4	12.	99.49	24.610561	53.48
4.501274	0.4	12.	186.884486	21.3	53.48
4.391998	0.4	12.	188.47	56.94	57.129925
4.387789	0.4	12.	196.21939	53.67	53.48
4.435219	0.4	12.	179.99	56.941631	53.48
4.448277	0.4	12.	172.540394	50.4	53.48
4.70752	0.4	12.	162.72	48.44	57.560105
4.715463	0.4	12.	167.93	41.722603	53.48
5.856478	0.4	12.	165.98	30.46	56.301264
4.765673	0.4	12.	178.04	26.86	57.847864
4.900591	0.4	12.	161.09	109.25	49.620366
4.630773	0.4	12.	68.53	51.71	56.200711
4.405118	0.4	12.	117.41	38.63	53.445541
4.382621	0.4	12.	109.27	42.586243	54.39
4.48676	0.4	12.	103.4	100.42	57.847134
5.734131	0.4	12.	92.64	114.310057	54.39
4.588301	0.4	12.	52.891599	74.27	55.22
4.72161	0.4	12.	122.63	28.818264	55.22
5.205143	0.4	12.	127.84	13.78	52.929836
7.056988	0.4	12.	155.55	-8.547898	55.22
4.524187	0.4	12.	170.87	2.986289	55.22
6.664322	0.4	12.	78.95	3.059629	55.22
4.735469	0.4	12.	71.838117	13.13	55.22
4.678774	0.4	12.	77.65	64.922106	55.22
4.615374	0.4	12.	95.25	60.2329	56.06
4.370877	0.4	12.	89.71	52.04	59.951395
4.525265	0.4	12.	84.453725	39.61	56.06
4.87414	0.4	12.	145.12	47.182961	56.06
4.688695	0.4	12.	68.603977	65.44	57.72
4.420675	0.4	12.	63.64	57.59	61.487025
4.392035	0.4	12.	172.82	19.34	55.835416
4.626504	0.4	12.	161.74	20.32	55.062128
4.556488	0.4	12.	135.370589	41.9	59.39
5.652819	0.4	12.	142.19	56.862324	59.39
4.710538	0.4	12.	159.46	66.711543	59.39
4.519097	0.4	12.	168.91	71.	57.556623
4.391037	0.4	12.	184.23	48.44	55.925283
5.656027	0.4	12.	194.450201	45.5	59.39
4.595397	0.4	12.	122.96	67.071802	59.39
4.82557	0.4	12.	112.2	70.35	59.826819
4.838436	0.4	12.	135.394642	32.09	59.39
5.424444	0.4	12.	80.91	25.88	57.438171
4.530794	0.4	12.	70.81	30.703472	60.22
4.621007	0.4	12.	90.36	29.8	56.921723
4.449662	0.4	12.	99.676541	52.04	60.22
5.191069	0.4	12.	98.51	64.79	64.552911
4.406399	0.4	12.	80.013452	57.27	60.22
4.447884	0.4	12.	100.14	108.559891	60.22
5.128921	0.4	12.	125.24	94.94243	60.22
4.519517	0.4	12.	148.888271	71.98	60.22
4.740983	0.4	12.	163.37	56.61	62.78231
4.995266	0.4	12.	127.52	48.482121	60.22
4.884483	0.4	12.	129.8	60.094117	60.22
4.994766	0.4	12.	105.36	62.17	55.534835
4.892155	0.4	12.	133.958676	74.92	60.22
5.684213	0.4	12.	120.149668	79.83	60.22
5.393349	0.4	12.	116.44	18.83861	60.22
5.164569	0.4	12.	133.71	-11.39	56.662225
5.746577	0.4	12.	113.18	-4.2	58.385186
4.717228	0.4	12.	171.52	12.48	63.679221
4.425531	0.4	12.	163.37	12.15	59.325542
4.428822	0.4	12.	162.07	1.36	58.135969
4.691895	0.4	12.	102.42	72.31	56.533524
4.753825	0.4	12.	168.91	91.437768	60.22
5.202554	0.4	12.	141.794114	102.71	60.22
4.409025	0.4	12.	89.06	98.14	57.223146
4.838158	0.4	12.	93.3	103.37	64.110943
4.752618	0.4	12.	75.7	80.026209	60.22
4.380074	0.4	12.	57.44	61.52	56.303487
5.068898	0.4	12.	56.47	66.75	64.429937
4.521993	0.4	12.	143.039743	21.3	60.22
4.948247	0.4	12.	153.59	25.23	61.494223
4.624584	0.4	12.	116.76	45.5	60.550979
4.401386	0.4	12.	106.98	34.38	58.769359
5.553577	0.4	12.	152.62	15.42	56.517078
4.384157	0.4	12.	130.78	87.02	58.987179
4.617155	0.4	12.	145.12	31.44	56.72752
6.048314	0.4	12.	130.487284	22.28	61.13
4.438571	0.4	12.	173.47	61.12975	61.13
4.706908	0.4	12.	153.21737	47.13	62.04
4.750198	0.4	12.	153.92	36.02	59.982017
4.509937	0.4	12.	180.225759	54.32	62.04
4.420057	0.4	12.	104.05	17.05	60.239092
4.565214	0.4	12.	89.06	22.170222	62.04
4.69131	0.4	12.	79.28	16.800863	62.04
4.797367	0.4	12.	69.541732	21.3	62.04
5.190368	0.4	12.	59.598483	23.27	62.04
4.702829	0.4	12.	68.2	41.9	60.230258
5.136076	0.4	12.	82.54	32.75	65.71267
4.860466	0.4	12.	116.44	6.26	63.298688
8.221775	0.4	12.	103.4	-13.639137	62.04
5.383311	0.4	12.	106.66	80.817828	62.04
4.672628	0.4	12.	178.15462	45.17	62.04
4.612244	0.4	12.	176.41	35.69	61.181225
4.632	0.4	12.	126.803819	36.67	62.04
4.958023	0.4	12.	134.04	53.34	66.354775
4.637672	0.4	12.	144.47	39.584934	62.04
4.673943	0.4	12.	111.55	90.216474	62.04
4.536496	0.4	12.	80.801474	101.08	62.87
4.509311	0.4	12.	90.04	85.335706	62.87
4.47306	0.4	12.	84.054869	76.88	62.87
4.485633	0.4	12.	87.76	62.5	62.851863
4.789061	0.4	12.	161.42	80.15	66.224066
4.479146	0.4	12.	96.107536	92.25	62.87
4.458962	0.4	12.	81.89	89.96	62.505563
4.939127	0.4	12.	62.98	86.446478	62.87
4.779959	0.4	12.	117.441126	33.07	62.87
4.758137	0.4	12.	121.98	57.27	65.743359
4.899639	0.4	12.	151.864455	63.81	64.69
4.414968	0.4	12.	161.74	64.13	68.10919
4.785318	0.4	12.	111.55	57.92	63.142873
4.915462	0.4	12.	83.598324	44.52	64.69
5.160004	0.4	12.	68.899315	73.29	64.69
4.591427	0.4	12.	77.98	73.29	69.334534
4.775847	0.4	12.	109.27	25.714477	65.98
4.505885	0.4	12.	97.53	29.48	64.516944
4.685879	0.4	12.	137.3	24.57	69.453194
4.524443	0.4	12.	152.29	6.043743	67.64
5.36503	0.4	12.	95.58	-0.93	63.711957
4.539458	0.4	12.	73.09	91.824923	67.64
4.946847	0.4	12.	135.99	122.032668	67.64
5.046897	0.4	12.	175.76	95.256199	67.64
6.23681	0.4	12.	197.59	56.29	65.814526
5.502549	0.4	12.	202.577404	43.86	67.64
4.512804	0.4	12.	180.32	7.780385	67.64
4.430902	0.4	12.	184.517562	39.94	68.48
5.405176	0.4	12.	190.1	25.23	68.995656
7.61211	0.4	12.	192.648917	12.15	68.48
4.604189	0.4	12.	144.429399	11.5	68.48
4.584064	0.4	12.	146.1	-6.016399	68.48
4.374074	0.4	12.	136.004615	-5.18	68.48
4.891767	0.4	12.	127.84	-13.35	66.240114
4.458257	0.4	12.	103.07	8.88	64.812776
4.453118	0.4	12.	96.23	85.06	72.543002
4.893843	0.4	12.	79.93	63.205161	68.48
4.724792	0.4	12.	150.33	82.44	63.949719
4.487726	0.4	12.	154.9	86.37	71.517299
4.959072	0.4	12.	178.427924	75.58	68.48
4.472248	0.4	12.	155.441395	55.96	68.48
5.066872	0.4	12.	71.453962	37.	68.48
4.690216	0.4	12.	94.27	46.402905	69.39
5.090336	0.4	12.	55.79273	54.	69.39
6.428652	0.4	12.	42.356503	61.19	69.39
5.781497	0.4	12.	49.757595	31.11	69.39
4.87882	0.4	12.	166.63	25.55	65.85925
4.472785	0.4	12.	181.3	20.108601	69.39
4.780512	0.4	12.	180.97	29.925719	69.39
5.010069	0.4	12.	126.21	70.35	68.354014
4.495325	0.4	12.	158.48	95.564391	69.39
5.039871	0.4	12.	141.36828	82.44	69.39
4.794362	0.4	12.	110.9	101.08	65.145027
4.842402	0.4	12.	71.041081	82.77	69.39
4.427991	0.4	12.	185.109276	57.27	69.39
5.814877	0.4	12.	92.369015	9.53	69.39
5.992277	0.4	12.	125.89	3.98	68.267521
4.578942	0.4	12.	125.89	-7.47	73.702114
4.370534	0.4	12.	166.63	48.11	66.147844
4.645493	0.4	12.	159.79	39.426399	69.39
4.904697	0.4	12.	170.374494	39.29	69.39
4.85365	0.4	12.	197.638665	34.71	69.39
4.516974	0.4	12.	135.67	65.77	65.063376
4.540454	0.4	12.	143.259983	63.15	69.39
4.423819	0.4	12.	125.89	85.487793	69.39
4.980559	0.4	12.	117.253372	93.88	69.39
5.131964	0.4	12.	135.694968	95.85	69.39
4.579261	0.4	12.	100.999219	37.32	69.39
5.223482	0.4	12.	59.4	45.17	64.221296
4.851545	0.4	12.	50.92	42.873024	69.39
4.390622	0.4	12.	60.510645	35.36	69.39
4.70308	0.4	12.	66.9	11.5	65.914164
4.538849	0.4	12.	61.35	15.75	72.014782
4.414165	0.4	12.	139.892679	2.67	69.39
4.937799	0.4	12.	87.43	72.63	71.916487
4.796602	0.4	12.	96.88	73.755452	69.39
4.953691	0.4	12.	105.68	88.152001	69.39
6.770986	0.4	12.	86.13	110.472949	70.22
4.371854	0.4	12.	102.42	98.55874	70.22
4.420109	0.4	12.	72.11	49.75	67.439817
4.907036	0.4	12.	118.72	40.118933	70.22
4.485782	0.4	12.	80.58	9.180879	71.05
4.67621	0.4	12.	84.82	18.616602	71.05
4.386201	0.4	12.	74.075739	16.07	71.05
4.510707	0.4	12.	122.3	13.851237	71.05
4.535692	0.4	12.	158.81	30.067483	71.05
4.622867	0.4	12.	170.87	1.69	67.095696
4.890436	0.4	12.	108.94	49.09	67.304218
5.572562	0.4	12.	85.8	-1.318018	71.05
5.883482	0.4	12.	57.700554	76.23	71.05
4.412354	0.4	12.	116.11	65.058076	71.05
4.727324	0.4	12.	197.59	50.73	75.481306
4.600476	0.4	12.	96.88	56.22804	72.57
4.428698	0.4	12.	87.43	52.69	68.868804
4.420694	0.4	12.	88.08	39.29	72.005926
4.389513	0.4	12.	115.46	55.311578	72.57
4.848381	0.4	12.	100.14	2.99	73.967633
5.670197	0.4	12.	144.47	48.77	67.410383
5.02534	0.4	12.	156.53	-4.53	68.001962
8.404979	0.4	12.	124.26	-26.248797	72.57
4.625161	0.4	12.	115.13	-9.1	68.906272
4.374966	0.4	12.	179.220026	63.48	72.57
4.682046	0.4	12.	78.63	42.23	74.45665
4.460209	0.4	12.	64.29	47.927566	72.57
4.568318	0.4	12.	65.27	58.9	74.083942
4.376115	0.4	12.	132.73	12.784035	74.01
4.933186	0.4	12.	173.8	24.35971	74.01
5.349758	0.4	12.	98.51	20.	69.373421
4.53241	0.4	12.	172.016244	57.59	74.01
4.560819	0.4	12.	65.92	68.125437	74.01
4.548143	0.4	12.	74.07	59.56	76.638555
4.544355	0.4	12.	119.04	73.61	77.864873
5.513412	0.4	12.	71.78	2.482677	74.01
4.525828	0.4	12.	102.75	28.294108	74.01
5.233009	0.4	12.	114.918135	22.94	74.01
4.588244	0.4	12.	182.93	71.33	77.531218
4.435831	0.4	12.	161.09	18.36	70.553379
5.344007	0.4	12.	192.584703	64.46	74.01
4.458701	0.4	12.	116.155167	1.03	74.01
5.394654	0.4	12.	150.66	-13.343144	74.01
4.425396	0.4	12.	159.118224	73.61	75.14
4.379137	0.4	12.	109.92	71.	75.905529
4.913181	0.4	12.	134.04	39.535897	75.14
4.443393	0.4	12.	124.59	30.46	73.895629
4.462331	0.4	12.	191.07	42.044947	75.14
5.032922	0.4	12.	182.93	48.44	73.367152
4.374218	0.4	12.	176.15267	11.82	76.13
4.704265	0.4	12.	169.24	18.03	80.750292
4.758312	0.4	12.	160.11	-1.26	77.416485
4.42513	0.4	12.	135.66227	-12.7	76.13
4.456043	0.4	12.	140.23	18.398056	76.13
4.419429	0.4	12.	149.366284	73.94	76.13
4.717436	0.4	12.	160.828418	58.25	76.13
4.454017	0.4	12.	144.79	93.324309	76.13
5.185151	0.4	12.	125.89	94.520555	76.13
4.617442	0.4	12.	97.670734	106.96	76.13
4.536388	0.4	12.	89.06	101.119359	76.13
4.655576	0.4	12.	77.4862	79.83	76.13
4.547273	0.4	12.	54.84	66.304928	76.13
4.599407	0.4	12.	57.12	56.94	79.503366
4.621417	0.4	12.	95.22378	65.44	76.13
4.376042	0.4	12.	105.36	52.61458	76.13
4.54189	0.4	12.	81.56	54.430614	76.13
4.418695	0.4	12.	93.300934	33.07	76.13
4.56075	0.4	12.	65.823017	32.09	76.13
4.769498	0.4	12.	123.61	63.81	80.479141
4.56302	0.4	12.	168.91	87.02	72.945745
5.230573	0.4	12.	153.92	94.54	80.814118
5.370714	0.4	12.	132.41	77.290366	76.13
4.435408	0.4	12.	140.23	70.916441	76.13
4.480587	0.4	12.	126.54	48.77	74.814406
4.59919	0.4	12.	110.9	13.46	72.07721
4.414194	0.4	12.	165.279847	9.86	76.13
4.441848	0.4	12.	146.624676	56.29	76.13
4.945328	0.4	12.	132.08	62.17	73.709622
4.46232	0.4	12.	124.26	41.25	79.379676
4.52158	0.4	12.	111.619024	80.15	76.96
4.491387	0.4	12.	104.38	62.111601	76.96
4.421331	0.4	12.	101.44	44.569528	76.96
4.390779	0.4	12.	170.54	64.46	81.202029
5.036584	0.4	12.	169.24	71.	73.078517
4.383472	0.4	12.	183.022271	35.04	76.96
5.24192	0.4	12.	146.75	29.48	72.775774
4.594377	0.4	12.	141.53	33.4	80.714328
4.410581	0.4	12.	155.87	13.483882	76.96
4.597997	0.4	12.	106.66	37.091877	76.96
4.403359	0.4	12.	116.44	47.136733	76.96
4.620566	0.4	12.	85.15	26.21	77.066073
4.742981	0.4	12.	75.7	31.11	75.268982
5.201205	0.4	12.	127.497084	20.32	76.96
4.510387	0.4	12.	174.45	2.746203	76.96
4.85036	0.4	12.	130.45	86.69	81.780435
4.518189	0.4	12.	176.41	53.02	81.705892
4.418064	0.4	12.	150.33	37.98	78.067666
4.506524	0.4	12.	153.27	50.07	76.400886
4.501749	0.4	12.	134.571688	27.52	77.8
4.856525	0.4	12.	100.47	-8.599511	77.8
4.595571	0.4	12.	109.485726	-4.85	77.8
4.416093	0.4	12.	108.29	5.988633	77.8
4.644621	0.4	12.	105.36	20.293144	77.8
4.528128	0.4	12.	77.299848	21.3	77.8
4.456516	0.4	12.	70.15	25.55	82.05478
5.77933	0.4	12.	58.432151	23.92	77.8
4.380602	0.4	12.	158.167039	42.55	77.8
4.579284	0.4	12.	172.185763	45.82	77.8
4.453086	0.4	12.	101.435465	77.21	77.8
5.88898	0.4	12.	82.54	35.36	83.131962
4.455346	0.4	12.	68.53	40.92	76.941199
4.398663	0.4	12.	88.73	81.46	78.255418
4.654829	0.4	12.	110.24	109.25	76.301152
4.523555	0.4	12.	113.18	117.918632	78.7
4.524649	0.4	12.	126.676502	108.92	78.7
4.404616	0.4	12.	120.67	54.98	79.66439
4.958174	0.4	12.	86.516148	62.17	78.7
5.125215	0.4	12.	73.99802	99.77	78.7
4.437372	0.4	12.	81.89	93.23	78.593749
4.727908	0.4	12.	135.01	50.745367	78.7
4.573752	0.4	12.	172.17	35.24235	78.7
4.65241	0.4	12.	144.79	45.480706	78.7
5.110789	0.4	12.	155.632171	23.92	78.7
4.779439	0.4	12.	135.67	1.635023	78.7
4.447387	0.4	12.	90.04	15.66563	78.7
4.558448	0.4	12.	120.174364	86.04	78.7
4.73015	0.4	12.	94.6	93.418687	78.7
4.617215	0.4	12.	129.15	35.04	84.030927
4.380355	0.4	12.	148.38	17.819927	79.54
4.449938	0.4	12.	112.2	58.25	82.168925
4.419217	0.4	12.	69.83	73.29	80.457628
6.012038	0.4	12.	160.11	66.75	84.586645
4.47322	0.4	12.	149.493813	65.77	80.45
4.628092	0.4	12.	141.86	102.39	76.505503
4.684173	0.4	12.	117.09	7.24	81.792674
4.855945	0.4	12.	141.404167	-19.24	80.45
8.764529	0.4	12.	166.96	-12.725488	80.45
4.50513	0.4	12.	109.27	28.866432	81.28
4.776793	0.4	12.	100.47	31.11	83.736904
4.59526	0.4	12.	81.24	71.876839	81.28
4.964606	0.4	12.	196.62	44.530728	83.02
4.930015	0.4	12.	136.97	26.86	87.673358
4.638794	0.4	12.	156.2	5.28	84.381899
4.529567	0.4	12.	148.38	7.24	79.608335
4.632991	0.4	12.	89.71	87.02	86.840405
4.593527	0.4	12.	62.66	82.44	78.560147
4.431943	0.4	12.	64.344103	62.83	83.02
4.679199	0.4	12.	104.087267	69.36	83.02
4.582258	0.4	12.	74.72	69.04	87.231355
4.677651	0.4	12.	91.99	26.21	83.487995
5.457266	0.4	12.	93.95	0.71	84.25113
4.445528	0.4	12.	139.25	45.5	86.622808
4.437214	0.4	12.	127.84	56.94	87.003391
4.650619	0.4	12.	175.76	103.075459	83.02
4.794148	0.4	12.	103.4	111.546547	83.02
4.812588	0.4	12.	60.05	7.24	78.458429
4.480623	0.4	12.	98.144302	84.08	84.08
4.728248	0.4	12.	91.34	103.69	85.789743
4.401386	0.4	12.	90.606916	47.13	84.08
5.09703	0.4	12.	188.79	27.52	80.128805
4.564001	0.4	12.	184.073892	12.15	84.08
5.414692	0.4	12.	147.73	-2.89	81.454774
4.714282	0.4	12.	137.62	-5.51	86.501998
4.54506	0.4	12.	154.57	56.29	85.751083
4.450545	0.4	12.	178.69	38.96	84.852303
5.406626	0.4	12.	99.49	11.5	81.579126
5.129664	0.4	12.	151.96	83.42	87.636312
4.401093	0.4	12.	74.07	90.799901	84.08
4.493127	0.4	12.	177.355669	72.96	84.92
4.408065	0.4	12.	185.86	55.96	81.388227
4.402845	0.4	12.	158.48	34.71	82.146246
4.497176	0.4	12.	165.33	31.44	88.231448
4.86077	0.4	12.	164.67	51.38	82.016515
4.497855	0.4	12.	62.01	45.5	81.056296
4.978487	0.4	12.	63.176534	35.69	84.92
5.125923	0.4	12.	53.373243	43.54	84.92
4.538139	0.4	12.	49.62	53.272699	84.92
4.430755	0.4	12.	44.828248	61.52	84.92
4.395058	0.4	12.	53.53	63.937968	84.92
6.596201	0.4	12.	39.388192	48.44	84.92
4.602115	0.4	12.	58.42	20.	88.35806
4.449587	0.4	12.	55.49	30.13	89.119771
4.609673	0.4	12.	68.00146	16.73	84.92
4.516828	0.4	12.	126.455866	-1.58	84.92
4.540549	0.4	12.	126.21	9.21	82.437618
5.901049	0.4	12.	139.231483	63.15	84.92
4.41328	0.4	12.	143.81	90.152957	84.92
4.572618	0.4	12.	112.85	101.661851	84.92
4.558668	0.4	12.	115.79	110.903877	84.92
4.375509	0.4	12.	112.53	92.9	81.179769
7.17928	0.4	12.	108.29	87.67	91.685991
5.313076	0.4	12.	94.27	74.615694	84.92
5.398461	0.4	12.	85.8	69.36	89.948121
4.73631	0.4	12.	69.5	82.814689	84.92
7.008075	0.4	12.	167.28	43.21	91.871885
5.843325	0.4	12.	142.19	3.98	89.056359
4.404098	0.4	12.	140.88	13.476074	84.92
4.532582	0.4	12.	121.092758	-9.1	84.92
4.586191	0.4	12.	90.04	9.86	86.488205
4.806764	0.4	12.	123.948122	75.58	85.75
4.488803	0.4	12.	135.01	95.623989	85.75
4.635278	0.4	12.	135.99	81.79	89.837595
4.705278	0.4	12.	68.711015	51.06	85.75
5.193953	0.4	12.	78.95	48.77	90.251725
5.936922	0.4	12.	101.77	99.12	86.660473
5.436819	0.4	12.	100.47	3.65	93.081118
6.388132	0.4	12.	80.91	-0.153122	87.72
5.004877	0.4	12.	79.61	13.13	82.742085
5.028432	0.4	12.	77.65	22.577232	87.72
4.497339	0.4	12.	62.66	76.88	91.313936
4.532735	0.4	12.	93.95	54.681519	87.72
4.393472	0.4	12.	121.	14.693629	87.72
4.849689	0.4	12.	125.24	-20.87	87.666135
4.590542	0.4	12.	167.61	5.61	88.924634
4.645076	0.4	12.	182.204831	29.48	87.72
4.827752	0.4	12.	199.87	48.11	91.677827
4.399167	0.4	12.	119.759953	51.38	87.72
4.949142	0.4	12.	114.81	35.69	85.001291
4.47018	0.4	12.	109.27	48.44	83.614463
4.510981	0.4	12.	72.243835	41.25	87.72
4.508687	0.4	12.	95.58	41.25	88.574398
4.523062	0.4	12.	70.15	4.022406	89.69
5.08625	0.4	12.	150.01	-10.41	91.586344
4.810485	0.4	12.	175.43	12.204546	89.69
4.577588	0.4	12.	171.955876	56.94	89.69
4.562374	0.4	12.	107.48858	24.9	89.69
4.411474	0.4	12.	104.779119	42.55	89.69
4.469411	0.4	12.	118.07	65.920583	89.69
4.460081	0.4	12.	69.18	65.44	93.500166
4.371221	0.4	12.	61.224831	68.06	89.69
4.602481	0.4	12.	63.31	56.94	91.41816
5.151672	0.4	12.	113.546755	1.03	89.69
6.249214	0.4	12.	105.610796	-10.74	89.69
5.103562	0.4	12.	115.79	-16.251078	89.69
5.683952	0.4	12.	181.3	70.35	94.129277
5.103267	0.4	12.	184.88	61.037663	89.69
4.837722	0.4	12.	163.7	20.078949	89.69
4.453784	0.4	12.	122.176913	102.71	89.69
4.442619	0.4	12.	175.699819	22.28	89.69
4.542013	0.4	12.	118.297119	24.25	89.69
6.286467	0.4	12.	132.41	11.82	91.422886
4.43433	0.4	12.	52.55	66.42	94.084021
4.671845	0.4	12.	79.138727	80.48	91.58
4.800673	0.4	12.	85.974999	96.17	91.58
4.555574	0.4	12.	119.37	73.61	95.544722
4.801156	0.4	12.	135.99	71.897144	91.58
4.723439	0.4	12.	124.91	62.17	95.822229
4.628055	0.4	12.	129.47	49.247648	91.58
4.992044	0.4	12.	122.229831	39.61	91.58
4.478638	0.4	12.	90.924339	32.42	91.58
4.459367	0.4	12.	62.33	46.465166	91.58
4.598657	0.4	12.	141.958347	19.67	91.58
4.73849	0.4	12.	159.79	-2.24	96.12215
4.890883	0.4	12.	131.912214	-13.68	91.58
5.0493	0.4	12.	185.53	46.48	92.5702
4.555906	0.4	12.	161.42	54.688084	91.58
5.274789	0.4	12.	145.04279	97.48	91.58
4.69261	0.4	12.	128.5	95.19	93.563435
4.610749	0.4	12.	75.04	58.758654	91.58
4.432941	0.4	12.	110.57	74.701007	91.58
5.244321	0.4	12.	146.42	55.972205	91.58
5.030763	0.4	12.	82.402386	109.91	91.58
4.380316	0.4	12.	101.44	51.191592	92.42
4.548461	0.4	12.	101.12	60.54	88.825149
4.790462	0.4	12.	86.45	59.486474	94.38
4.631335	0.4	12.	100.79	44.52	98.906619
4.441491	0.4	12.	104.7	67.076727	94.38
4.516158	0.4	12.	114.847504	55.63	94.38
4.791699	0.4	12.	81.56	30.13	98.579712
4.702385	0.4	12.	91.99	17.05	99.159939
4.75259	0.4	12.	109.50817	12.8	95.22
4.868842	0.4	12.	72.08758	33.4	96.43
4.505027	0.4	12.	83.52	38.961073	96.43
4.823556	0.4	12.	101.83057	34.05	96.43
5.237304	0.4	12.	113.827205	30.78	96.43
6.16701	0.4	12.	153.92	41.57	91.826306
5.01348	0.4	12.	150.66	47.13	101.067251
4.606006	0.4	12.	178.294971	53.02	97.26
4.790727	0.4	12.	167.888726	62.83	97.26
4.812612	0.4	12.	156.85	19.646529	97.26
6.158662	0.4	12.	145.730854	34.05	98.1
4.421539	0.4	12.	135.99	28.083346	98.1
4.767136	0.4	12.	151.96	5.94	102.556201
4.88931	0.4	12.	149.36	12.8	94.638041
10.535101	0.4	12.	138.6	-28.70952	98.1
5.294459	0.4	12.	97.21	-8.233265	98.1
4.883199	0.4	12.	68.53	11.5	95.791992
4.763455	0.4	12.	82.54	18.437555	98.1
4.540113	0.4	12.	91.01	26.21	100.257231
4.864595	0.4	12.	87.76	88.336768	98.1
4.410127	0.4	12.	94.34934	68.06	98.1
4.452091	0.4	12.	149.084226	72.63	98.1
4.726204	0.4	12.	162.119192	79.83	98.1
4.419325	0.4	12.	159.79	71.33	94.367717
4.386488	0.4	12.	158.81	61.028803	98.1
5.589573	0.4	12.	187.82	34.278339	98.1
4.51164	0.4	12.	126.651512	29.15	98.1
4.860656	0.4	12.	134.36	42.125292	98.1
4.549103	0.4	12.	107.31	59.23	99.500131
4.7962	0.4	12.	107.475769	109.91	99.23
6.777976	0.4	12.	91.01	105.664369	99.23
4.631113	0.4	12.	97.288755	87.02	99.23
6.40626	0.4	12.	150.99	83.63569	99.23
5.43875	0.4	12.	81.567533	67.73	100.07
4.770568	0.4	12.	66.57	82.12	100.434464
5.33512	0.4	12.	46.36	59.56	98.463995
4.736916	0.4	12.	69.83	53.632663	100.9
4.684649	0.4	12.	56.47	49.709806	100.9
4.412738	0.4	12.	47.67	51.06	105.135031
4.76003	0.4	12.	37.024432	49.09	100.9
5.248954	0.4	12.	57.12	17.71	97.975267
4.797981	0.4	12.	60.689428	5.28	100.9
5.102126	0.4	12.	69.970319	1.36	100.9
4.490266	0.4	12.	175.76	11.17	99.713713
6.019329	0.4	12.	189.45	18.585909	102.79
4.3996	0.4	12.	180.32	39.307899	102.79
4.802737	0.4	12.	200.85	35.36	98.323847
5.771304	0.4	12.	205.277038	47.46	103.63
4.502709	0.4	12.	135.34	76.77461	103.63
4.685169	0.4	12.	125.24	75.068218	103.63
5.261838	0.4	12.	112.53	100.39416	103.63
4.626943	0.4	12.	56.877985	73.61	103.63
4.433736	0.4	12.	62.01	37.65	99.502557
4.59304	0.4	12.	74.911323	20.	103.63
4.385744	0.4	12.	77.	6.92	105.116728
5.499618	0.4	12.	96.697342	5.94	103.63
5.395539	0.4	12.	139.25	-13.474313	103.63
4.507467	0.4	12.	143.235306	-3.22	103.63
4.677035	0.4	12.	136.64	3.32	100.921308
4.469982	0.4	12.	169.24	1.961763	103.63
4.446599	0.4	12.	122.96	-12.37	100.931089
4.429116	0.4	12.	126.062172	-21.2	103.63
5.187532	0.4	12.	85.8	3.65	100.558194
4.907869	0.4	12.	159.781808	31.44	103.63
5.154543	0.4	12.	104.05	76.972175	103.63
4.583007	0.4	12.	91.34	78.85	99.775063
4.805427	0.4	12.	90.69	72.31	107.322966
4.467234	0.4	12.	75.7	74.6	107.750744
4.374012	0.4	12.	74.72	85.134356	103.63
4.682148	0.4	12.	167.93	73.29	101.850156
4.857215	0.4	12.	75.897857	42.88	103.63
4.582909	0.4	12.	86.45	44.52	107.675877
5.490497	0.4	12.	91.01	48.77	98.209949
4.72269	0.4	12.	80.26	54.127876	103.63
4.424883	0.4	12.	82.21	79.83	104.22333
4.593513	0.4	12.	105.523002	87.35	103.63
5.105422	0.4	12.	117.41	81.79	101.249382
4.447242	0.4	12.	155.55	74.982491	104.46
4.71573	0.4	12.	162.72	51.571416	104.46
4.798666	0.4	12.	165.732631	39.61	104.46
4.488511	0.4	12.	169.89	29.15	100.062829
4.390258	0.4	12.	146.1	26.21	106.642184
4.848326	0.4	12.	174.260364	46.15	104.46
4.800499	0.4	12.	127.19	-3.54	101.472838
4.487064	0.4	12.	122.63	9.86	100.770177
4.408135	0.4	12.	120.35	19.01	101.291401
4.989513	0.4	12.	128.17	22.28	106.833485
4.610114	0.4	12.	114.284985	48.77	104.46
4.635471	0.4	12.	111.87	37.98	103.118884
4.503813	0.4	12.	127.19	55.63	103.646214
4.654187	0.4	12.	59.4	27.84	105.181523
4.518469	0.4	12.	54.831408	40.59	104.46
4.685369	0.4	12.	65.48751	45.5	105.29
4.598723	0.4	12.	64.252455	66.09	105.29
4.954601	0.4	12.	94.6	92.25	107.529779
4.503513	0.4	12.	73.09	61.850148	105.29
4.711981	0.4	12.	57.12	58.136004	105.29
4.455599	0.4	12.	97.86	82.44	109.119989
4.963241	0.4	12.	171.948132	56.61	105.29
5.221051	0.4	12.	105.03	23.27	101.442623
4.727028	0.4	12.	107.31	43.54	109.903807
4.663446	0.4	12.	115.79	-2.422947	106.2
5.341878	0.4	12.	105.478044	-1.91	106.2
4.731883	0.4	12.	132.73	12.502264	106.2
4.445221	0.4	12.	136.64	49.42	103.837278
4.483888	0.4	12.	135.172968	58.9	106.2
5.164094	0.4	12.	145.77	66.00477	106.2
4.905928	0.4	12.	160.11	-0.6	111.31934
4.851689	0.4	12.	183.9	47.46	111.843474
4.386275	0.4	12.	126.21	45.17	104.053648
4.886916	0.4	12.	124.91	64.07408	107.11
5.165024	0.4	12.	119.37	71.	111.893334
4.416809	0.4	12.	93.954301	35.69	107.11
4.417812	0.4	12.	83.52	13.884128	107.11
4.660518	0.4	12.	112.85	14.76	108.099293
4.609872	0.4	12.	111.22	6.26	103.60286
6.057026	0.4	12.	113.83	-13.265996	107.11
4.611909	0.4	12.	125.56	3.65	107.369747
5.027979	0.4	12.	152.34089	-7.47	107.11
4.590683	0.4	12.	60.979949	18.69	107.11
5.853011	0.4	12.	92.32	59.23	103.881317
4.516095	0.4	12.	134.168814	94.21	107.11
4.675508	0.4	12.	105.36	95.19	110.170104
4.573613	0.4	12.	110.57	66.069236	107.11
4.445703	0.4	12.	145.909942	55.31	107.11
4.383204	0.4	12.	187.935902	62.83	107.11
4.56672	0.4	12.	187.16	71.65	110.808796
5.219228	0.4	12.	179.02	75.58	103.45902
4.489472	0.4	12.	185.547294	81.79	107.11
4.797264	0.4	12.	176.73	86.69	111.385109
4.379212	0.4	12.	168.26	89.573361	107.11
5.130129	0.4	12.	165.33	98.83827	107.11
4.692391	0.4	12.	147.787701	97.48	107.11
4.448392	0.4	12.	141.53	103.37	103.082963
5.341725	0.4	12.	119.04	92.25	108.442454
4.598264	0.4	12.	126.54	84.94228	107.11
4.801561	0.4	12.	165.273056	23.92	107.11
4.778045	0.4	12.	138.6	20.65	103.218457
4.489584	0.4	12.	84.82	88.445229	107.11
5.022358	0.4	12.	118.39	41.9	110.933045
4.642469	0.4	12.	119.7	30.802839	107.11
4.378542	0.4	12.	174.78	21.96	108.295557
5.269441	0.4	12.	162.39	11.17	103.69489
5.015041	0.4	12.	97.249037	49.09	110.06
5.262572	0.4	12.	102.75	60.81685	110.06
4.559043	0.4	12.	118.185368	54.98	110.06
4.56671	0.4	12.	135.99	69.030356	110.06
4.559894	0.4	12.	174.45	62.17	114.120946
4.563191	0.4	12.	91.99	12.70622	111.88
4.736972	0.4	12.	104.03698	11.17	111.88
4.557489	0.4	12.	78.95	36.402711	111.88
4.45334	0.4	12.	76.35	28.5	107.836146
4.812387	0.4	12.	154.9	44.380439	111.88
4.662516	0.4	12.	106.33	33.265234	111.88
4.432059	0.4	12.	155.87	14.45606	112.79
4.523762	0.4	12.	157.740014	24.57	113.63
4.69672	0.4	12.	146.1	17.05	111.077878
4.571049	0.4	12.	148.38	7.683499	113.63
4.529318	0.4	12.	189.906791	40.27	113.63
4.519042	0.4	12.	182.163562	35.36	113.63
4.376996	0.4	12.	175.662163	41.9	113.63
4.484366	0.4	12.	167.490423	70.35	113.63
4.990108	0.4	12.	157.474705	69.04	113.63
4.495855	0.4	12.	93.525531	-1.91	113.63
4.457299	0.4	12.	82.54	22.28	115.882604
4.966422	0.4	12.	95.58	27.84	112.932414
4.402092	0.4	12.	86.45	28.5	109.440189
4.952964	0.4	12.	143.81	35.69	110.055383
5.140835	0.4	12.	132.73	35.36	108.713095
4.481613	0.4	12.	135.14892	26.86	113.63
4.520284	0.4	12.	145.12	47.46	116.900849
4.592463	0.4	12.	151.64	76.88	117.977814
4.671557	0.4	12.	132.08	89.63	115.741714
4.402183	0.4	12.	106.98	105.65	111.235699
5.339531	0.4	12.	106.66	111.54	119.214129
4.452106	0.4	12.	153.92	36.02	116.13962
4.99588	0.4	12.	90.596475	86.04	114.46
4.88202	0.4	12.	150.33	86.04	110.533142
4.541831	0.4	12.	151.31	91.92	118.227614
4.495556	0.4	12.	74.07	45.203338	115.44
4.40103	0.4	12.	84.5	64.79	118.870666
4.421497	0.4	12.	83.19	58.9	112.068186
4.458813	0.4	12.	111.87	25.88	115.180719
4.488723	0.4	12.	100.79	39.355401	116.35
4.396701	0.4	12.	44.045478	49.75	116.35
4.846165	0.4	12.	61.68	38.934284	116.35
4.460916	0.4	12.	61.471381	28.5	116.35
5.1928	0.4	12.	52.082182	20.65	116.35
4.912082	0.4	12.	64.29	1.36	112.412434
4.602665	0.4	12.	66.57	10.84	113.649613
5.376954	0.4	12.	111.917421	61.52	116.35
4.384392	0.4	12.	68.85	82.44	112.447312
4.818525	0.4	12.	174.45	52.69	114.062335
4.468665	0.4	12.	85.8	37.	119.5214
4.40476	0.4	12.	180.65	23.125527	116.35
4.656604	0.4	12.	156.85	55.96	113.733015
4.539539	0.4	12.	146.1	66.156586	116.35
4.493637	0.4	12.	144.14	76.56	112.148205
4.413046	0.4	12.	189.77	59.338182	116.35
4.880764	0.4	12.	201.098761	60.21	116.35
4.825334	0.4	12.	94.140669	66.09	116.35
6.863152	0.4	12.	103.995497	-9.76	116.35
4.45563	0.4	12.	177.979441	10.19	118.09
4.905839	0.4	12.	191.4	34.05	122.032629
4.753156	0.4	12.	200.53	38.63	122.809658
4.493257	0.4	12.	93.867496	75.25	118.93
4.478284	0.4	12.	81.56	78.85	114.824342
4.577748	0.4	12.	93.95	46.688267	118.93
4.705574	0.4	12.	74.39	19.34	120.986859
4.8351	0.4	12.	74.39	8.772303	118.93
4.681952	0.4	12.	80.58	1.30875	118.93
4.622808	0.4	12.	97.53	8.221854	118.93
4.798089	0.4	12.	140.23	0.71	114.908082
4.384265	0.4	12.	135.67	-6.879763	118.93
6.590647	0.4	12.	146.42264	-9.1	118.93
5.249556	0.4	12.	122.63	-13.03	122.648586
4.436955	0.4	12.	200.53	46.15	114.908026
4.563846	0.4	12.	125.89	75.58	117.980537
4.409867	0.4	12.	135.491719	75.25	118.93
5.005801	0.4	12.	103.07	70.35	117.793134
4.743208	0.4	12.	165.65	34.05	116.761416
5.169844	0.4	12.	160.11	81.13	115.510824
5.024989	0.4	12.	117.09	83.1	114.899813
4.572993	0.4	12.	106.66	82.44	123.586172
4.437438	0.4	12.	107.31	51.38	116.81476
5.231902	0.4	12.	175.76	47.13	123.204048
4.588229	0.4	12.	167.61	25.277671	119.76
5.183624	0.4	12.	189.77	23.473272	119.76
4.659014	0.4	12.	191.73	49.42	117.723277
4.500707	0.4	12.	129.187778	23.27	119.76
4.830386	0.4	12.	128.17	33.07	123.460925
4.491193	0.4	12.	130.78	40.92	116.422107
4.790939	0.4	12.	127.19	-3.22	115.564368
5.163283	0.4	12.	128.17	51.38	116.671771
4.396227	0.4	12.	142.51	55.96	122.751074
4.709777	0.4	12.	167.28	54.532767	120.67
4.386849	0.4	12.	167.495619	42.55	120.67
4.622736	0.4	12.	148.38	20.046572	120.67
4.435954	0.4	12.	149.773189	2.01	120.67
4.679753	0.4	12.	169.24	2.67	117.041118
4.42626	0.4	12.	97.53	18.69	117.226239
4.460966	0.4	12.	134.36	17.05	125.105712
4.443265	0.4	12.	108.29	43.278576	121.58
5.517924	0.4	12.	115.850781	34.71	121.58
4.433023	0.4	12.	121.33	24.57	125.572401
4.376012	0.4	12.	139.54837	10.51	121.58
5.07836	0.4	12.	116.76	-3.833197	121.58
4.954585	0.4	12.	126.21	12.575259	121.58
4.462609	0.4	12.	89.953666	2.99	121.58
4.426123	0.4	12.	59.07	55.31	125.341233
4.450865	0.4	12.	75.112171	64.13	121.58
4.508442	0.4	12.	65.27	68.593865	121.58
4.502178	0.4	12.	175.76	34.000041	121.58
4.742843	0.4	12.	135.01	51.71	125.850278
4.392645	0.4	12.	146.770458	29.8	121.58
5.907651	0.4	12.	138.27	28.17	127.34754
4.658749	0.4	12.	137.95	35.36	117.685236
4.660789	0.4	12.	135.67	41.25	124.599537
4.713967	0.4	12.	107.035616	20.	121.58
4.610788	0.4	12.	100.14	26.832606	121.58
4.614996	0.4	12.	112.2	73.94	118.234626
4.543289	0.4	12.	85.8	50.73	125.348494
4.380643	0.4	12.	124.91	62.17	118.712347
4.740569	0.4	12.	120.160977	69.36	122.41
4.540942	0.4	12.	89.06	61.52	126.876095
4.39711	0.4	12.	66.24	33.378863	122.41
4.4613	0.4	12.	184.56	53.416515	122.41
4.550199	0.4	12.	125.89	45.82	126.08966
4.489678	0.4	12.	158.694614	40.27	122.41
4.745929	0.4	12.	86.13	82.270659	122.41
4.451684	0.4	12.	84.98538	91.92	122.41
4.789375	0.4	12.	51.9	45.17	125.575893
4.788722	0.4	12.	93.62	36.67	125.204117
4.435192	0.4	12.	152.41999	58.9	122.41
4.461917	0.4	12.	166.354143	65.44	122.41
4.96023	0.4	12.	108.29	4.654289	122.41
4.42976	0.4	12.	133.934529	3.65	122.41
4.9101	0.4	12.	123.93	2.01	126.002142
4.63498	0.4	12.	157.859266	25.23	123.25
4.484535	0.4	12.	167.93	10.633975	123.25
4.48658	0.4	12.	160.11	-6.503713	123.25
4.756477	0.4	12.	157.5	7.090701	123.25
4.403044	0.4	12.	83.081494	13.13	123.25
4.770639	0.4	12.	63.332632	19.67	123.25
4.85097	0.4	12.	115.807523	15.09	123.25
4.632542	0.4	12.	116.180911	50.07	125.97
4.477686	0.4	12.	123.93	55.31	128.995837
4.842298	0.4	12.	116.44	60.016762	125.97
4.405214	0.4	12.	158.16	66.216072	125.97
4.684984	0.4	12.	132.08	61.058631	125.97
5.850923	0.4	12.	165.	17.71	130.24021
4.548442	0.4	12.	100.14	47.199589	125.97
5.246744	0.4	12.	72.44	83.89676	125.97
4.693407	0.4	12.	139.9	67.08	124.155858
4.415432	0.4	12.	104.7	91.6	125.393498
4.644568	0.4	12.	114.16	97.48	127.788133
5.13182	0.4	12.	121.98	87.35	125.087632
4.726417	0.4	12.	123.28	98.696555	125.97
5.547201	0.4	12.	137.95	95.19	129.896043
9.705317	0.4	12.	138.93	110.14522	125.97
6.31086	0.4	12.	161.09	99.061848	125.97
4.719651	0.4	12.	165.	89.31	122.354669
4.865966	0.4	12.	167.28	82.12	130.693891
4.709074	0.4	12.	184.23	66.42	122.091403
4.989634	0.4	12.	193.721187	73.29	125.97
4.732725	0.4	12.	178.04	70.67	129.273885
4.792186	0.4	12.	192.7	62.63922	125.97
4.934979	0.4	12.	184.359008	78.52	125.97
5.318662	0.4	12.	172.5	75.58	121.716374
4.499269	0.4	12.	176.177575	84.4	125.97
4.559867	0.4	12.	105.491513	61.52	125.97
4.435363	0.4	12.	93.3	11.17	129.609426
4.559863	0.4	12.	91.34	21.63	123.99011
4.556661	0.4	12.	154.24	17.38	127.609495
4.588059	0.4	12.	153.59	46.48	128.554677
4.49411	0.4	12.	173.8	60.21	124.14561
4.825313	0.4	12.	104.014611	37.65	128.47
4.576276	0.4	12.	78.63	36.67	125.658641
4.753415	0.4	12.	136.32	82.12	129.184536
4.59885	0.4	12.	55.260726	81.79	128.47
4.642591	0.4	12.	180.65	38.009482	129.31
4.581151	0.4	12.	161.74	74.54611	129.31
4.907152	0.4	12.	79.28	27.833276	129.31
4.453149	0.4	12.	64.093469	47.79	129.31
4.813065	0.4	12.	98.18	-0.93	126.645268
4.383893	0.4	12.	149.03	8.415959	130.14
4.503289	0.4	12.	145.12	17.05	128.855033
4.449558	0.4	12.	153.27	77.54	127.651771
5.194813	0.4	12.	150.99	83.1	135.304789
5.30139	0.4	12.	149.03	95.23807	130.14
4.45109	0.4	12.	106.66	30.78	134.528771
4.967854	0.4	12.	143.51542	47.13	130.14
4.740793	0.4	12.	146.42	36.750019	130.14
4.524607	0.4	12.	91.99	27.84	130.849639
4.707861	0.4	12.	93.95	86.37	130.444076
4.534942	0.4	12.	87.43	97.078091	130.14
4.373055	0.4	12.	69.83	40.92	126.462458
4.494143	0.4	12.	61.995208	95.52	130.14
4.483701	0.4	12.	71.78	96.584495	130.14
4.612904	0.4	12.	72.532548	105.65	130.14
4.379207	0.4	12.	80.58	102.06	126.825986
4.65615	0.4	12.	83.19	112.52	131.497
4.510211	0.4	12.	74.07	49.75	127.139006
5.56397	0.4	12.	55.81	34.180771	131.8
4.372101	0.4	12.	59.848456	21.3	131.8
5.514731	0.4	12.	64.94	4.63	126.392926
6.135535	0.4	12.	104.05	-12.994603	131.8
5.764643	0.4	12.	92.684023	-8.45	131.8
5.013425	0.4	12.	96.23	67.4	129.444647
5.562351	0.4	12.	81.89	71.33	126.545796
4.389386	0.4	12.	158.81	54.98	129.483294
4.701109	0.4	12.	132.732403	70.02	131.8
4.370466	0.4	12.	86.21825	20.98	131.8
5.011528	0.4	12.	176.606165	55.31	133.55
4.560461	0.4	12.	112.53	25.88	129.012929
4.374681	0.4	12.	76.67	58.25	129.389072
4.905743	0.4	12.	86.13	33.4	137.258675
4.715383	0.4	12.	121.65	36.67	130.870607
4.509381	0.4	12.	102.42	13.13	130.284709
4.872959	0.4	12.	141.86	0.38	129.76664
4.38927	0.4	12.	134.36	-5.047853	134.46
4.446714	0.4	12.	144.111228	-8.78	134.46
5.501509	0.4	12.	118.400453	-8.78	134.46
4.673464	0.4	12.	91.67	75.9	130.795904
4.506809	0.4	12.	94.6	101.183971	134.46
5.061461	0.4	12.	185.86	59.622204	134.46
4.806917	0.4	12.	163.867286	33.4	134.46
4.479928	0.4	12.	123.93	74.6	132.385797
5.317845	0.4	12.	127.52	83.564286	134.46
4.464723	0.4	12.	92.97	47.46	131.94237
4.529221	0.4	12.	171.913023	27.52	135.44
5.185342	0.4	12.	173.47	45.354777	135.44
4.407053	0.4	12.	139.457887	55.31	135.44
5.570412	0.4	12.	103.544446	52.04	135.44
4.916543	0.4	12.	117.2899	52.69	135.44
4.383342	0.4	12.	57.857404	43.54	135.44
4.382629	0.4	12.	73.74	17.71	138.67382
4.709812	0.4	12.	67.52061	11.82	135.44
4.381092	0.4	12.	121.98	8.55	133.135968
4.747973	0.4	12.	128.17	28.872394	135.44
5.266291	0.4	12.	127.19	40.59	140.698824
4.849754	0.4	12.	186.19	29.8	140.288185
4.748057	0.4	12.	197.103373	41.9	135.44
5.223267	0.4	12.	150.66	70.570358	135.44
4.512846	0.4	12.	141.53	76.88	137.040033
4.55909	0.4	12.	53.01562	72.63	135.44
4.450641	0.4	12.	47.34	55.63	134.935847
5.200726	0.4	12.	113.5	80.81	131.201534
4.990409	0.4	12.	128.5	93.789817	135.44
7.732139	0.4	12.	104.7	115.395805	135.44
4.565331	0.4	12.	106.01	102.968293	135.44
7.266574	0.4	12.	121.	109.357484	135.44
4.385325	0.4	12.	84.442351	61.52	136.88
4.57196	0.4	12.	100.14	40.59	136.848635
4.499329	0.4	12.	114.48	35.04	141.134603
4.766967	0.4	12.	134.858182	20.	136.88
4.519441	0.4	12.	144.292511	22.28	136.88
4.954618	0.4	12.	156.510876	22.94	136.88
5.184973	0.4	12.	153.92	33.803669	136.88
4.479338	0.4	12.	166.63	56.61	133.921403
4.460953	0.4	12.	137.054314	37.65	136.88
4.371189	0.4	12.	132.08	44.19	132.577408
4.572259	0.4	12.	129.47	51.605651	136.88
4.763307	0.4	12.	149.943427	1.69	136.88
5.490721	0.4	12.	108.465017	19.34	136.88
4.915848	0.4	12.	96.88	18.443356	136.88
4.809399	0.4	12.	79.28	5.94	138.932709
5.029046	0.4	12.	65.59	59.23	139.024933
4.832308	0.4	12.	55.81	59.56	133.587443
4.683103	0.4	12.	54.18	65.44	141.288959
4.899945	0.4	12.	62.01	67.08	133.529045
5.769079	0.4	12.	63.96	74.27	141.887464
4.745102	0.4	12.	69.5	83.847276	136.88
4.507472	0.4	12.	90.69	82.44	138.135994
4.517327	0.4	12.	109.27	75.25	141.312261
4.831641	0.4	12.	113.18	69.04	132.693507
5.323088	0.4	12.	160.76	78.85	138.486193
4.407022	0.4	12.	108.805738	43.21	136.88
4.42281	0.4	12.	117.722088	26.53	136.88
4.756165	0.4	12.	122.96	20.	140.954078
4.710513	0.4	12.	126.21	16.73	132.423675
5.169975	0.4	12.	127.19	10.84	141.796163
4.495108	0.4	12.	136.97	7.57	133.414048
4.609777	0.4	12.	143.16	10.84	139.713929
4.679982	0.4	12.	99.49	82.44	141.373079
4.436888	0.4	12.	90.04	54.194716	137.87
4.853935	0.4	12.	96.56	61.953543	137.87
4.525162	0.4	12.	159.79	42.23	134.614357
4.453899	0.4	12.	145.77	60.86	140.073515
4.461229	0.4	12.	173.118936	63.15	137.87
4.699933	0.4	12.	166.3	69.859089	137.87
4.442983	0.4	12.	185.53	43.974477	137.87
5.257685	0.4	12.	191.930042	51.38	137.87
6.003139	0.4	12.	179.02	51.38	143.7523
5.532162	0.4	12.	127.19	-2.89	143.198816
4.689102	0.4	12.	105.619475	7.24	137.87
5.444646	0.4	12.	95.296037	0.71	137.87
4.935451	0.4	12.	83.29546	-3.87	137.87
4.507813	0.4	12.	106.83601	-4.53	137.87
4.461886	0.4	12.	112.53	1.69	134.709885
5.680187	0.4	12.	115.79	-2.24	143.547825
4.382128	0.4	12.	114.81	87.67	141.522286
4.505462	0.4	12.	104.7	85.06	134.267109
4.488134	0.4	12.	88.08	91.588309	137.87
4.505129	0.4	12.	81.89	84.716319	137.87
4.636556	0.4	12.	135.99	28.82	141.698032
4.679284	0.4	12.	137.62	46.48	139.452027
4.380866	0.4	12.	153.335707	55.96	137.87
5.404061	0.4	12.	164.02	47.46	142.398681
6.427814	0.4	12.	171.19	37.65	144.172854
4.50348	0.4	12.	118.138294	43.21	137.87
5.07469	0.4	12.	128.61743	63.15	137.87
4.585128	0.4	12.	119.04	67.08	140.821699
4.908287	0.4	12.	119.04	77.86	140.270111
4.535404	0.4	12.	116.183241	11.17	140.52
5.332958	0.4	12.	150.01	45.309705	140.52
4.531371	0.4	12.	61.178494	50.4	140.52
4.824176	0.4	12.	49.730362	47.79	140.52
4.593613	0.4	12.	81.89	13.46	144.463184
5.166354	0.4	12.	78.63	94.54	143.653415
5.022208	0.4	12.	118.07	58.58	145.997958
5.00621	0.4	12.	110.24	60.54	137.041809
4.575667	0.4	12.	102.75	59.56	144.918334
4.44104	0.4	12.	95.086267	47.13	141.43
4.559863	0.4	12.	162.07	62.298811	141.43
4.422106	0.4	12.	58.574583	24.57	141.43
4.501527	0.4	12.	111.042597	66.42	145.44
5.450079	0.4	12.	151.96	17.05	146.302763
4.498043	0.4	12.	68.2	39.245983	146.27
4.404043	0.4	12.	80.91	59.022645	149.
4.390138	0.4	12.	93.434763	37.32	149.
4.387786	0.4	12.	78.3	21.96	145.19492
5.883095	0.4	12.	64.94	1.138517	149.
4.527029	0.4	12.	149.03	36.34	145.875019
5.104321	0.4	12.	143.16	52.033124	149.
4.628353	0.4	12.	158.81	57.203306	149.
4.542365	0.4	12.	148.851641	60.21	149.
5.022757	0.4	12.	160.44	22.632882	149.
5.7077	0.4	12.	184.957083	41.57	149.
4.833708	0.4	12.	102.1	70.67	146.184326
4.537018	0.4	12.	92.38518	66.42	149.
4.560333	0.4	12.	91.67	17.71	145.171507
4.991047	0.4	12.	91.67	24.25	152.436539
5.021237	0.4	12.	85.47	5.444413	149.
4.965586	0.4	12.	99.49	-11.041587	149.
5.369129	0.4	12.	138.046423	42.88	149.
4.409798	0.4	12.	144.14	32.75	153.227786
4.411204	0.4	12.	131.048689	35.69	150.74
4.508221	0.4	12.	128.17	27.19	148.557502
4.729624	0.4	12.	118.990002	22.61	150.74
4.790759	0.4	12.	109.59	19.300558	150.74
4.715748	0.4	12.	94.27	9.86	152.932616
4.493099	0.4	12.	97.228686	1.36	150.74
4.462408	0.4	12.	105.36	32.75	147.716476
4.799921	0.4	12.	85.15	28.17	146.23471
4.419167	0.4	12.	84.82	38.63	147.149411
4.372391	0.4	12.	76.35	35.69	150.64452
4.395288	0.4	12.	77.33	44.19	154.053652
5.173835	0.4	12.	72.44	52.69	155.828293
5.052686	0.4	12.	72.11	62.5	146.661126
4.524043	0.4	12.	65.728714	69.04	150.74
4.521116	0.4	12.	72.685697	76.88	150.74
5.068504	0.4	12.	80.91	72.63	146.058022
4.951546	0.4	12.	105.36	55.63	153.996028
4.729225	0.4	12.	114.387597	49.42	150.74
4.837317	0.4	12.	125.89	63.463113	150.74
4.547862	0.4	12.	135.34	69.04	146.550593
4.576199	0.4	12.	140.88	67.08	154.652454
5.696826	0.4	12.	158.707576	72.63	150.74
4.674547	0.4	12.	143.776924	75.25	150.74
5.440132	0.4	12.	142.84	87.06539	150.74
9.136609	0.4	12.	127.52	89.222146	150.74
5.334219	0.4	12.	121.417176	73.29	150.74
6.564563	0.4	12.	96.56	90.37199	150.74
5.836551	0.4	12.	52.371342	42.88	150.74
4.838888	0.4	12.	66.57	41.9	155.384159
5.134281	0.4	12.	92.32	52.468184	150.74
4.421106	0.4	12.	106.01	49.09	146.967209
4.527	0.4	12.	126.878507	45.17	150.74
4.428377	0.4	12.	120.013927	38.96	150.74
5.224444	0.4	12.	154.24	47.263783	150.74
4.892034	0.4	12.	71.611507	26.86	151.58
4.42274	0.4	12.	112.85	27.84	155.091616
4.399024	0.4	12.	73.73571	17.05	151.58
6.561461	0.4	12.	132.73	17.71	156.797907
5.978423	0.4	12.	140.56	8.010238	152.41
4.558076	0.4	12.	141.21	24.9	149.629069
4.519109	0.4	12.	155.979729	30.46	152.41
4.697272	0.4	12.	148.7	24.25	155.172936
4.671917	0.4	12.	103.73	11.093406	152.41
5.347356	0.4	12.	101.77	20.32	157.253862
4.73867	0.4	12.	84.17	19.34	156.248064
4.701059	0.4	12.	73.09	7.112762	152.41
4.860567	0.4	12.	62.887816	21.3	152.41
4.385503	0.4	12.	65.27	11.807174	152.41
4.724035	0.4	12.	106.87726	40.59	152.41
4.426294	0.4	12.	86.13	44.19	156.372394
4.487607	0.4	12.	122.96	42.23	3.952302
4.892784	0.4	12.	129.15	34.38	0.87187
4.740518	0.4	12.	124.810806	26.53	5.15
5.077325	0.4	12.	132.73	21.96	10.16403
4.514479	0.4	12.	136.97	26.21	1.74459
4.542208	0.4	12.	140.380985	36.67	5.15
5.060806	0.4	12.	142.84	27.19	9.839336
4.608066	0.4	12.	152.62	23.281361	5.15
5.167645	0.4	12.	156.85	31.77	0.757572
4.683045	0.4	12.	166.96	34.05	2.854838
4.603261	0.4	12.	176.08	33.458676	5.15
6.09125	0.4	12.	171.84	44.19	-0.733803
5.049746	0.4	12.	161.42	38.63	9.956357
4.375229	0.4	12.	160.44	43.54	1.132286
5.369829	0.4	12.	165.65	50.73	10.212327
4.426024	0.4	12.	171.52	55.63	2.384838
5.511484	0.4	12.	164.02	65.590585	5.15
5.580438	0.4	12.	188.79	34.05	8.754398
5.001741	0.4	12.	193.384077	42.88	5.15
4.67314	0.4	12.	187.49	50.07	9.238395
8.144662	0.4	12.	184.56	54.32	-2.878664
5.011988	0.4	12.	141.53	82.44	1.525276
4.996133	0.4	12.	142.19	89.31	9.93064
4.911315	0.4	12.	141.53	93.23	0.49647
4.589071	0.4	12.	132.73	98.335987	5.15
4.611627	0.4	12.	128.82	90.29	0.65387
7.88182	0.4	12.	127.84	82.44	12.423663
4.607598	0.4	12.	122.3	97.243469	5.15
4.395438	0.4	12.	144.266898	116.44	5.15
6.15301	0.4	12.	160.44	14.76	-1.239771
6.235037	0.4	12.	170.54	15.09	6.335396
4.566046	0.4	12.	181.053099	26.86	0.38
4.679443	0.4	12.	163.04	25.23	5.022151
4.759955	0.4	12.	138.93	18.69	-4.342435
5.52855	0.4	12.	125.813534	12.48	0.38
7.681829	0.4	12.	162.07	0.915633	0.38
4.499335	0.4	12.	191.4	28.086925	0.38
4.620468	1.	11.	149.28	90.24	-4.36686
5.249475	1.	11.	159.05	56.059407	0.
4.464915	1.	11.	180.10633	82.44	24.01
4.579413	1.	11.	154.57	101.568979	6.74
4.32135	1.	11.	177.71	79.5	58.341808
4.713163	1.	11.	180.97	67.08	60.365866
6.002331	1.	11.	180.32	91.92	58.069576
4.341183	1.	11.	63.31	54.65	117.171134
4.886129	1.	11.	67.55	60.54	126.131762
4.425376	1.	11.	60.05	47.237582	121.35
5.06544	1.	11.	53.86	66.09	125.494379
4.433955	1.	11.	62.33	63.81	162.803375
5.841405	1.	11.	90.69	62.5	161.707649
5.975788	1.	11.	82.87	84.756076	165.36
6.607556	1.	11.	98.84	88.868043	165.44
6.15411	1.	11.	113.5	72.63	171.536971
4.345396	1.	11.	161.09	48.77	157.392122
5.279084	1.	11.	155.87	39.29	158.77907
6.083951	1.	11.	171.84	56.94	159.912523
4.309925	1.	11.	125.89	54.32	150.147314
4.290208	1.	11.	120.67	51.38	157.16803
5.551204	1.	11.	131.1	58.9	158.680219
4.471144	1.	11.	131.1	70.35	157.153355
4.601328	1.	11.	135.01	78.19	154.728325
4.392287	1.	11.	79.93	29.15	155.870583
4.941571	1.	11.	84.17	67.73	154.877484
4.810256	1.	11.	96.56	73.61	154.305402
4.940205	1.	11.	101.44	64.79	156.448451
4.332943	1.	11.	99.16	33.07	155.047605
4.280626	1.	11.	87.43	34.38	154.551743
4.381695	1.	11.	62.121357	46.81	148.92
4.381617	1.	11.	65.27	55.190965	148.92
5.063678	1.	11.	80.26	49.42	146.192446
4.415829	1.	11.	64.324815	30.13	146.8
4.541303	1.	11.	99.860315	74.6	135.59
4.3915	1.	11.	85.15	75.25	137.87724
4.418594	1.	11.	144.005968	113.17	97.72
4.654503	1.	11.	134.04	106.31	96.652155
4.333927	1.	11.	147.4	111.21	64.934249
5.456012	1.	11.	181.3	104.67	65.756588
4.800276	1.	11.	187.49	76.88	53.717423
5.362153	1.	11.	188.79	102.06	54.503683
4.377594	1.	11.	188.14	64.79	52.445486
4.456853	1.	11.	145.44	111.295074	37.27
4.562487	1.	11.	112.85	113.557055	-0.68
4.766999	1.	11.	124.91	112.85	-5.415272
4.380247	1.	11.	142.84	124.94	-1.446688
4.579738	1.	11.	150.33	110.964373	-0.68
5.711826	1.	11.	171.19	23.59	-4.912139
4.808533	1.	11.	185.53	18.052597	-0.68
6.138772	1.	11.	174.78	10.19	-5.490885
5.460808	1.	11.	184.88	37.32	-3.231269
4.577437	1.	11.	150.99	4.96	-3.260798
4.423034	1.	11.	139.25	8.55	-0.805761
4.801659	1.	11.	149.36	17.38	-3.913676
6.722131	1.	11.	114.149765	17.38	-0.68
4.537642	1.	11.	115.46	39.170025	-0.68
7.249664	1.	11.	84.910861	65.11	3.48
4.681784	1.	11.	110.9	95.569763	4.55
4.793555	1.	11.	92.32	80.15	8.62876
5.437334	1.	11.	195.108974	20.65	16.82
4.773031	1.	11.	184.23	12.15	20.378832
4.47257	1.	11.	170.22	4.640671	17.65
5.553728	1.	11.	175.30895	21.96	17.65
5.187886	1.	11.	163.04	18.03	14.466666
5.96984	1.	11.	152.94	2.67	17.173114
5.022276	1.	11.	136.64	1.974405	17.65
4.962881	1.	11.	143.16	12.48	22.217329
4.803731	1.	11.	152.62	101.935788	19.69
4.48557	1.	11.	133.851497	111.54	19.69
5.081321	1.	11.	145.44	130.890765	19.69
4.450771	1.	11.	175.76	112.52	20.721601
4.928059	1.	11.	169.24	97.81	15.185341
4.827157	1.	11.	108.29	97.48	14.932311
4.403551	1.	11.	104.05	89.63	23.440855
4.618382	1.	11.	144.47	1.308379	33.94
5.386833	1.	11.	161.09	-2.89	30.159773
5.496981	1.	11.	177.06	6.367944	33.94
4.690988	1.	11.	188.14	10.2656	33.94
6.404145	1.	11.	131.521984	2.34	33.94
4.807015	1.	11.	136.97	126.91	34.387901
4.729204	1.	11.	147.07	124.523851	34.77
4.839673	1.	11.	147.73	8.23	41.143576
4.288942	1.	11.	114.629097	100.42	38.18
4.425901	1.	11.	122.96	110.23	34.953359
4.430257	1.	11.	97.6026	103.69	38.18
4.342652	1.	11.	194.940371	76.23	38.18
6.052685	1.	11.	203.320245	54.65	38.18
4.655997	1.	11.	204.44	71.351006	38.18
4.884619	1.	11.	195.96	66.09	42.940256
4.836325	1.	11.	156.168349	91.6	38.18
4.552273	1.	11.	157.83	81.657671	38.18
4.585765	1.	11.	147.73	97.81	34.135891
4.281407	1.	11.	138.93	91.372134	38.18
4.418291	1.	11.	146.42	93.56	42.300115
4.727159	1.	11.	107.96	106.31	34.348845
4.631494	1.	11.	112.2	117.926622	41.59
5.959657	1.	11.	173.15	-5.51	36.046152
4.552549	1.	11.	147.4	-8.908924	40.53
4.863928	1.	11.	98.166821	-10.08	40.53
5.10626	1.	11.	108.94	-6.236305	40.53
4.461723	1.	11.	183.9	92.25	45.668174
6.24162	1.	11.	182.6	100.1	36.661272
4.301778	1.	11.	175.43	108.616098	41.44
4.363962	1.	11.	170.22	102.06	38.724213
4.575355	1.	11.	161.488193	101.73	41.44
4.499866	1.	11.	148.163824	103.37	41.44
4.299732	1.	11.	141.53	117.75	42.801151
4.445136	1.	11.	166.974731	115.46	41.44
4.809676	1.	11.	184.23	81.41556	43.33
4.390634	1.	11.	119.04	100.75	50.017832
4.323173	1.	11.	169.24	98.076683	46.97
6.009988	1.	11.	199.93846	77.86	54.01
6.057802	1.	11.	208.667309	68.06	54.01
5.127593	1.	11.	190.1	87.213102	54.01
4.343853	1.	11.	198.995328	62.83	54.01
4.435401	1.	11.	153.27	106.353941	54.84
4.591129	1.	11.	126.54	114.16	50.813161
4.571849	1.	11.	126.54	104.489626	54.84
4.284377	1.	11.	107.511304	108.92	54.84
4.34358	1.	11.	158.48	90.445439	58.33
4.682677	1.	11.	157.001304	76.56	58.33
4.437439	1.	11.	167.61	80.47105	58.33
5.157337	1.	11.	192.38	69.04	62.81955
4.303129	1.	11.	120.163126	112.19	58.33
4.612567	1.	11.	130.13	124.060291	58.33
5.312344	1.	11.	146.1	118.41	53.018368
6.064388	1.	11.	156.85	118.08	63.318393
4.772453	1.	11.	165.65	111.891288	58.33
4.405508	1.	11.	174.45	106.922844	58.33
4.490557	1.	11.	137.110226	117.42	58.33
7.88029	1.	11.	191.385016	95.52	68.78
4.475506	1.	11.	101.44	111.921715	68.78
6.155981	1.	11.	94.6	120.463972	69.61
4.729968	1.	11.	117.09	120.472641	69.61
4.31041	1.	11.	109.27	115.46	65.930506
4.547068	1.	11.	163.37	103.37	66.519276
4.680482	1.	11.	129.47	113.5	69.301923
4.393533	1.	11.	124.26	105.	66.367847
4.785174	1.	11.	140.23	114.121203	75.98
4.875345	1.	11.	131.43	119.71	79.370171
4.283977	1.	11.	140.23	124.635562	75.98
4.576384	1.	11.	146.75	120.37	80.400801
4.307078	1.	11.	155.22	112.19	76.119196
5.266357	1.	11.	168.374797	111.54	75.98
4.444193	1.	11.	150.33	105.65	80.165417
4.755443	1.	11.	160.365003	103.04	75.98
4.900376	1.	11.	150.33	101.4	71.740209
4.497182	1.	11.	118.72	111.54	73.008475
5.679468	1.	11.	175.76	89.31	84.261653
4.47441	1.	11.	165.	94.648976	78.86
4.991512	1.	11.	162.07	84.08	83.421808
4.559824	1.	11.	146.42	84.024044	78.86
4.453323	1.	11.	141.53	77.21	83.206389
4.366159	1.	11.	119.7	101.78794	78.86
4.912324	1.	11.	176.615118	80.15	78.86
4.571858	1.	11.	168.91	75.9	82.663127
4.321833	1.	11.	184.23	88.98	78.407299
4.867457	1.	11.	135.01	106.64	85.159716
4.737198	1.	11.	195.503469	81.79	86.2
6.916618	1.	11.	193.36	94.269316	86.2
5.90397	1.	11.	205.09	87.31629	86.2
4.402037	1.	11.	201.005022	67.08	86.2
4.434294	1.	11.	203.79	75.918065	86.2
4.732899	1.	11.	212.478828	71.	86.2
5.277493	1.	11.	209.	61.49413	86.2
5.62038	1.	11.	204.11	35.789879	86.2
4.35702	1.	11.	207.800141	45.17	86.2
6.03039	1.	11.	200.092315	23.92	86.2
5.101035	1.	11.	189.45	18.69	91.11407
4.294797	1.	11.	193.03	30.46	90.061915
4.352368	1.	11.	188.626751	38.3	86.2
4.347045	1.	11.	192.05	52.031357	86.2
5.025121	1.	11.	72.11	97.15	90.951818
4.50837	1.	11.	64.563552	91.6	87.11
4.88543	1.	11.	57.77	83.965798	87.11
5.080919	1.	11.	53.53	74.92	85.907737
4.684245	1.	11.	191.4	71.59385	90.67
4.289377	1.	11.	185.53	79.897192	90.67
4.37715	1.	11.	98.84	15.375064	91.51
4.308614	1.	11.	97.53	24.422596	91.51
4.693377	1.	11.	130.3013	114.48	91.51
4.439273	1.	11.	152.29	104.669982	91.51
6.764817	1.	11.	157.83	114.533206	91.51
4.510092	1.	11.	165.337269	102.39	91.51
4.449628	1.	11.	200.85	82.77	108.375456
5.237923	1.	11.	211.38661	85.06	104.16
5.611616	1.	11.	191.4	90.00942	104.16
5.71737	1.	11.	176.08	94.21	99.279943
5.091497	1.	11.	171.84	84.08	99.802193
4.469178	1.	11.	168.26	80.48	108.357117
4.503112	1.	11.	159.13	88.98	108.493457
5.54837	1.	11.	155.87	94.54	99.86974
4.309258	1.	11.	181.95	55.96	106.568857
4.464545	1.	11.	193.03	53.02	100.795368
4.301349	1.	11.	177.65538	65.44	104.16
4.597068	1.	11.	193.03	64.46	99.735421
4.323022	1.	11.	191.4	44.983404	104.16
4.328585	1.	11.	194.33	37.	106.292449
5.108775	1.	11.	198.499512	25.23	104.16
4.544164	1.	11.	178.41258	30.46	104.16
4.374127	1.	11.	185.86	26.86	108.016059
4.382408	1.	11.	162.07	65.44	105.447188
4.484461	1.	11.	141.86	84.08	106.533284
4.656977	1.	11.	123.61	100.547444	105.14
5.688042	1.	11.	137.3	112.435954	106.88
4.673879	1.	11.	110.57	116.208074	106.88
4.836908	1.	11.	123.28	117.208506	106.88
4.795605	1.	11.	117.312044	108.92	106.88
4.628575	1.	11.	100.47	110.553968	106.88
4.329899	1.	11.	91.99	108.27	109.989853
4.43046	1.	11.	74.707574	94.54	106.88
4.749507	1.	11.	83.365954	97.81	106.88
4.620484	1.	11.	66.861767	89.96	106.88
4.303499	1.	11.	198.559069	55.31	107.72
4.83165	1.	11.	207.061326	59.56	108.55
5.400687	1.	11.	201.5	68.954911	108.55
8.122644	1.	11.	209.497197	35.04	108.55
4.475997	1.	11.	76.413632	16.07	112.56
4.646691	1.	11.	69.839161	22.61	112.56
4.422519	1.	11.	69.5	34.05	111.079302
4.593393	1.	11.	127.84	98.14	113.753256
5.913232	1.	11.	126.87	110.068126	115.37
4.64816	1.	11.	116.353248	101.73	115.37
4.396804	1.	11.	101.44	86.633282	117.26
4.740954	1.	11.	62.98	71.33	112.92728
4.724599	1.	11.	71.156311	74.27	117.26
4.502638	1.	11.	77.98	67.08	112.962686
6.879137	1.	11.	45.027585	61.84	117.26
4.303478	1.	11.	51.624267	71.65	117.26
5.507567	1.	11.	53.86	49.09	113.096175
4.977807	1.	11.	86.78	101.08	117.324769
5.004728	1.	11.	97.21	104.733576	119.
4.640582	1.	11.	95.181475	94.21	119.
4.501854	1.	11.	106.33	101.4	120.269348
5.18072	1.	11.	114.661564	92.58	119.
4.462172	1.	11.	99.449408	54.98	119.
4.76187	1.	11.	78.728078	53.67	119.
4.422596	1.	11.	89.71	56.20044	119.
4.647294	1.	11.	208.313525	50.07	119.61
4.700969	1.	11.	143.16	81.79	121.123689
4.38681	1.	11.	142.19	91.400504	119.61
4.824163	1.	11.	57.12	62.83	116.662213
4.514724	1.	11.	75.7	90.62	119.113506
4.711779	1.	11.	63.430593	87.67	123.4
4.742728	1.	11.	53.824679	26.86	124.23
4.320176	1.	11.	77.33	66.552768	134.46
4.625069	1.	11.	74.39	75.477733	134.46
4.590966	1.	11.	118.308714	92.25	134.46
4.324198	1.	11.	108.29	93.88	136.075737
4.481899	1.	11.	77.875522	38.96	134.46
5.482094	1.	11.	71.13	32.75	139.270096
4.395575	1.	11.	69.83	21.63	131.417056
4.282914	1.	11.	66.24	40.92	136.355242
5.238826	1.	11.	75.37	55.96	139.15445
4.288462	1.	11.	86.78	5.28	130.396943
4.315554	1.	11.	85.8	12.15	136.276233
4.68964	1.	11.	76.67	11.5	129.909014
5.302557	1.	11.	40.80307	48.11	134.46
4.606836	1.	11.	46.583458	39.29	134.46
8.503377	1.	11.	42.12	23.150444	134.46