4.383929	0.400000	12.000000	213.375689	99.160000	0.830000	
7.698092	0.400000	12.000000	205.650000	86.080000	5.481542	
5.272938	0.400000	12.000000	140.470000	159.320000	2.218717	
7.838918	0.400000	12.000000	126.363842	146.570000	0.830000	
7.038817	0.400000	12.000000	129.710000	124.330000	-2.598670	
5.124965	0.400000	12.000000	144.050000	137.740000	1.013412	
4.802228	0.400000	12.000000	166.758325	95.890000	0.830000	
5.092697	0.400000	12.000000	178.600000	77.185096	0.830000	
7.650929	0.400000	12.000000	107.220000	194.950000	-3.414538	
5.850179	0.400000	12.000000	91.624830	185.800000	0.830000	
7.050374	0.400000	12.000000	106.570000	176.650000	5.298058	
6.798412	0.400000	12.000000	108.520000	164.880000	-4.709898	
6.626441	0.400000	12.000000	114.331258	103.410000	0.830000	
8.324166	0.400000	12.000000	103.640000	90.228360	0.830000	
4.642615	0.400000	12.000000	97.770000	107.010000	0.609503	
5.587484	0.400000	12.000000	148.257885	70.720000	1.820000	
10.328366	0.400000	12.000000	79.520000	161.280000	-6.006798	
6.370030	0.400000	12.000000	79.377220	176.970000	2.650000	
5.522909	0.400000	12.000000	79.840000	203.972077	2.650000	
5.567106	0.400000	12.000000	49.205987	199.530000	2.650000	
9.890406	0.400000	12.000000	61.920000	165.200000	3.934314	
4.458011	0.400000	12.000000	195.220000	92.620000	12.216176	
4.977252	0.400000	12.000000	186.750000	73.980000	13.257750	
4.553188	0.400000	12.000000	196.850000	64.180000	16.944586	
5.479179	0.400000	12.000000	205.980000	86.080000	22.164179	
7.324739	0.400000	12.000000	207.316126	99.490000	22.350000	
4.670750	0.400000	12.000000	207.280000	111.910000	20.725805	
5.046329	0.400000	12.000000	205.101354	130.870000	24.160000	
5.902830	0.400000	12.000000	210.540000	122.050000	19.617354	
5.035421	0.400000	12.000000	186.750000	126.850218	25.000000	
6.759939	0.400000	12.000000	173.710000	101.120000	33.228006	
4.500647	0.400000	12.000000	174.690000	89.020000	24.725733	
4.848491	0.400000	12.000000	180.230000	79.870000	25.270240	
4.628194	0.400000	12.000000	184.790000	72.226354	37.500000	
6.011790	0.400000	12.000000	192.940000	67.639475	45.220000	
5.533476	0.400000	12.000000	91.913964	183.180000	31.890000	
6.349743	0.400000	12.000000	106.638266	191.680000	31.890000	
5.547192	0.400000	12.000000	103.566622	178.930000	31.890000	
4.527694	0.400000	12.000000	110.480000	159.939529	31.890000	
5.335334	0.400000	12.000000	132.086811	161.280000	31.890000	
5.073244	0.400000	12.000000	141.120000	156.050000	35.539367	
5.321208	0.400000	12.000000	140.601618	134.800000	32.720000	
4.395785	0.400000	12.000000	127.100000	131.850000	34.036453	
4.380304	0.400000	12.000000	124.188617	120.740000	32.720000	
4.413020	0.400000	12.000000	116.020000	108.883009	32.720000	
5.588138	0.400000	12.000000	121.240000	89.786123	32.720000	
5.752405	0.400000	12.000000	159.037443	65.810000	32.720000	
5.112041	0.400000	12.000000	149.270000	58.620000	35.911194	
6.580538	0.400000	12.000000	162.630000	46.831954	32.720000	
4.378744	0.400000	12.000000	168.170000	58.694857	32.720000	
4.375777	0.400000	12.000000	161.000000	75.789637	32.720000	
4.796968	0.400000	12.000000	152.530000	133.160000	32.240738	
6.414414	0.400000	12.000000	176.965220	146.240000	33.560000	
5.069713	0.400000	12.000000	188.050000	136.702594	33.560000	
5.324322	0.400000	12.000000	74.630000	166.278378	34.620000	
5.470583	0.400000	12.000000	81.470000	187.456570	34.620000	
4.993203	0.400000	12.000000	83.100000	202.470000	37.268460	
8.004154	0.400000	12.000000	103.432344	207.380000	35.600000	
4.523509	0.400000	12.000000	65.691771	200.190000	44.840000	
5.137672	0.400000	12.000000	63.220000	186.649033	44.840000	
4.470611	0.400000	12.000000	116.350000	197.183083	44.840000	
4.425903	0.400000	12.000000	82.450000	143.632797	44.840000	
6.409145	0.400000	12.000000	39.430000	166.762081	44.840000	
5.331389	0.400000	12.000000	47.580000	198.220000	49.432849	
4.981626	0.400000	12.000000	44.334871	189.400000	44.840000	
6.887396	0.400000	12.000000	51.490000	141.010000	42.196523	
7.110550	0.400000	12.000000	67.460000	143.950000	39.015483	
5.440363	0.400000	12.000000	95.916877	99.160000	44.840000	
4.707690	0.400000	12.000000	90.391357	112.240000	44.840000	
4.693170	0.400000	12.000000	90.270000	90.660000	47.276038	
4.698151	0.400000	12.000000	99.087855	83.470000	44.840000	
4.640035	0.400000	12.000000	110.480000	84.770000	45.352481	
7.793624	0.400000	12.000000	110.480000	65.956941	44.840000	
6.920411	0.400000	12.000000	126.450000	72.350000	47.814652	
4.470739	0.400000	12.000000	132.900298	61.890000	48.630000	
4.413266	0.400000	12.000000	132.970000	51.750000	48.430633	
5.840289	0.400000	12.000000	145.030000	40.054015	49.920000	
4.485294	0.400000	12.000000	147.960000	57.640000	50.757707	
5.243796	0.400000	12.000000	155.130000	65.318236	49.920000	
6.277741	0.400000	12.000000	147.310000	74.248431	49.920000	
4.738565	0.400000	12.000000	161.330000	76.270000	52.338103	
4.447602	0.400000	12.000000	170.130000	56.330000	53.669941	
5.224457	0.400000	12.000000	183.490000	54.101000	49.920000	
6.237114	0.400000	12.000000	192.940000	48.160000	54.800431	
5.860018	0.400000	12.000000	201.410000	39.312059	55.830000	
6.770930	0.400000	12.000000	205.330000	50.642515	60.150000	
4.943973	0.400000	12.000000	180.560000	66.140000	57.106795	
6.918686	0.400000	12.000000	174.582988	86.080000	60.150000	
4.844885	0.400000	12.000000	219.214044	84.770000	60.150000	
4.858517	0.400000	12.000000	209.412359	83.470000	60.150000	
5.480666	0.400000	12.000000	202.720000	89.020000	52.889028	
4.800969	0.400000	12.000000	208.260000	107.557753	50.530000	
4.523995	0.400000	12.000000	210.064972	118.450000	50.530000	
4.695052	0.400000	12.000000	194.570000	94.910000	36.583392	
6.396537	0.400000	12.000000	176.970000	103.744101	54.310000	
5.918563	0.400000	12.000000	202.214382	126.950000	58.180000	
5.782813	0.400000	12.000000	192.103658	89.020000	58.180000	
5.909149	0.400000	12.000000	127.430000	86.410000	43.385782	
6.491347	0.400000	12.000000	153.830000	95.240000	60.000658	
5.200362	0.400000	12.000000	121.560000	105.370000	54.806673	
6.169371	0.400000	12.000000	134.934660	107.330000	53.930000	
4.852461	0.400000	12.000000	127.430000	118.522515	53.930000	
6.149882	0.400000	12.000000	134.270000	134.720150	57.270000	
7.128824	0.400000	12.000000	129.710000	159.640000	56.161254	
7.715973	0.400000	12.000000	110.968933	132.830000	66.130000	
7.056558	0.400000	12.000000	103.596226	110.930000	68.630000	
4.918108	0.400000	12.000000	89.950000	112.213929	68.630000	
4.882102	0.400000	12.000000	116.020000	87.390000	71.600014	
6.074207	0.400000	12.000000	109.500000	79.540000	62.591017	
5.466803	0.400000	12.000000	146.330000	75.075656	68.630000	
4.575557	0.400000	12.000000	136.104902	59.600000	68.630000	
4.785113	0.400000	12.000000	150.570000	53.298772	68.630000	
6.039964	0.400000	12.000000	157.740000	66.790000	64.007157	
5.516541	0.400000	12.000000	166.540000	54.513875	68.630000	
5.324919	0.400000	12.000000	177.300000	57.199739	68.630000	
5.186580	0.400000	12.000000	163.610000	43.721559	68.630000	
8.250129	0.400000	12.000000	180.880000	41.044613	68.630000	
5.711417	0.400000	12.000000	150.570000	37.805627	68.630000	
7.135198	0.400000	12.000000	131.010000	48.160000	64.427599	
5.092410	0.400000	12.000000	122.002427	56.660000	68.630000	
4.651795	0.400000	12.000000	124.500000	77.580000	72.332520	
4.782820	0.400000	12.000000	132.640000	84.373254	68.630000	
6.839239	0.400000	12.000000	140.140000	92.620000	62.432500	
6.877636	0.400000	12.000000	157.582150	84.450000	68.630000	
4.384430	0.400000	12.000000	166.601828	92.290000	68.630000	
5.324438	0.400000	12.000000	90.920000	93.009444	69.690000	
5.419253	0.400000	12.000000	129.888370	106.030000	69.690000	
5.091803	0.400000	12.000000	124.639027	124.660000	69.690000	
5.364847	0.400000	12.000000	108.520000	97.247374	69.690000	
4.897340	0.400000	12.000000	86.040000	67.450000	67.152107	
4.615645	0.400000	12.000000	76.580000	70.720000	75.385936	
5.390325	0.400000	12.000000	81.800000	82.160000	76.529816	
5.902147	0.400000	12.000000	67.041427	163.890000	71.580000	
4.519975	0.400000	12.000000	75.610000	178.623687	71.580000	
4.872729	0.400000	12.000000	86.360000	175.660000	72.589657	
6.869279	0.400000	12.000000	98.495191	178.280000	71.580000	
5.067582	0.400000	12.000000	105.920000	188.740000	76.611408	
5.616613	0.400000	12.000000	90.749252	210.970000	71.580000	
7.302846	0.400000	12.000000	113.918988	156.370000	71.960000	
5.909529	0.400000	12.000000	111.460000	170.581670	71.960000	
5.189434	0.400000	12.000000	74.300000	191.577858	82.190000	
5.057075	0.400000	12.000000	56.926201	187.430000	82.190000	
5.688876	0.400000	12.000000	51.810000	197.900000	87.051477	
5.850798	0.400000	12.000000	60.940000	209.990000	84.386636	
4.618612	0.400000	12.000000	72.020000	205.073609	83.100000	
4.818862	0.400000	12.000000	52.460000	173.576510	79.690000	
4.480717	0.400000	12.000000	47.013855	186.130000	80.600000	
4.395550	0.400000	12.000000	41.818955	206.400000	80.600000	
5.517543	0.400000	12.000000	25.090000	204.958471	80.600000	
7.357737	0.400000	12.000000	32.260000	215.220000	85.985380	
5.617066	0.400000	12.000000	20.043795	179.910000	83.020000	
6.293290	0.400000	12.000000	38.120000	164.220000	78.630809	
4.379341	0.400000	12.000000	55.400000	141.355298	91.810000	
7.624529	0.400000	12.000000	67.130000	162.910000	91.799282	
6.048096	0.400000	12.000000	90.270000	178.280000	96.375037	
5.448111	0.400000	12.000000	101.664913	193.320000	93.170000	
4.595133	0.400000	12.000000	107.870000	166.006770	49.990000	
5.424833	0.400000	12.000000	74.630000	162.367093	49.990000	
5.001637	0.400000	12.000000	76.260000	174.360000	52.115904	
5.203761	0.400000	12.000000	90.270000	184.637645	50.980000	
4.547099	0.400000	12.000000	104.610000	185.150000	48.344321	
5.985513	0.400000	12.000000	100.351344	194.630000	51.810000	
5.506284	0.400000	12.000000	92.603403	209.010000	51.810000	
4.739606	0.400000	12.000000	96.470000	218.834082	51.810000	
7.939190	0.400000	12.000000	79.190000	218.911591	54.540000	
7.166910	0.400000	12.000000	81.696040	138.390000	64.310000	
5.044467	0.400000	12.000000	58.980000	141.340000	59.844968	
5.087274	0.400000	12.000000	68.760000	144.242434	64.310000	
4.874552	0.400000	12.000000	58.204114	100.140000	64.310000	
9.106315	0.400000	12.000000	76.580000	108.383138	64.310000	
5.027745	0.400000	12.000000	40.080000	144.130906	64.310000	
6.336362	0.400000	12.000000	77.240000	189.720000	65.291756	
4.411702	0.400000	12.000000	56.700000	192.990000	64.158707	
4.954374	0.400000	12.000000	47.580000	196.049278	65.140000	
5.388443	0.400000	12.000000	38.780000	207.700000	64.879087	
5.323317	0.400000	12.000000	69.121743	209.990000	65.140000	
6.421532	0.400000	12.000000	34.860000	191.030000	70.034518	
4.586621	0.400000	12.000000	62.584646	200.510000	67.190000	
7.287685	0.400000	12.000000	92.880000	193.864840	67.190000	
5.152116	0.400000	12.000000	106.570000	198.220000	67.634704	
4.488068	0.400000	12.000000	84.730000	203.860904	67.190000	
6.956473	0.400000	12.000000	98.100000	223.881896	67.190000	
5.892603	0.400000	12.000000	129.060000	162.644911	74.390000	
5.766624	0.400000	12.000000	136.947192	137.740000	74.390000	
5.329827	0.400000	12.000000	193.590000	99.140234	74.390000	
7.322619	0.400000	12.000000	212.170000	87.862652	74.390000	
5.388277	0.400000	12.000000	233.661237	99.490000	74.390000	
5.666048	0.400000	12.000000	221.620000	102.128038	74.390000	
4.892198	0.400000	12.000000	227.490000	89.350000	76.753807	
4.654121	0.400000	12.000000	170.450000	108.640000	75.471513	
5.154684	0.400000	12.000000	194.900000	116.454593	74.390000	
5.175859	0.400000	12.000000	190.990000	128.755419	74.390000	
4.667550	0.400000	12.000000	201.694506	126.300000	74.390000	
5.196923	0.400000	12.000000	152.366016	110.930000	74.390000	
5.061305	0.400000	12.000000	147.151807	90.990000	74.390000	
6.482701	0.400000	12.000000	142.100000	181.073232	74.390000	
5.860125	0.400000	12.000000	130.040000	176.970000	74.555531	
5.338662	0.400000	12.000000	101.350000	158.079178	76.660000	
4.419742	0.400000	12.000000	116.350000	85.750000	81.742569	
4.631351	0.400000	12.000000	111.780000	79.870000	89.745969	
7.022036	0.400000	12.000000	107.881804	93.930000	85.290000	
6.648818	0.400000	12.000000	102.030469	108.640000	85.290000	
5.776754	0.400000	12.000000	87.990000	109.016867	85.290000	
7.345559	0.400000	12.000000	88.922632	93.930000	85.290000	
4.613043	0.400000	12.000000	98.420000	84.628593	85.290000	
5.180244	0.400000	12.000000	95.317908	72.020000	85.290000	
4.776311	0.400000	12.000000	74.300000	94.726992	85.290000	
5.106048	0.400000	12.000000	70.070000	86.740000	89.456977	
7.915543	0.400000	12.000000	156.440000	64.500000	81.651145	
5.397078	0.400000	12.000000	153.830000	49.460000	90.012441	
4.382968	0.400000	12.000000	159.700000	35.699053	87.040000	
6.037563	0.400000	12.000000	166.540000	45.210000	90.985641	
6.788075	0.400000	12.000000	146.264845	39.000000	87.040000	
5.054819	0.400000	12.000000	179.900000	49.790000	83.484084	
5.112289	0.400000	12.000000	182.571597	59.930000	87.040000	
8.277948	0.400000	12.000000	165.560000	75.950000	91.619278	
5.127821	0.400000	12.000000	163.280000	92.620000	92.027328	
4.577153	0.400000	12.000000	143.985523	89.680000	95.520000	
4.780742	0.400000	12.000000	137.551955	77.580000	96.430000	
5.374425	0.400000	12.000000	140.470000	64.703114	105.970000	
5.637926	0.400000	12.000000	131.990000	73.868568	106.880000	
7.700828	0.400000	12.000000	156.760000	58.950000	101.319746	
4.907779	0.400000	12.000000	167.840000	65.160000	102.574089	
4.678554	0.400000	12.000000	177.950000	62.870000	111.132377	
4.761780	0.400000	12.000000	172.410000	54.314178	106.880000	
10.157050	0.400000	12.000000	178.930000	39.497277	106.880000	
4.889525	0.400000	12.000000	162.630000	45.210000	110.814671	
4.562107	0.400000	12.000000	149.270000	50.967986	106.880000	
4.385621	0.400000	12.000000	126.780000	112.561899	94.910000	
5.333460	0.400000	12.000000	116.350000	122.904829	94.910000	
5.131745	0.400000	12.000000	125.800000	130.546670	94.910000	
5.609320	0.400000	12.000000	162.300000	118.450000	97.346700	
4.596501	0.400000	12.000000	112.760000	108.501837	94.910000	
4.636260	0.400000	12.000000	97.120000	113.316494	94.910000	
6.308121	0.400000	12.000000	66.810000	106.030000	95.651100	
5.113942	0.400000	12.000000	96.017865	68.100000	101.280000	
5.968141	0.400000	12.000000	109.201624	73.330000	101.280000	
5.309742	0.400000	12.000000	117.000000	85.430000	100.163184	
4.434682	0.400000	12.000000	115.040000	97.196690	101.280000	
9.198405	0.400000	12.000000	147.310000	132.830000	94.750115	
4.687921	0.400000	12.000000	127.750000	153.576143	101.280000	
4.816479	0.400000	12.000000	117.330000	147.914408	101.280000	
5.196260	0.400000	12.000000	134.629987	175.340000	101.280000	
5.557411	0.400000	12.000000	125.150000	169.770814	101.280000	
5.526252	0.400000	12.000000	113.364676	172.390000	101.280000	
5.741147	0.400000	12.000000	118.950000	159.676359	101.280000	
4.919648	0.400000	12.000000	106.240000	184.954055	101.280000	
5.751370	0.400000	12.000000	123.840000	186.450000	98.595174	
5.883529	0.400000	12.000000	115.040000	187.760000	107.122393	
6.110329	0.400000	12.000000	71.370000	124.623285	101.280000	
4.874087	0.400000	12.000000	90.600000	112.472702	108.930000	
4.441429	0.400000	12.000000	86.360000	104.004083	108.930000	
6.466173	0.400000	12.000000	89.950000	90.849477	108.930000	
6.343149	0.400000	12.000000	79.520000	83.790000	114.897834	
6.536107	0.400000	12.000000	76.580000	70.847086	108.930000	
4.960815	0.400000	12.000000	89.373139	59.600000	108.930000	
4.894942	0.400000	12.000000	114.390000	58.290000	110.662615	
5.405926	0.400000	12.000000	160.670000	80.850000	111.071306	
5.918461	0.400000	12.000000	173.060000	76.572462	108.930000	
4.730320	0.400000	12.000000	160.020000	71.700000	104.649550	
4.906832	0.400000	12.000000	146.330000	120.080000	106.328588	
5.674034	0.400000	12.000000	144.700000	106.680000	110.358087	
5.110582	0.400000	12.000000	150.240000	92.950000	104.925964	
6.388408	0.400000	12.000000	167.520000	125.154265	108.930000	
4.963867	0.400000	12.000000	131.340000	87.390000	110.139900	
4.510614	0.400000	12.000000	99.400000	80.862674	108.930000	
6.274525	0.400000	12.000000	109.396857	91.310000	108.930000	
4.992814	0.400000	12.000000	62.566454	79.540000	108.930000	
4.772718	0.400000	12.000000	62.570000	110.930000	107.009635	
4.846747	0.400000	12.000000	50.587984	91.310000	111.580000	
4.378852	0.400000	12.000000	127.438874	114.850000	111.580000	
5.573849	0.400000	12.000000	124.820000	132.088866	111.580000	
6.324477	0.400000	12.000000	117.646900	122.050000	111.580000	
6.082482	0.400000	12.000000	110.626145	105.040000	111.580000	
7.030677	0.400000	12.000000	98.420000	118.780000	116.762132	
4.905659	0.400000	12.000000	53.120000	106.030000	115.172691	
7.187638	0.400000	12.000000	33.874035	111.260000	111.580000	
6.701563	0.400000	12.000000	69.410000	111.506984	117.560000	
4.638421	0.400000	12.000000	109.180000	74.310000	117.214956	
4.546170	0.400000	12.000000	100.050000	65.855533	117.560000	
5.688219	0.400000	12.000000	120.802697	93.600000	117.560000	
4.543667	0.400000	12.000000	117.330000	83.540646	117.560000	
4.450907	0.400000	12.000000	149.590000	134.451705	117.560000	
5.417389	0.400000	12.000000	128.662941	169.450000	117.560000	
5.200450	0.400000	12.000000	140.352638	154.740000	117.560000	
5.965673	0.400000	12.000000	126.618725	153.110000	117.560000	
8.603171	0.400000	12.000000	140.918412	178.610000	117.560000	
4.398960	0.400000	12.000000	127.286448	186.450000	117.560000	
4.958202	0.400000	12.000000	115.040000	183.689902	117.560000	
5.049553	0.400000	12.000000	55.400000	143.950000	110.508471	
4.686033	0.400000	12.000000	53.235578	132.830000	114.530000	
6.386824	0.400000	12.000000	41.380000	139.470940	114.530000	
5.495083	0.400000	12.000000	45.456778	119.430000	114.530000	
6.540477	0.400000	12.000000	74.575469	169.780000	115.370000	
5.385368	0.400000	12.000000	63.795299	183.510000	115.370000	
5.253791	0.400000	12.000000	77.240000	182.860000	109.125900	
4.829266	0.400000	12.000000	77.560000	188.740000	117.830386	
4.388029	0.400000	12.000000	83.100000	196.642755	114.530000	
8.859569	0.400000	12.000000	104.940000	201.539377	114.530000	
5.365089	0.400000	12.000000	169.150000	70.523447	119.380000	
5.124897	0.400000	12.000000	105.590000	174.801599	120.220000	
6.169321	0.400000	12.000000	102.352696	187.760000	120.220000	
4.466706	0.400000	12.000000	67.460000	195.009881	113.320000	
5.597590	0.400000	12.000000	58.774194	203.450000	114.160000	
6.370906	0.400000	12.000000	43.997503	200.840000	122.640000	
4.813692	0.400000	12.000000	51.490000	212.457894	125.140000	
4.990016	0.400000	12.000000	65.929730	163.890000	128.470000	
4.598846	0.400000	12.000000	53.120000	166.938304	129.310000	
4.406116	0.400000	12.000000	43.340000	166.747862	130.210000	
4.809936	0.400000	12.000000	57.030000	149.180000	130.090817	
5.436816	0.400000	12.000000	57.350000	137.740000	133.732971	
5.222937	0.400000	12.000000	69.410000	128.083804	120.970000	
5.532355	0.400000	12.000000	21.830000	132.830000	117.286464	
5.224458	0.400000	12.000000	24.760000	146.570000	125.692895	
5.104629	0.400000	12.000000	28.350000	155.720000	122.055914	
5.222409	0.400000	12.000000	5.385282	156.370000	123.170000	
5.065699	0.400000	12.000000	4.651293	134.800000	124.310000	
4.664725	0.400000	12.000000	-3.590000	146.890000	126.373909	
5.869356	0.400000	12.000000	-11.090000	150.820000	118.797980	
5.705218	0.400000	12.000000	-4.349312	161.930000	131.270000	
4.949905	0.400000	12.000000	2.270000	166.840000	141.615686	
4.723047	0.400000	12.000000	0.970000	156.050000	139.775637	
5.511267	0.400000	12.000000	7.911059	147.550000	142.790000	
10.297977	0.400000	12.000000	-14.242753	144.930000	142.790000	
5.539915	0.400000	12.000000	5.530000	135.120000	144.504838	
5.412094	0.400000	12.000000	27.338749	132.830000	145.820000	
5.075335	0.400000	12.000000	24.415145	167.160000	119.380000	
4.669218	0.400000	12.000000	13.350000	173.050000	100.936163	
8.886622	0.400000	12.000000	-19.570000	178.963854	128.090000	
6.123443	0.400000	12.000000	7.490000	183.180000	117.746614	
7.139124	0.400000	12.000000	11.720000	198.104644	132.110000	
5.735905	0.400000	12.000000	30.920145	196.590000	132.110000	
4.577006	0.400000	12.000000	27.040000	188.090000	137.106447	
5.896994	0.400000	12.000000	25.740000	175.660000	143.588999	
4.790964	0.400000	12.000000	35.840000	174.360000	137.989537	
5.269315	0.400000	12.000000	47.043350	178.930000	143.700000	
6.058138	0.400000	12.000000	59.640000	183.162937	142.790000	
4.954090	0.400000	12.000000	74.630000	173.380000	144.861850	
6.794440	0.400000	12.000000	67.130000	192.340000	148.871004	
5.586509	0.400000	12.000000	57.350000	202.880566	144.150000	
4.637256	0.400000	12.000000	71.040000	204.760000	153.579926	
4.617861	0.400000	12.000000	62.661027	164.550000	151.650000	
4.562866	0.400000	12.000000	53.680692	158.660000	151.650000	
6.412065	0.400000	12.000000	37.743713	163.240000	151.650000	
6.252254	0.400000	12.000000	-8.429787	164.550000	151.650000	
4.616115	0.400000	12.000000	23.751646	121.060000	151.650000	
5.302103	0.400000	12.000000	60.958514	134.140000	151.650000	
4.622517	0.400000	12.000000	30.950000	144.280000	152.062409	
6.281571	0.400000	12.000000	45.620000	144.791976	151.650000	
4.716504	0.400000	12.000000	76.910000	186.612762	151.650000	
5.829977	0.400000	12.000000	90.270000	180.128226	151.650000	
6.164731	0.400000	12.000000	94.180000	152.120000	156.660166	
4.977324	0.400000	12.000000	139.490000	66.140000	129.155588	
6.869978	0.400000	12.000000	155.908935	72.020000	131.270000	
4.980409	0.400000	12.000000	159.040000	85.705612	131.270000	
4.675867	0.400000	12.000000	155.460000	96.961603	132.340000	
9.369276	0.400000	12.000000	143.730000	127.446838	133.470000	
7.752288	0.400000	12.000000	134.600000	155.720000	137.468603	
4.635431	0.400000	12.000000	111.780000	80.200000	140.794385	
4.859541	0.400000	12.000000	110.480000	92.620000	132.676394	
6.342262	0.400000	12.000000	86.040000	103.080000	134.013484	
5.461743	0.400000	12.000000	91.250000	84.120000	138.327737	
4.371533	0.400000	12.000000	79.190000	84.770000	136.911839	
5.131220	0.400000	12.000000	49.860000	104.615988	137.330000	
4.894248	0.400000	12.000000	46.920000	90.990000	138.620569	
4.696525	0.400000	12.000000	57.680000	95.921967	137.330000	
6.063376	0.400000	12.000000	75.610000	72.020000	139.534669	
6.808707	0.400000	12.000000	83.100000	61.560000	133.521317	
6.866852	0.400000	12.000000	93.530000	53.252232	137.330000	
4.856886	0.400000	12.000000	95.490000	65.810000	135.582048	
5.099304	0.400000	12.000000	113.090000	64.965186	137.330000	
6.024487	0.400000	12.000000	111.460000	53.710000	142.602110	
5.034127	0.400000	12.000000	126.951453	57.960000	137.330000	
6.004899	0.400000	12.000000	94.180000	95.560000	142.332604	
6.328482	0.400000	12.000000	104.447214	104.060000	138.320000	
4.461868	0.400000	12.000000	71.370000	104.993661	138.320000	
4.581277	0.400000	12.000000	62.012299	114.530000	138.320000	
6.049754	0.400000	12.000000	87.340000	114.200000	142.461390	
6.176863	0.400000	12.000000	81.470000	123.155264	148.620000	
5.035795	0.400000	12.000000	136.880000	93.270000	150.881097	
5.783027	0.400000	12.000000	147.640000	92.183388	152.030000	
4.631512	0.400000	12.000000	155.130000	85.430000	148.589626	
7.440660	0.400000	12.000000	167.190000	87.100957	152.030000	
4.379270	0.400000	12.000000	142.248002	104.390000	153.550000	
5.268967	0.400000	12.000000	145.758141	117.140000	153.550000	
6.296006	0.400000	12.000000	136.550000	158.340000	155.558201	
5.366517	0.400000	12.000000	118.630000	185.470000	154.101471	
5.322658	0.400000	12.000000	112.110000	177.300000	157.364098	
4.865102	0.400000	12.000000	91.900000	107.305530	153.550000	
5.578076	0.400000	12.000000	74.630000	112.890000	150.543951	
5.746759	0.400000	12.000000	59.960000	105.700000	147.272298	
6.540993	0.400000	12.000000	50.180000	104.654025	163.320000	
5.102141	0.400000	12.000000	58.660000	86.765166	165.510000	
4.817922	0.400000	12.000000	68.760000	96.540000	170.111347	
4.575866	0.400000	12.000000	77.751429	102.100000	167.480000	
4.512736	0.400000	12.000000	80.490000	112.917219	167.480000	
4.955964	0.400000	12.000000	89.950000	117.916615	167.480000	
5.113285	0.400000	12.000000	81.800000	136.871357	167.480000	
4.477718	0.400000	12.000000	95.810000	107.959709	167.480000	
4.427810	0.400000	12.000000	89.300000	91.310000	169.375558	
5.339030	0.400000	12.000000	81.341234	85.750000	167.480000	
6.642115	0.400000	12.000000	118.326094	83.470000	167.480000	
4.944078	0.400000	12.000000	106.900000	76.883056	167.480000	
5.865722	0.400000	12.000000	99.916976	91.970000	167.480000	
5.312357	0.400000	12.000000	117.980000	94.910000	163.531102	
5.754971	0.400000	12.000000	117.000000	124.714742	167.480000	
4.484424	0.400000	12.000000	107.550000	113.540000	163.429649	
4.852176	0.400000	12.000000	108.483720	97.850000	173.390000	
7.114330	0.400000	12.000000	127.653979	117.800000	160.970000	
5.889640	0.400000	12.000000	111.588465	155.390000	169.910000	
5.885882	0.400000	12.000000	91.949527	162.260000	169.910000	
4.597605	0.400000	12.000000	94.180000	151.470000	167.753230	
4.894219	0.400000	12.000000	112.110000	106.680000	178.008626	
4.953981	0.400000	12.000000	97.354206	112.560000	186.270000	
4.815894	0.400000	12.000000	89.620000	119.757154	185.360000	
5.193880	0.400000	12.000000	81.270821	128.910000	185.360000	
5.543110	0.400000	12.000000	71.040000	121.720000	192.143745	
5.086321	0.400000	12.000000	71.040000	110.600000	182.634774	
4.680418	0.400000	12.000000	80.170000	101.780000	184.840410	
5.754884	0.400000	12.000000	98.101862	101.780000	188.540000	
4.371615	0.400000	12.000000	102.330000	93.600000	184.072760	
5.270847	0.400000	12.000000	88.970000	89.680000	182.632122	
4.873563	0.400000	12.000000	57.614110	101.120000	178.690000	
4.574249	0.400000	12.000000	53.440000	109.620000	175.345676	
4.400743	0.400000	12.000000	60.610000	141.990000	181.875587	
5.151870	0.400000	12.000000	57.395094	120.740000	182.630000	
4.924107	0.400000	12.000000	73.650000	175.340000	170.077268	
5.945837	0.400000	12.000000	79.190000	172.070000	160.673543	
7.616763	0.400000	12.000000	76.526712	158.990000	166.730000	
8.200418	0.400000	12.000000	40.410000	165.668695	166.730000	
4.448256	0.400000	12.000000	62.777316	177.950000	167.560000	
7.769488	0.400000	12.000000	80.170000	191.834743	167.560000	
5.623894	0.400000	12.000000	94.284605	185.470000	167.560000	
5.441102	0.400000	12.000000	74.300000	126.700414	167.560000	
7.935608	0.400000	12.000000	61.607746	117.140000	167.560000	
5.074416	0.400000	12.000000	48.880000	120.577568	167.560000	
5.820209	0.400000	12.000000	90.600000	173.918490	168.320000	
5.665270	0.400000	12.000000	102.704887	172.070000	164.910000	
5.369227	0.400000	12.000000	62.209795	153.430000	168.320000	
5.533400	0.400000	12.000000	134.608233	79.220000	144.680000	
4.889029	0.400000	12.000000	124.820000	83.470000	141.587741	
5.340226	0.400000	12.000000	122.870000	95.408207	141.200000	
4.901503	0.400000	12.000000	118.950000	128.260000	143.359399	
5.013042	0.400000	12.000000	115.856420	114.200000	138.850000	
5.724822	0.400000	12.000000	127.100000	119.760000	140.413911	
4.520352	0.400000	12.000000	40.730000	113.540000	137.122306	
5.272973	0.400000	12.000000	33.240000	114.403205	130.740000	
4.817737	0.400000	12.000000	21.724925	120.410000	130.740000	
5.068654	0.400000	12.000000	44.970000	136.430000	127.185773	
5.302022	0.400000	12.000000	50.840000	128.260000	130.226926	
4.630017	0.400000	12.000000	86.360000	188.055020	130.060000	
4.699514	0.400000	12.000000	9.120000	152.450000	157.531944	
5.605952	0.400000	12.000000	0.640000	158.660000	157.696593	
5.425654	0.400000	12.000000	20.666179	161.610000	155.510000	
4.386633	0.400000	12.000000	28.020000	168.926621	155.510000	
4.858778	0.400000	12.000000	46.270000	133.091109	155.510000	
7.963708	0.400000	12.000000	33.240000	130.220000	158.401592	
5.003362	0.400000	12.000000	43.755309	115.180000	155.510000	
5.126949	0.400000	12.000000	101.569162	139.370000	155.510000	
8.166206	0.400000	12.000000	95.726976	124.330000	155.510000	
6.090646	0.400000	12.000000	103.640000	101.450000	160.634622	
7.153484	0.400000	12.000000	-8.550771	171.090000	163.470000	
6.928148	0.400000	12.000000	13.030000	185.372437	166.570000	
4.573510	0.400000	12.000000	103.104379	220.130000	130.520000	
4.611126	0.400000	12.000000	101.350000	206.400000	128.998675	
6.434683	0.400000	12.000000	103.640000	193.099621	133.240000	
4.431704	0.400000	12.000000	86.040000	198.550000	133.522259	
4.613236	0.400000	12.000000	117.000000	187.430000	138.004646	
5.807330	0.400000	12.000000	104.290000	178.280000	130.679515	
5.107385	0.400000	12.000000	96.140000	183.510000	137.196903	
4.514418	0.400000	12.000000	77.240000	194.630000	134.969386	
4.485078	0.400000	12.000000	67.974490	204.760000	135.290000	
6.967144	0.400000	12.000000	124.820000	172.720000	130.272515	
5.846951	0.400000	12.000000	97.770000	154.090000	142.166932	
4.581934	0.400000	12.000000	86.360000	163.633371	136.350000	
4.389019	0.400000	12.000000	89.300000	152.794016	136.350000	
5.342695	0.400000	12.000000	80.490000	157.030000	131.483503	
4.457710	0.400000	12.000000	122.870000	152.000450	136.350000	
4.660523	0.400000	12.000000	96.790000	123.680000	133.545774	
4.811563	0.400000	12.000000	73.892933	114.850000	136.350000	
6.523702	0.400000	12.000000	144.693180	106.350000	136.350000	
6.353301	0.400000	12.000000	92.230000	172.070000	141.753559	
6.142851	0.400000	12.000000	4.230000	177.382112	138.770000	
6.073587	0.400000	12.000000	14.980000	168.470000	135.823616	
4.498804	0.400000	12.000000	26.477979	149.180000	138.770000	
5.703230	0.400000	12.000000	21.500000	158.496455	137.560000	
4.990835	0.400000	12.000000	70.567575	126.620000	137.560000	
4.872117	0.400000	12.000000	101.030000	148.530000	133.397842	
5.889844	0.400000	12.000000	101.698485	138.390000	137.560000	
4.417526	0.400000	12.000000	117.330000	138.676031	141.960000	
5.256888	0.400000	12.000000	58.980000	131.850000	190.721060	
5.265774	0.400000	12.000000	47.900000	123.030000	191.507040	
5.064716	0.400000	12.000000	45.950000	137.080000	194.154947	
6.131280	0.400000	12.000000	99.070000	159.651057	188.390000	
4.863849	0.400000	12.000000	86.113604	159.970000	187.030000	
4.971026	0.400000	12.000000	75.610000	163.240000	183.850650	
5.260942	0.400000	12.000000	58.330000	168.258056	186.880000	
5.201048	0.400000	12.000000	50.596913	157.030000	186.880000	
4.493782	0.400000	12.000000	38.911487	161.610000	186.880000	
6.889944	0.400000	12.000000	40.730000	151.470000	180.401665	
4.801254	0.400000	12.000000	24.110000	160.300000	190.046398	
5.317329	0.400000	12.000000	11.400000	164.353984	186.880000	
5.471394	0.400000	12.000000	20.520000	145.910000	183.910939	
5.067864	0.400000	12.000000	33.285206	140.680000	186.880000	
4.805211	0.400000	12.000000	12.784265	139.050000	186.880000	
5.554279	0.400000	12.000000	10.090000	149.947073	186.880000	
6.241750	0.400000	12.000000	21.830000	133.490000	183.354371	
4.394989	0.400000	12.000000	35.555771	129.570000	186.880000	
5.843616	0.400000	12.000000	64.850000	151.470000	192.234770	
5.188296	0.400000	12.000000	103.960000	142.970000	187.114473	
4.991609	0.400000	12.000000	103.286752	126.950000	185.810000	
5.516385	0.400000	12.000000	28.350000	121.390000	183.442491	
5.972875	0.400000	12.000000	39.815318	111.580000	182.480000	
8.548930	0.400000	12.000000	68.760000	85.583855	182.480000	
4.935894	0.400000	12.000000	79.977528	173.700000	182.480000	
9.325902	0.400000	12.000000	68.110000	186.131677	182.480000	
6.279792	0.400000	12.000000	27.370000	176.970000	188.484646	
8.715934	0.400000	12.000000	14.010000	187.938831	182.480000	
4.422497	0.400000	12.000000	33.560000	164.220000	180.067011	
4.416817	0.400000	12.000000	28.020000	153.110000	179.467644	
5.259073	0.400000	12.000000	100.380000	77.826657	182.480000	
6.286681	0.400000	12.000000	126.925196	110.600000	182.480000	
4.606407	0.400000	12.000000	53.199174	160.620000	169.450000	
4.881215	0.400000	12.000000	58.660000	169.450000	169.920008	
4.801372	0.400000	12.000000	65.500000	160.620000	175.017041	
5.249631	0.400000	12.000000	73.651671	145.260000	171.270000	
5.192708	0.400000	12.000000	55.400000	132.931333	171.270000	
6.040404	0.400000	12.000000	46.270000	142.970000	166.046873	
6.644680	0.400000	12.000000	27.125549	141.660000	169.980000	
5.114416	0.400000	12.000000	15.765499	138.070000	169.980000	
4.649951	0.400000	12.000000	138.326094	95.890000	170.130000	
7.987722	0.400000	12.000000	137.860000	114.850000	173.381607	
6.214959	0.400000	12.000000	126.780000	102.430000	170.242358	
4.447302	0.400000	12.000000	115.823604	113.220000	166.800000	
5.571819	0.400000	12.000000	115.011210	102.100000	155.360000	
4.598466	0.400000	12.000000	137.924007	134.800000	155.360000	
6.528187	0.400000	12.000000	124.820000	152.450000	148.088997	
5.306492	0.400000	12.000000	130.690000	144.600000	158.576175	
4.708864	0.400000	12.000000	108.200000	156.085747	153.700000	
4.371556	0.400000	12.000000	98.100000	161.930000	151.310787	
4.612717	0.400000	12.000000	101.350000	183.180000	148.472372	
4.922819	0.400000	12.000000	106.570000	189.070000	154.537607	
5.139323	0.400000	12.000000	99.720000	198.837331	148.770000	
5.348153	0.400000	12.000000	90.857349	192.990000	148.770000	
5.771475	0.400000	12.000000	90.938973	141.990000	147.940000	
6.781112	0.400000	12.000000	76.580000	151.131244	147.940000	
5.703926	0.400000	12.000000	65.180000	144.964141	147.940000	
4.712712	0.400000	12.000000	54.750000	146.570000	144.564046	
5.920459	0.400000	12.000000	107.870000	111.168338	147.940000	
5.539175	0.400000	12.000000	57.350000	124.011891	147.940000	
4.570253	0.400000	12.000000	50.510000	110.930000	148.981358	
7.066260	0.400000	12.000000	75.610000	94.910000	142.793510	
6.115591	0.400000	12.000000	60.972703	88.370000	147.940000	
8.312313	0.400000	12.000000	97.232343	73.980000	147.940000	
4.920180	0.400000	12.000000	142.100000	66.140000	146.485522	
5.609080	0.400000	12.000000	153.500000	70.745602	147.940000	
4.995796	0.400000	12.000000	81.150000	134.806581	147.940000	
4.503910	0.400000	12.000000	107.550000	126.300000	148.514860	
6.155894	0.400000	12.000000	119.508172	161.930000	138.620000	
5.123514	0.400000	12.000000	111.485505	150.820000	138.620000	
5.781464	0.400000	12.000000	134.062682	138.070000	138.620000	
4.748709	0.400000	12.000000	52.990983	192.670000	138.620000	
6.363046	0.400000	12.000000	37.800000	185.982132	137.490000	
6.603018	0.400000	12.000000	-6.530000	184.299086	137.490000	
7.164242	0.400000	12.000000	17.920000	139.860435	137.490000	
7.336439	0.400000	12.000000	26.282436	214.240000	137.490000	
4.911830	0.400000	12.000000	38.810601	153.430000	134.910000	
6.062581	0.400000	12.000000	38.450000	128.910000	133.175581	
4.660254	0.400000	12.000000	106.240000	169.130000	138.113655	
6.424382	0.400000	12.000000	101.030000	160.950000	128.508658	
7.469832	0.400000	12.000000	146.010000	87.072583	134.910000	
5.091888	0.400000	12.000000	133.300000	90.660000	136.292029	
4.774263	0.400000	12.000000	132.309959	107.660000	134.910000	
5.565169	0.400000	12.000000	74.980819	184.160000	134.910000	
6.050360	0.400000	12.000000	96.140000	109.620000	129.842299	
5.440502	0.400000	12.000000	124.820000	71.700000	135.334121	
8.728496	0.400000	12.000000	62.456365	80.200000	134.910000	
4.832749	0.400000	12.000000	89.300000	139.872146	127.640000	
6.282485	0.400000	12.000000	77.890000	139.056654	127.640000	
5.216551	0.400000	12.000000	66.791845	152.450000	127.640000	
6.323721	0.400000	12.000000	85.418611	176.320000	127.640000	
6.047551	0.400000	12.000000	83.484635	127.280000	127.640000	
4.455305	0.400000	12.000000	79.053888	115.510000	127.640000	
4.716308	0.400000	12.000000	140.140000	82.490000	123.048829	
6.795470	0.400000	12.000000	84.410000	79.451132	127.640000	
4.533387	0.400000	12.000000	53.770000	118.442762	127.640000	
5.478152	0.400000	12.000000	61.717967	174.360000	127.640000	
4.984433	0.400000	12.000000	49.860000	181.550000	130.413870	
5.162855	0.400000	12.000000	168.500000	90.010000	127.737523	
7.542004	0.400000	12.000000	170.585592	102.760000	127.640000	
5.129467	0.400000	12.000000	156.110000	115.562090	127.640000	
5.546180	0.400000	12.000000	124.742430	84.450000	127.640000	
4.433585	0.400000	12.000000	117.836423	142.320000	121.430000	
5.397376	0.400000	12.000000	100.700000	140.350000	124.974452	
4.757445	0.400000	12.000000	107.220000	151.470000	116.767211	
4.505139	0.400000	12.000000	78.704279	159.640000	120.970000	
4.863913	0.400000	12.000000	90.599951	150.820000	120.970000	
6.177603	0.400000	12.000000	90.718405	164.880000	120.970000	
4.897113	0.400000	12.000000	114.720000	160.620000	117.693540	
5.973248	0.400000	12.000000	109.847871	132.510000	120.970000	
4.592943	0.400000	12.000000	93.140811	132.510000	120.970000	
5.549072	0.400000	12.000000	33.890000	175.010000	124.070926	
4.412290	0.400000	12.000000	15.310000	173.749929	120.970000	
4.507554	0.400000	12.000000	51.810000	187.353247	120.970000	
4.697927	0.400000	12.000000	34.860000	191.030000	120.053437	
5.714780	0.400000	12.000000	47.219670	167.490000	111.350000	
4.947087	0.400000	12.000000	61.270000	166.647202	111.350000	
4.395390	0.400000	12.000000	61.270000	155.879745	111.350000	
5.619155	0.400000	12.000000	84.410000	138.720000	112.752346	
4.585747	0.400000	12.000000	72.020000	144.948497	111.350000	
4.545583	0.400000	12.000000	89.300000	172.808202	111.350000	
4.904480	0.400000	12.000000	92.171261	188.090000	111.350000	
5.426150	0.400000	12.000000	79.190000	119.430000	108.702585	
6.467819	0.400000	12.000000	40.454160	155.070000	111.350000	
4.588613	0.400000	12.000000	157.547651	92.950000	111.350000	
6.363364	0.400000	12.000000	146.010000	88.700000	115.049708	
4.763158	0.400000	12.000000	138.180000	97.656684	111.350000	
5.739769	0.400000	12.000000	124.735664	104.060000	111.350000	
4.544196	0.400000	12.000000	97.440000	106.030000	115.363631	
7.132445	0.400000	12.000000	100.380000	162.115661	111.350000	
6.635757	0.400000	12.000000	51.810000	180.259797	111.350000	
4.435939	0.400000	12.000000	23.780000	194.300000	115.769633	
7.476195	0.400000	12.000000	16.843205	211.630000	111.350000	
8.463657	0.400000	12.000000	34.210000	208.030000	113.328703	
4.738427	0.400000	12.000000	21.948371	180.900000	111.350000	
5.906184	0.400000	12.000000	-0.340000	171.740000	116.361682	
5.419119	0.400000	12.000000	-2.940000	163.890000	108.052221	
6.719525	0.400000	12.000000	-19.972908	166.180000	111.350000	
5.942975	0.400000	12.000000	8.323773	146.570000	111.350000	
6.167446	0.400000	12.000000	55.400000	124.990000	106.822819	
4.965818	0.400000	12.000000	134.600000	124.990000	107.945580	
4.710721	0.400000	12.000000	156.760000	116.160000	107.798235	
4.522790	0.400000	12.000000	156.110000	105.040000	107.078798	
4.898632	0.400000	12.000000	104.610000	146.484604	103.550000	
6.449898	0.400000	12.000000	108.520000	135.120000	107.917906	
4.469009	0.400000	12.000000	86.690000	126.950000	104.643588	
5.751379	0.400000	12.000000	96.140000	138.457214	103.550000	
5.377374	0.400000	12.000000	80.168932	149.180000	103.550000	
5.758527	0.400000	12.000000	88.320000	162.590000	100.216889	
5.150226	0.400000	12.000000	80.955499	170.760000	103.550000	
4.485058	0.400000	12.000000	74.950000	159.989895	103.550000	
4.406316	0.400000	12.000000	49.056786	201.170000	103.550000	
4.915143	0.400000	12.000000	73.058573	217.510000	103.550000	
4.517083	0.400000	12.000000	73.650000	204.110000	102.194554	
8.819069	0.400000	12.000000	50.180000	221.221744	103.550000	
4.861116	0.400000	12.000000	65.696663	210.970000	103.550000	
6.496489	0.400000	12.000000	44.977979	191.030000	103.550000	
5.105651	0.400000	12.000000	39.100000	178.280000	99.240043	
5.948200	0.400000	12.000000	28.020000	155.843418	103.550000	
5.133017	0.400000	12.000000	23.460000	167.490000	102.374615	
6.638859	0.400000	12.000000	12.166264	155.720000	103.550000	
6.810993	0.400000	12.000000	25.410000	142.320000	108.119297	
5.381412	0.400000	12.000000	22.810000	129.240000	106.657646	
4.447080	0.400000	12.000000	74.950000	88.327548	103.550000	
5.514393	0.400000	12.000000	80.820000	96.220000	99.123787	
7.078140	0.400000	12.000000	66.150000	95.240000	107.077498	
5.977365	0.400000	12.000000	131.340000	142.320000	108.840732	
4.496087	0.400000	12.000000	44.492932	103.410000	103.550000	
6.083780	0.400000	12.000000	-0.660000	150.790597	103.550000	
4.660730	0.400000	12.000000	2.885791	138.070000	103.550000	
7.168820	0.400000	12.000000	10.980938	188.740000	103.550000	
8.024663	0.400000	12.000000	-25.121725	182.530000	103.550000	
4.740961	0.400000	12.000000	166.210000	106.050008	103.550000	
5.467066	0.400000	12.000000	210.220000	89.350000	102.175742	
4.648807	0.400000	12.000000	130.690000	47.180000	104.375838	
5.345171	0.400000	12.000000	155.460000	41.620000	101.474452	
5.103199	0.400000	12.000000	150.900000	82.724418	103.550000	
4.480853	0.400000	12.000000	46.920000	114.164410	98.400000	
4.440307	0.400000	12.000000	41.380000	123.030000	100.577948	
5.346150	0.400000	12.000000	39.914498	134.470000	98.400000	
5.316338	0.400000	12.000000	52.588269	134.800000	98.400000	
5.697975	0.400000	12.000000	42.360000	146.570000	100.107800	
4.827986	0.400000	12.000000	58.660000	185.800000	95.495773	
5.367573	0.400000	12.000000	70.070000	175.733723	98.400000	
6.656313	0.400000	12.000000	83.664173	199.860000	98.400000	
4.841393	0.400000	12.000000	142.100000	143.950000	103.064985	
5.407656	0.400000	12.000000	139.844713	156.700000	98.400000	
5.822495	0.400000	12.000000	103.640000	163.278296	95.980000	
4.732822	0.400000	12.000000	64.520000	152.450000	99.466914	
4.874241	0.400000	12.000000	55.720000	109.371555	95.980000	
5.832527	0.400000	12.000000	53.120000	96.870000	99.691938	
5.670427	0.400000	12.000000	134.270000	120.410000	97.861476	
6.213577	0.400000	12.000000	138.507691	102.760000	95.980000	
4.489387	0.400000	12.000000	123.458398	97.850000	95.980000	
4.396914	0.400000	12.000000	78.595788	113.870000	95.980000	
7.037273	0.400000	12.000000	81.150000	137.080000	98.279826	
5.115222	0.400000	12.000000	95.160000	153.937193	95.980000	
7.311126	0.400000	12.000000	66.480000	139.489405	95.980000	
6.064364	0.400000	12.000000	47.900000	170.768417	94.230000	
5.191598	0.400000	12.000000	38.780000	157.360000	98.451102	
4.540253	0.400000	12.000000	88.173473	189.720000	94.230000	
5.894410	0.400000	12.000000	68.110000	196.920000	89.937564	
5.768546	0.400000	12.000000	29.650000	111.023296	94.230000	
5.362094	0.400000	12.000000	60.242080	125.970000	94.230000	
6.476440	0.400000	12.000000	32.910000	194.324867	94.230000	
5.970748	0.400000	12.000000	20.850000	190.700000	88.491266	
4.768398	0.400000	12.000000	17.260000	201.698512	94.230000	
4.806705	0.400000	12.000000	-3.590000	162.260000	96.320309	
9.630132	0.400000	12.000000	-14.020000	167.490000	86.999397	
8.226716	0.400000	12.000000	-7.180000	185.429935	94.230000	
6.182786	0.400000	12.000000	-11.420000	147.001976	94.230000	
5.750775	0.400000	12.000000	19.712240	150.160000	88.100000	
5.041278	0.400000	12.000000	29.000000	155.932229	88.100000	
4.776189	0.400000	12.000000	146.010000	107.010000	89.109833	
4.877008	0.400000	12.000000	131.670000	90.544005	89.760000	
7.194486	0.400000	12.000000	127.430000	78.240000	89.817010	
5.960913	0.400000	12.000000	143.070000	63.850000	89.769532	
6.621426	0.400000	12.000000	152.850000	83.803086	87.040000	
8.523888	0.400000	12.000000	115.215694	137.080000	87.040000	
5.222581	0.400000	12.000000	113.295867	154.740000	87.040000	
7.071964	0.400000	12.000000	88.640000	164.587440	87.040000	
6.250516	0.400000	12.000000	78.870000	152.167102	87.040000	
5.124529	0.400000	12.000000	101.350000	149.727947	87.040000	
5.245858	0.400000	12.000000	98.420000	134.140000	89.000648	
5.954777	0.400000	12.000000	80.820000	124.010000	82.678241	
4.720235	0.400000	12.000000	26.060000	129.047738	87.040000	
5.565143	0.400000	12.000000	24.110000	141.340000	81.932307	
6.091254	0.400000	12.000000	3.048784	142.320000	87.040000	
4.443252	0.400000	12.000000	12.380000	158.340000	88.508485	
4.725454	0.400000	12.000000	0.970000	155.390000	88.380021	
6.170312	0.400000	12.000000	66.810000	220.568357	87.040000	
6.458444	0.400000	12.000000	89.950000	211.960000	84.701792	
4.517788	0.400000	12.000000	50.180000	220.460000	87.903139	
7.519809	0.400000	12.000000	34.860000	178.749474	87.040000	
5.022685	0.400000	12.000000	24.760000	166.177627	87.040000	
10.351076	0.400000	12.000000	5.210000	174.030000	85.231353	
5.718784	0.400000	12.000000	81.470000	81.180000	92.541442	
5.209618	0.400000	12.000000	73.320000	72.680000	86.311729	
5.091335	0.400000	12.000000	38.120000	107.660000	84.125107	
8.492944	0.400000	12.000000	107.220000	57.845604	87.040000	
5.644770	0.400000	12.000000	121.890000	60.755474	87.040000	
4.397992	0.400000	12.000000	131.010000	48.480000	91.412776	
4.394146	0.400000	12.000000	172.080000	84.450000	84.523412	
7.032479	0.400000	12.000000	181.860000	94.681978	87.040000	
5.592157	0.400000	12.000000	66.150000	113.351951	85.670000	
7.134696	0.400000	12.000000	57.003166	98.510000	85.670000	
6.172579	0.400000	12.000000	70.070000	130.917804	85.670000	
5.056329	0.400000	12.000000	131.992037	65.160000	85.670000	
6.182341	0.400000	12.000000	113.740000	185.388763	85.670000	
8.502775	0.400000	12.000000	118.300000	171.090000	85.707815	
5.413526	0.400000	12.000000	70.070000	143.329135	80.830000	
4.527584	0.400000	12.000000	80.170000	136.684022	80.830000	
4.742337	0.400000	12.000000	78.041953	104.060000	80.830000	
4.677609	0.400000	12.000000	47.465583	104.060000	80.830000	
7.144935	0.400000	12.000000	48.880000	117.140000	84.473323	
4.690082	0.400000	12.000000	36.170000	124.157985	80.830000	
7.738291	0.400000	12.000000	40.080000	140.391571	80.830000	
6.235213	0.400000	12.000000	59.310000	152.780000	80.977349	
6.633968	0.400000	12.000000	88.320000	144.600000	79.655743	
6.010834	0.400000	12.000000	104.290000	122.370000	82.871072	
5.177470	0.400000	12.000000	133.300000	123.350000	80.040432	
5.441586	0.400000	12.000000	51.490000	162.590000	77.735421	
5.468510	0.400000	12.000000	114.070000	106.748545	77.490000	
5.555119	0.400000	12.000000	116.141076	117.800000	77.490000	
4.678967	0.400000	12.000000	54.929488	128.580000	77.490000	
4.946525	0.400000	12.000000	20.386758	193.320000	77.490000	
5.200877	0.400000	12.000000	18.890000	159.854155	70.670000	
5.077243	0.400000	12.000000	26.720000	148.676516	70.670000	
4.487117	0.400000	12.000000	92.880000	129.570000	67.738155	
5.218366	0.400000	12.000000	101.350000	143.300000	68.995125	
4.882160	0.400000	12.000000	80.134405	155.070000	70.670000	
5.121848	0.400000	12.000000	96.790000	166.442612	70.670000	
4.431528	0.400000	12.000000	165.890000	72.680000	74.155275	
6.816359	0.400000	12.000000	145.030000	128.984525	68.180000	
6.338893	0.400000	12.000000	186.420000	108.337525	68.180000	
6.806796	0.400000	12.000000	198.810000	85.110494	68.180000	
4.400909	0.400000	12.000000	208.910000	120.740000	69.209498	
5.164132	0.400000	12.000000	154.480000	138.070000	70.270657	
4.542223	0.400000	12.000000	154.160000	154.090000	70.446521	
6.045139	0.400000	12.000000	170.491692	131.200000	68.180000	
8.458171	0.400000	12.000000	178.600000	119.100000	76.093719	
4.764994	0.400000	12.000000	161.330000	102.345124	68.180000	
4.833135	0.400000	12.000000	137.860000	117.917068	68.180000	
4.984941	0.400000	12.000000	147.036975	101.780000	68.180000	
5.176088	0.400000	12.000000	109.500000	65.854102	68.180000	
5.511340	0.400000	12.000000	126.883012	67.770000	68.180000	
6.383360	0.400000	12.000000	97.440000	67.689969	68.180000	
6.784982	0.400000	12.000000	66.810000	116.810000	73.745343	
5.069590	0.400000	12.000000	57.030000	109.253773	68.180000	
4.586303	0.400000	12.000000	64.850000	131.906293	68.180000	
5.440733	0.400000	12.000000	75.667422	127.280000	68.180000	
6.648345	0.400000	12.000000	115.700000	183.817932	68.180000	
4.560464	0.400000	12.000000	118.950000	194.734413	68.180000	
6.066498	0.400000	12.000000	128.206668	189.400000	68.180000	
6.712079	0.400000	12.000000	0.686673	173.380000	68.180000	
4.941536	0.400000	12.000000	46.373425	172.390000	61.960000	
4.655138	0.400000	12.000000	62.570000	186.450000	60.658431	
6.536401	0.400000	12.000000	43.340000	185.329080	61.960000	
4.405911	0.400000	12.000000	57.350000	160.950000	59.843623	
4.820461	0.400000	12.000000	33.969108	170.430000	61.960000	
5.834683	0.400000	12.000000	146.867852	165.530000	61.960000	
6.249874	0.400000	12.000000	142.036599	148.850000	61.960000	
7.158855	0.400000	12.000000	157.007328	124.660000	61.960000	
5.417183	0.400000	12.000000	193.997984	69.730000	61.960000	
4.565431	0.400000	12.000000	182.840000	76.906320	61.960000	
8.604187	0.400000	12.000000	114.390000	154.754207	53.710000	
4.447412	0.400000	12.000000	91.580000	151.140000	53.989079	
4.755023	0.400000	12.000000	89.950000	169.130000	56.944485	
4.678060	0.400000	12.000000	98.100000	137.410000	54.561364	
4.980987	0.400000	12.000000	95.160000	123.350000	58.673698	
8.518622	0.400000	12.000000	45.290000	129.570000	52.119933	
6.188164	0.400000	12.000000	105.234970	99.490000	53.710000	
6.544766	0.400000	12.000000	61.270000	122.370000	53.223012	
5.770740	0.400000	12.000000	69.410000	134.354276	50.070000	
7.821434	0.400000	12.000000	82.386458	126.950000	50.070000	
4.841437	0.400000	12.000000	106.570000	120.680188	50.070000	
5.815984	0.400000	12.000000	109.571308	131.200000	50.070000	
4.744901	0.400000	12.000000	174.690000	123.350000	50.780055	
5.046957	0.400000	12.000000	187.070000	113.207014	50.070000	
4.675739	0.400000	12.000000	200.440000	116.810000	48.681881	
4.538998	0.400000	12.000000	158.720000	114.530000	50.219479	
5.423415	0.400000	12.000000	146.660000	111.206226	50.070000	
4.860194	0.400000	12.000000	140.228653	89.350000	50.070000	
4.777314	0.400000	12.000000	128.213573	97.200000	50.070000	
5.831922	0.400000	12.000000	140.470000	121.390000	49.268210	
5.647085	0.400000	12.000000	151.550000	137.080000	51.805796	
6.615226	0.400000	12.000000	154.810000	158.010000	55.855842	
5.704952	0.400000	12.000000	121.240000	172.286867	50.070000	
5.073290	0.400000	12.000000	132.267304	180.900000	50.070000	
5.412240	0.400000	12.000000	81.150000	200.510000	49.866060	
7.282045	0.400000	12.000000	57.350000	211.630000	49.532083	
4.765352	0.400000	12.000000	117.980000	115.822806	50.070000	
5.319497	0.400000	12.000000	124.912904	141.340000	50.070000	
5.343047	0.400000	12.000000	99.628683	158.660000	50.070000	
5.786212	0.400000	12.000000	97.589409	172.070000	50.070000	
4.911927	0.400000	12.000000	82.641360	154.740000	50.070000	
5.400392	0.400000	12.000000	76.406381	186.450000	50.070000	
5.141616	0.400000	12.000000	65.009461	173.700000	50.070000	
4.602276	0.400000	12.000000	67.780000	155.070000	53.065884	
5.599896	0.400000	12.000000	76.146495	94.260000	50.070000	
5.120890	0.400000	12.000000	65.500000	109.290000	49.739919	
6.247128	0.400000	12.000000	53.120000	111.440666	50.070000	
5.559131	0.400000	12.000000	116.772220	94.260000	50.070000	
5.249874	0.400000	12.000000	168.820000	113.861073	50.070000	
4.694610	0.400000	12.000000	164.282719	95.560000	50.070000	
8.676933	0.400000	12.000000	237.306965	78.560000	50.070000	
4.903532	0.400000	12.000000	213.534178	98.180000	50.070000	
6.662708	0.400000	12.000000	183.494230	82.160000	44.920000	
4.771695	0.400000	12.000000	173.710000	91.469017	44.920000	
4.470752	0.400000	12.000000	215.100000	86.270718	44.920000	
5.992807	0.400000	12.000000	73.022507	116.160000	44.920000	
7.494783	0.400000	12.000000	54.090000	155.390000	48.682152	
5.085145	0.400000	12.000000	56.700000	169.450000	43.253506	
4.831172	0.400000	12.000000	46.784857	178.280000	44.920000	
6.647996	0.400000	12.000000	39.024071	150.160000	44.920000	
4.663611	0.400000	12.000000	165.240000	133.820000	41.135893	
7.965079	0.400000	12.000000	156.110000	148.850000	43.821243	
5.439044	0.400000	12.000000	130.360000	153.982106	44.920000	
4.529420	0.400000	12.000000	135.900000	173.380000	42.766800	
5.066224	0.400000	12.000000	118.300000	187.110000	44.795933	
5.864216	0.400000	12.000000	128.730000	195.610000	41.226565	
4.866120	0.400000	12.000000	142.561337	180.240000	44.920000	
4.497844	0.400000	12.000000	139.160000	189.400000	47.040495	
4.453899	0.400000	12.000000	146.831774	171.740000	44.920000	
6.598583	0.400000	12.000000	204.722000	132.510000	44.920000	
6.025004	0.400000	12.000000	220.640000	110.930000	40.270312	
5.042444	0.400000	12.000000	233.458392	114.530000	44.920000	
5.987290	0.400000	12.000000	219.670000	129.890000	41.031664	
6.183919	0.400000	12.000000	186.750000	147.550000	50.724550	
4.720938	0.400000	12.000000	198.480000	153.377802	44.920000	
4.586301	0.400000	12.000000	193.757018	163.570000	44.920000	
6.587765	0.400000	12.000000	175.990000	158.990000	47.496307	
5.947123	0.400000	12.000000	158.786554	166.180000	44.920000	
9.769536	0.400000	12.000000	176.970000	175.894847	44.920000	
6.174809	0.400000	12.000000	154.743856	179.260000	44.920000	
6.869393	0.400000	12.000000	162.630000	197.085102	44.920000	
7.009818	0.400000	12.000000	151.220000	191.680000	51.032811	
5.280937	0.400000	12.000000	85.060000	81.593110	44.920000	
5.285471	0.400000	12.000000	208.012212	54.700000	44.920000	
4.711650	0.400000	12.000000	136.624277	78.890000	44.920000	
5.095428	0.400000	12.000000	105.590000	149.510000	31.129409	
5.565779	0.400000	12.000000	96.201264	139.050000	35.600000	
5.587903	0.400000	12.000000	95.267024	126.620000	35.600000	
5.687562	0.400000	12.000000	84.730000	172.579928	35.600000	
4.748008	0.400000	12.000000	200.440000	41.160715	35.600000	
4.609737	0.400000	12.000000	194.255182	49.790000	35.600000	
4.905760	0.400000	12.000000	198.480000	59.815854	35.600000	
5.985245	0.400000	12.000000	171.760000	74.212704	35.600000	
5.669762	0.400000	12.000000	190.660000	84.120000	31.242054	
6.235438	0.400000	12.000000	126.450000	110.654587	35.600000	
4.851837	0.400000	12.000000	156.070001	95.560000	35.600000	
6.026424	0.400000	12.000000	71.370000	176.970000	36.710529	
6.730768	0.400000	12.000000	98.100000	165.494402	33.030000	
6.401970	0.400000	12.000000	123.840000	174.896580	33.030000	
5.058318	0.400000	12.000000	120.260000	159.026029	33.030000	
5.105459	0.400000	12.000000	115.700000	144.570508	33.030000	
6.416589	0.400000	12.000000	112.997638	132.830000	33.030000	
5.812041	0.400000	12.000000	107.477710	120.410000	33.030000	
5.844414	0.400000	12.000000	101.034936	105.370000	33.030000	
4.496450	0.400000	12.000000	103.374898	94.910000	33.030000	
6.499348	0.400000	12.000000	147.193609	88.040000	33.030000	
4.849349	0.400000	12.000000	148.018841	73.660000	33.030000	
6.150152	0.400000	12.000000	136.230000	101.120000	31.804396	
5.624084	0.400000	12.000000	139.810000	119.057395	33.030000	
5.003864	0.400000	12.000000	164.910000	123.908897	33.030000	
5.405024	0.400000	12.000000	156.440000	109.662995	33.030000	
6.279738	0.400000	12.000000	181.210000	118.448762	33.030000	
5.409930	0.400000	12.000000	82.702700	154.740000	33.030000	
5.239534	0.400000	12.000000	111.460000	170.430000	29.747105	
6.334807	0.400000	12.000000	151.550000	161.039734	33.030000	
8.317259	0.400000	12.000000	196.530000	114.999830	33.030000	
6.486755	0.400000	12.000000	176.970000	132.473336	33.030000	
5.105134	0.400000	12.000000	149.920000	122.050000	35.601539	
9.577738	0.400000	12.000000	134.600000	58.527928	33.030000	
9.991950	0.400000	12.000000	181.210000	54.700000	23.440011	
5.177840	0.400000	12.000000	92.550000	195.923325	33.030000	
7.433757	0.400000	12.000000	66.458290	129.240000	33.030000	
7.393173	0.400000	12.000000	77.560000	96.276648	33.030000	
5.664948	0.400000	12.000000	63.220000	117.470000	38.316783	
4.370690	0.400000	12.000000	48.880000	129.240000	29.668314	
5.358047	0.400000	12.000000	54.426542	209.990000	33.030000	
4.484896	0.400000	12.000000	73.320000	214.119880	33.030000	
9.979427	0.400000	12.000000	88.970000	113.220000	23.959913	
7.324161	0.400000	12.000000	93.530000	92.481975	26.740000	
5.130523	0.400000	12.000000	139.490000	75.950000	24.641748	
5.915705	0.400000	12.000000	160.893009	84.450000	25.070000	
5.343951	0.400000	12.000000	224.745694	115.180000	25.070000	
7.372219	0.400000	12.000000	156.760000	145.910000	26.501486	
6.201711	0.400000	12.000000	137.210000	145.260000	23.671228	
5.368090	0.400000	12.000000	86.360000	142.687696	27.350000	
5.898427	0.400000	12.000000	79.520000	128.260000	24.209015	
5.364033	0.400000	12.000000	73.923045	148.530000	24.320000	
6.939682	0.400000	12.000000	56.380000	151.800000	28.892768	
4.782471	0.400000	12.000000	57.114835	166.510000	24.320000	
4.561507	0.400000	12.000000	63.550000	192.990000	26.622397	
5.552054	0.400000	12.000000	45.552229	193.970000	24.320000	
5.835580	0.400000	12.000000	65.700205	179.590000	24.320000	
6.376645	0.400000	12.000000	45.620000	168.800000	26.665201	
5.972846	0.400000	12.000000	96.140000	127.280000	14.286117	
8.471461	0.400000	12.000000	101.125166	146.890000	18.480000	
6.468551	0.400000	12.000000	74.113558	166.180000	18.480000	
5.978404	0.400000	12.000000	83.154520	180.570000	18.480000	
6.476147	0.400000	12.000000	80.197038	199.860000	18.480000	
4.720494	0.400000	12.000000	148.940000	95.454258	18.480000	
5.455099	0.400000	12.000000	146.660000	134.251139	17.570000	
5.496793	0.400000	12.000000	134.280862	132.510000	17.570000	
4.927674	0.400000	12.000000	129.060000	120.018843	17.570000	
4.766618	0.400000	12.000000	115.370000	108.312799	17.570000	
4.506168	0.400000	12.000000	118.630000	90.037242	17.570000	
5.348398	0.400000	12.000000	105.555294	101.450000	17.570000	
5.046342	0.400000	12.000000	129.380000	154.888389	17.570000	
6.868112	0.400000	12.000000	120.260000	130.550000	16.694886	
6.360816	0.400000	12.000000	116.670000	146.882764	17.570000	
4.983765	0.400000	12.000000	105.920000	121.381227	17.570000	
6.292543	0.400000	12.000000	91.900000	170.760000	15.047546	
5.124910	0.400000	12.000000	89.596703	155.070000	17.570000	
6.315641	0.400000	12.000000	133.950000	105.496761	17.570000	
4.503949	0.400000	12.000000	165.560000	121.390000	17.042656	
5.162275	0.400000	12.000000	159.040000	132.193679	17.570000	
5.698531	0.400000	12.000000	147.640000	113.865439	17.570000	
5.757244	0.400000	12.000000	156.374055	106.350000	17.570000	
4.854227	0.400000	12.000000	139.165778	90.330000	17.570000	
5.622660	0.400000	12.000000	154.160000	74.310000	19.356576	
7.535501	0.400000	12.000000	171.430000	68.100000	16.225775	
5.268632	0.400000	12.000000	185.527675	87.060000	17.570000	
6.730970	0.400000	12.000000	194.570000	104.742483	17.570000	
5.429047	0.400000	12.000000	199.044519	124.330000	17.570000	
4.813507	0.400000	12.000000	226.190000	103.080000	16.755569	
4.936807	0.400000	12.000000	185.440000	136.433344	17.570000	
4.582287	0.400000	12.000000	172.420410	141.990000	17.570000	
6.514177	0.400000	12.000000	164.910000	150.820000	11.101849	
6.377202	0.400000	12.000000	167.671240	109.620000	8.860000	
6.547762	0.400000	12.000000	183.810000	126.300000	7.080203	
4.731067	0.400000	12.000000	178.270000	94.910000	6.008842	
6.031073	0.400000	12.000000	165.240000	83.721158	8.860000	
4.669249	0.400000	12.000000	124.170000	110.600000	6.884365	
7.077632	0.400000	12.000000	75.613693	143.620000	9.850000	
5.377459	0.400000	12.000000	122.870000	161.646122	7.880000	
6.431886	0.400000	12.000000	65.308857	189.720000	166.570000	
8.633918	0.400000	12.000000	125.589928	166.840000	166.570000	
6.821297	0.400000	12.000000	140.470000	84.064727	166.570000	
5.456717	0.400000	12.000000	128.730000	77.142060	166.570000	
8.526403	0.400000	12.000000	122.579433	201.490000	97.040000	
5.708665	0.400000	12.000000	166.870000	137.080000	10.250867	
4.829662	0.400000	12.000000	172.730000	127.930000	10.594752	
5.624473	0.400000	12.000000	186.420000	115.510000	12.375159	
6.527154	0.400000	12.000000	114.070000	184.820000	14.491367	
4.399488	0.400000	12.000000	123.036173	175.010000	14.700000	
4.695815	0.400000	12.000000	135.907073	166.510000	14.700000	
4.871152	0.400000	12.000000	111.735619	152.120000	8.330000	
5.598374	0.400000	12.000000	112.047584	137.410000	8.330000	
6.915653	0.400000	12.000000	148.940000	150.297579	8.330000	
4.570797	0.400000	12.000000	138.510000	126.924160	8.330000	
4.620517	0.400000	12.000000	157.751631	123.350000	8.330000	
4.412277	0.400000	12.000000	205.163693	118.450000	5.150000	
4.865181	0.400000	12.000000	217.474536	115.830000	5.150000	
5.160812	0.400000	12.000000	208.590000	107.660000	9.899759	
5.816456	0.400000	12.000000	199.130000	100.470000	0.848284	
5.616095	0.400000	12.000000	154.160000	93.711397	5.150000	
5.667753	0.400000	12.000000	147.640000	85.100000	0.882432	
6.334458	0.400000	12.000000	129.900074	98.510000	5.150000	
4.804009	0.400000	12.000000	134.270000	87.060000	9.361049	
6.416846	0.400000	12.000000	115.040000	119.561804	5.150000	
5.094127	0.400000	12.000000	89.950000	145.136883	5.150000	
4.644425	0.400000	12.000000	82.470729	122.700000	5.150000	
4.920530	0.400000	12.000000	75.008440	189.070000	5.150000	
5.047802	0.400000	12.000000	64.520000	185.500621	5.150000	
4.722386	0.400000	12.000000	59.640000	196.995430	5.150000	
4.836900	0.400000	12.000000	68.760000	198.550000	7.777959	
4.433485	0.400000	12.000000	89.620000	195.930000	1.235470	
5.011401	0.400000	12.000000	67.460000	201.880551	23.790000	
5.131306	0.400000	12.000000	70.390000	190.050000	20.211270	
6.269361	0.400000	12.000000	53.440000	181.550000	30.363444	
6.676064	0.400000	12.000000	41.881677	148.850000	25.830000	
4.746349	0.400000	12.000000	29.980000	202.732441	63.860000	
4.447902	0.400000	12.000000	25.410000	180.560507	63.860000	
6.965034	0.400000	12.000000	7.552467	185.800000	63.860000	
6.227985	0.400000	12.000000	14.287675	171.740000	63.860000	
4.729439	0.400000	12.000000	34.210000	152.780000	65.328806	
5.232335	0.400000	12.000000	60.940000	149.840000	68.313196	
7.339827	0.400000	12.000000	-10.440000	184.490000	112.790023	
5.319951	0.400000	12.000000	-3.270000	183.840000	123.494768	
6.788847	0.400000	12.000000	198.810000	146.890000	57.476214	
5.676094	0.400000	12.000000	182.840000	136.100000	59.447315	
4.479100	0.400000	12.000000	194.261099	135.450000	54.690000	
5.878651	0.400000	12.000000	166.870000	146.555888	54.690000	
9.007482	0.400000	12.000000	183.810000	168.470000	61.018649	
5.531959	0.400000	12.000000	180.628785	165.200000	33.100000	
5.070037	0.400000	12.000000	186.420000	155.619739	34.920000	
4.936425	0.400000	12.000000	166.870000	178.930000	33.736396	
7.550258	0.400000	12.000000	196.530000	153.430000	23.759581	
5.516774	0.400000	12.000000	178.270000	155.266113	24.540000	
6.024678	0.400000	12.000000	169.150000	165.200000	23.228765	
7.189073	0.400000	12.000000	158.796208	175.010000	24.540000	
6.402543	0.400000	12.000000	34.540000	209.029195	147.490000	
5.654427	0.400000	12.000000	20.200000	202.134011	147.490000	
5.348000	0.400000	12.000000	14.660000	191.030000	144.115888	
6.548762	0.400000	12.000000	21.909043	192.670000	158.700000	
5.683689	0.400000	12.000000	40.410000	186.873772	158.700000	
5.162032	0.400000	12.000000	48.876133	197.570000	158.700000	
6.541844	0.400000	12.000000	50.180000	186.780000	167.945057	
4.591415	1.000000	11.000000	208.600000	131.414515	5.150000	
6.214900	1.000000	11.000000	224.240000	122.600000	11.294023	
4.644938	1.000000	11.000000	183.500000	104.300000	-0.187402	
4.679339	1.000000	11.000000	210.550000	73.852326	21.360000	
6.144281	1.000000	11.000000	207.940000	61.104343	23.480000	
4.592880	1.000000	11.000000	216.740000	86.310000	27.747584	
5.632239	1.000000	11.000000	236.630000	112.835885	25.530000	
4.926649	1.000000	11.000000	233.690000	124.217138	25.530000	
4.852292	1.000000	11.000000	235.650000	102.990000	35.076516	
4.500060	1.000000	11.000000	229.669159	100.040000	41.660000	
4.361243	1.000000	11.000000	238.447805	94.810000	41.660000	
4.874023	1.000000	11.000000	232.710000	87.620000	38.069418	
4.518613	1.000000	11.000000	227.421836	69.640000	42.500000	
4.541401	1.000000	11.000000	215.110000	75.520000	42.771052	
6.121556	1.000000	11.000000	206.970000	78.470000	49.134489	
7.297639	1.000000	11.000000	218.280017	65.720000	54.620000	
5.240570	1.000000	11.000000	204.680000	68.794084	55.450000	
5.045694	1.000000	11.000000	204.360000	73.240000	66.691274	
5.119788	1.000000	11.000000	243.702109	90.560000	63.020000	
6.568483	1.000000	11.000000	239.959942	70.290000	63.020000	
5.695909	1.000000	11.000000	228.329728	90.890000	64.010000	
7.319248	1.000000	11.000000	180.890000	44.606094	41.810000	
4.544492	1.000000	11.000000	162.310000	42.905109	50.220000	
4.925090	1.000000	11.000000	157.511279	52.960000	49.990000	
4.503477	1.000000	11.000000	188.710000	106.792222	39.090000	
4.954253	1.000000	11.000000	203.050000	95.998060	41.060000	
4.425959	1.000000	11.000000	197.488089	104.300000	41.060000	
4.780245	1.000000	11.000000	212.830000	135.350000	66.713113	
5.528786	1.000000	11.000000	221.960000	111.160000	62.499295	
4.703034	1.000000	11.000000	221.310000	118.183676	71.430000	
8.035852	1.000000	11.000000	40.740000	207.940000	38.523306	
7.761026	1.000000	11.000000	228.800000	74.041134	72.490000	
5.744815	1.000000	11.000000	213.810000	66.040000	84.159811	
4.974800	1.000000	11.000000	186.157635	40.870000	84.760000	
5.722331	1.000000	11.000000	213.480000	105.600000	86.568723	
4.776590	1.000000	11.000000	210.242282	111.490000	96.960000	
4.932147	1.000000	11.000000	205.340000	77.810000	97.276207	
4.861999	1.000000	11.000000	203.380000	95.790000	95.867882	
4.284373	1.000000	11.000000	187.080000	62.341445	96.960000	
6.059123	1.000000	11.000000	187.740000	84.350000	98.629102	
4.647056	1.000000	11.000000	186.760000	73.240000	100.215898	
4.625978	1.000000	11.000000	200.450000	70.620000	101.976236	
4.452995	1.000000	11.000000	188.060000	101.350000	94.760586	
5.057514	1.000000	11.000000	125.810000	67.350000	100.568652	
4.838610	1.000000	11.000000	129.976213	56.890000	101.880000	
5.630406	1.000000	11.000000	140.480000	52.640000	98.621233	
5.786340	1.000000	11.000000	166.550000	87.290000	103.672271	
4.504876	1.000000	11.000000	176.980000	86.808650	103.700000	
5.042561	1.000000	11.000000	183.560962	95.790000	103.700000	
4.297266	1.000000	11.000000	174.050000	100.987796	103.700000	
6.943650	1.000000	11.000000	204.030000	107.890000	77.151212	
4.325420	1.000000	11.000000	218.700000	111.864736	78.330000	
6.468559	1.000000	11.000000	193.280000	133.070000	86.025871	
4.948028	1.000000	11.000000	168.297264	122.280000	89.390000	
4.501205	1.000000	11.000000	173.491671	133.720000	93.630000	
5.301167	1.000000	11.000000	165.250000	117.472841	70.600000	
4.556557	1.000000	11.000000	182.850000	125.220000	103.921734	
7.436751	1.000000	11.000000	195.880000	116.982235	102.040000	
4.320606	1.000000	11.000000	185.450000	108.464565	102.040000	
4.765554	1.000000	11.000000	179.910000	116.508487	102.040000	
4.951889	1.000000	11.000000	207.620000	134.024999	77.260000	
6.155507	1.000000	11.000000	162.310000	164.450000	64.219220	
6.026780	1.000000	11.000000	146.340000	170.670834	99.990000	
5.639432	1.000000	11.000000	142.100000	194.291156	38.330000	
4.879446	1.000000	11.000000	199.460000	145.003237	35.530000	
7.449760	1.000000	11.000000	213.150000	148.181214	35.530000	
4.940802	1.000000	11.000000	175.670000	139.370000	50.007848	
4.362424	1.000000	11.000000	97.120000	79.540000	66.539452	
5.996974	1.000000	11.000000	73.980000	80.609806	67.190000	
5.451342	1.000000	11.000000	72.188125	93.930000	67.270000	
4.982003	1.000000	11.000000	46.600000	152.023875	64.610000	
4.682897	1.000000	11.000000	25.740000	167.820000	57.764113	
4.880996	1.000000	11.000000	32.580000	159.970000	54.757213	
4.677553	1.000000	11.000000	86.040000	101.120000	54.059349	
5.730626	1.000000	11.000000	127.750000	151.218911	67.800000	
4.992926	1.000000	11.000000	141.645721	156.700000	81.660000	
4.454398	1.000000	11.000000	188.380000	83.790000	79.731241	
6.919582	1.000000	11.000000	200.110000	71.400502	81.660000	
4.392041	1.000000	11.000000	198.810000	61.560000	89.979928	
7.000307	1.000000	11.000000	192.395409	52.730000	94.080000	
8.452764	1.000000	11.000000	163.930000	135.780000	127.379986	
5.442365	1.000000	11.000000	137.530000	140.030000	118.189551	
4.767298	1.000000	11.000000	111.130000	49.790000	115.645133	
4.788076	1.000000	11.000000	97.120000	53.710000	122.726349	
7.240157	1.000000	11.000000	69.090000	93.930000	121.480905	
7.149625	1.000000	11.000000	46.920000	98.510000	124.796053	
5.119599	1.000000	11.000000	197.830000	90.758628	104.760000	
5.260448	1.000000	11.000000	226.190000	119.053124	80.450000	
4.838582	1.000000	11.000000	132.640000	188.090000	110.121773	
6.896399	1.000000	11.000000	141.182573	198.550000	97.110000	
4.574681	1.000000	11.000000	167.520000	78.890000	126.566638	
6.142789	1.000000	11.000000	160.394748	67.770000	157.180000	
6.123398	1.000000	11.000000	118.300000	88.370000	152.704184	
5.367573	1.000000	11.000000	117.980000	196.550213	155.360000	
4.477748	1.000000	11.000000	118.300000	156.700000	156.103866	
4.376342	1.000000	11.000000	115.744071	148.200000	155.360000	
5.029813	1.000000	11.000000	116.670000	132.510000	152.412533	
5.138157	1.000000	11.000000	127.430000	128.910000	153.563191	
4.755044	1.000000	11.000000	113.740000	71.370000	171.706668	
4.370945	1.000000	11.000000	90.349184	77.910000	167.330000	
5.600906	1.000000	11.000000	87.670000	80.200000	176.905331	
5.949173	1.000000	11.000000	74.300000	76.991628	164.760000	
7.896903	1.000000	11.000000	32.464456	111.580000	163.850000	
4.762038	1.000000	11.000000	101.598639	145.910000	164.980000	
6.824802	1.000000	11.000000	93.011240	128.260000	177.100000	
4.538638	1.000000	11.000000	71.040000	196.720024	159.380000	
4.595095	1.000000	11.000000	32.013301	176.320000	160.440000	
6.982992	1.000000	11.000000	10.456507	169.780000	160.740000	
6.748535	1.000000	11.000000	15.960000	152.780000	171.286521	
6.503381	1.000000	11.000000	1.620000	154.740000	176.689685	
4.469457	1.000000	11.000000	80.170000	140.350000	187.878851	
4.537416	1.000000	11.000000	95.829378	137.410000	186.190000	
4.285891	1.000000	11.000000	80.342645	119.430000	186.880000	
4.392709	1.000000	11.000000	73.543040	146.890000	186.880000	
6.900559	1.000000	11.000000	43.010000	175.797030	186.880000	
4.289052	1.000000	11.000000	48.112597	173.050000	176.880000	
4.754711	1.000000	11.000000	8.215287	173.050000	195.970000	
4.474925	1.000000	11.000000	19.870000	170.555734	195.970000	
6.044651	1.000000	11.000000	0.320000	180.388626	171.040000	
5.923201	1.000000	11.000000	13.358794	124.990000	148.700000	
6.854904	1.000000	11.000000	121.890000	70.060000	156.004694	
6.772154	1.000000	11.000000	90.270000	147.220000	180.783293	
