5.414898	0.4	12.	107.17	93.16	-3.07898
4.93195	0.4	12.	124.134164	86.29	2.12
4.410776	0.4	12.	108.47	66.41397	2.12
4.679305	0.4	12.	94.13	71.26	-0.964654
5.166029	0.4	12.	90.22	81.745972	2.12
4.89831	0.4	12.	138.46	98.06	-2.078319
9.93784	0.4	12.	137.48	83.68	-7.037763
4.438616	0.4	12.	105.21	101.908271	2.12
4.797316	0.4	12.	96.09	103.62	-0.894994
4.527855	0.4	12.	91.232804	116.37	2.12
4.506224	0.4	12.	112.38	119.64	-0.744559
4.437767	0.4	12.	126.07	72.24	-2.195402
7.464666	0.4	12.	119.56	100.03	-4.09926
4.510224	0.4	12.	99.67	90.55	5.368824
4.512178	0.4	12.	113.36	95.78	6.366632
6.286936	0.4	12.	130.64	92.51	9.021791
4.470941	0.4	12.	115.97	71.26	0.275787
5.68512	0.4	12.	123.79	54.603124	4.17
5.497996	0.4	12.	98.012895	61.45	4.17
8.690191	0.4	12.	77.980747	121.6	4.17
4.890756	0.4	12.	92.18	126.84	2.031704
7.668274	0.4	12.	108.15	138.93	-2.990489
5.750074	0.4	12.	119.27673	144.49	4.17
4.608937	0.4	12.	142.04	121.675335	4.17
5.379812	0.4	12.	137.48	135.269266	4.17
5.241958	0.4	12.	144.	110.82	1.643177
5.13481	0.4	12.	121.18	127.49	2.01936
4.825709	0.4	12.	102.239563	126.51	4.17
5.827457	0.4	12.	128.68	116.37	-1.137128
4.560475	0.4	12.	131.29	106.57	3.305117
6.486414	0.4	12.	102.93	78.45	-1.847494
5.698059	0.4	12.	84.008804	106.57	7.65
4.380973	0.4	12.	90.55	97.08	8.075292
4.746736	0.4	12.	90.87	87.28	10.893972
4.553376	0.4	12.	127.7	81.39	10.713728
5.733836	0.4	12.	147.91	90.22	3.382349
4.465486	0.4	12.	152.521083	108.85	7.65
4.723898	0.4	12.	158.34	93.49	3.361466
4.482926	0.4	12.	146.871315	100.35	7.65
5.39536	0.4	12.	132.381501	72.24	7.65
5.639046	0.4	12.	141.448143	79.76	7.65
4.732114	0.4	12.	156.39	83.68	2.988584
5.213241	0.4	12.	130.64	125.2	7.995464
4.705611	0.4	12.	109.78	74.659946	7.65
4.438563	0.4	12.	106.343088	84.66	7.65
4.544292	0.4	12.	138.46	104.6	9.55591
5.170813	0.4	12.	101.966783	115.39	7.65
4.968201	0.4	12.	112.38	127.82	12.088623
4.916711	0.4	12.	122.633999	108.2	7.65
4.463364	0.4	12.	119.56	117.296573	7.65
4.543465	0.4	12.	147.81087	71.26	11.06
4.672715	0.4	12.	150.84	58.409182	11.06
5.020261	0.4	12.	107.82	58.500211	11.06
4.377632	0.4	12.	109.78	105.171044	11.06
5.947158	0.4	12.	95.311524	136.97	11.06
4.864234	0.4	12.	155.73	117.287239	11.06
8.136225	0.4	12.	154.43	141.843241	11.06
5.910048	0.4	12.	163.386551	128.14	11.06
5.12802	0.4	12.	163.56	106.89	7.541221
7.223351	0.4	12.	169.593001	89.56	11.06
5.326202	0.4	12.	158.561447	73.54	11.06
5.876491	0.4	12.	135.85	58.83	6.891949
4.447565	0.4	12.	126.73	156.91	11.549157
5.390477	0.4	12.	90.620749	148.09	11.06
4.953173	0.4	12.	101.63	146.13	9.040121
5.430108	0.4	12.	111.41	151.68	12.337047
6.453035	0.4	12.	131.61	145.8	5.704199
5.599867	0.4	12.	137.81	155.61	10.568632
4.531674	0.4	12.	149.21	129.664186	11.06
5.027741	0.4	12.	166.16	116.37	14.769854
5.077856	0.4	12.	83.05	76.519781	11.06
5.274326	0.4	12.	79.47	93.700373	11.06
4.963404	0.4	12.	136.5	115.39	11.778979
4.423362	0.4	12.	112.71	86.29	15.126352
4.759619	0.4	12.	129.01	65.285606	16.13
4.393785	0.4	12.	142.04	62.553344	16.13
4.440776	0.4	12.	120.53	79.342089	16.13
4.589186	0.4	12.	120.493703	96.76	19.01
4.590775	0.4	12.	106.84	95.45	15.601631
4.573679	0.4	12.	101.95	104.93	15.688656
4.914031	0.4	12.	94.46	110.708501	19.01
5.924525	0.4	12.	84.720934	68.97	19.01
5.145015	0.4	12.	105.87	68.64	15.817934
4.704551	0.4	12.	141.39	90.83045	19.01
5.015455	0.4	12.	135.53	81.39	17.740682
4.81278	0.4	12.	121.84	127.49	17.420763
4.51015	0.4	12.	100.	125.86	17.272554
5.602821	0.4	12.	86.31	125.2	15.300495
10.528914	0.4	12.	74.262478	136.97	20.68
5.160023	0.4	12.	107.82	138.93	15.055758
4.974263	0.4	12.	115.32	144.16	23.679295
4.805727	0.4	12.	125.278645	149.39	19.01
4.408303	0.4	12.	138.78	131.09	17.379115
4.632132	0.4	12.	139.206241	120.3	19.85
4.720004	0.4	12.	144.65	111.8	16.108073
4.378892	0.4	12.	137.48	99.05	16.766835
4.777237	0.4	12.	127.747073	89.89	19.85
4.633757	0.4	12.	119.88	86.29	23.69237
4.370667	0.4	12.	97.344925	92.83	20.68
4.856567	0.4	12.	94.46	74.2	20.253278
4.452842	0.4	12.	86.315822	80.08	20.68
4.651095	0.4	12.	84.03	112.78	16.301769
4.520148	0.4	12.	113.69	64.166982	20.68
4.52928	0.4	12.	120.53	71.140861	21.59
10.400787	0.4	12.	123.79	50.514146	21.59
4.741477	0.4	12.	129.66	110.16	17.886461
4.522071	0.4	12.	129.01	99.7	26.500195
5.105471	0.4	12.	161.93	99.37	17.478011
4.609919	0.4	12.	143.02	51.25196	22.42
4.431899	0.4	12.	94.46	61.77	19.070511
4.601292	0.4	12.	109.13	83.976772	23.33
4.433333	0.4	12.	100.33	82.04	19.380799
4.402796	0.4	12.	102.28	88.58	26.964049
4.88788	0.4	12.	139.11	87.6	28.12355
4.802929	0.4	12.	149.846773	88.26	23.33
4.812307	0.4	12.	159.304593	91.53	23.33
4.454681	0.4	12.	149.21	106.89	25.205272
5.065625	0.4	12.	158.775875	108.2	23.33
4.408285	0.4	12.	143.67	99.353459	23.33
4.479191	0.4	12.	117.93	121.116906	23.33
6.391298	0.4	12.	116.62	111.47	16.974578
4.615809	0.4	12.	108.72847	124.22	23.33
4.974903	0.4	12.	128.03	119.100162	23.33
5.519476	0.4	12.	129.98	132.07	27.556848
4.48887	0.4	12.	104.56	117.03	19.190986
4.464116	0.4	12.	113.39323	132.07	23.33
4.638027	0.4	12.	92.83	99.37	27.389027
4.539546	0.4	12.	86.890221	105.91	23.33
4.497109	0.4	12.	93.15	119.599529	23.33
4.648937	0.4	12.	101.3	134.36	21.20143
4.388249	0.4	12.	91.928808	130.11	23.33
4.482474	0.4	12.	88.92	142.53	20.251887
5.366162	0.4	12.	83.05	120.95	28.100947
4.867048	0.4	12.	91.85	86.62	24.991901
4.546682	0.4	12.	86.96	93.81	18.871114
4.92763	0.4	12.	114.34	93.81	25.939262
4.429957	0.4	12.	111.054458	102.32	23.33
5.082471	0.4	12.	120.86	105.58	28.010275
4.562436	0.4	12.	113.69	74.52	27.151339
4.470113	0.4	12.	130.64	75.83	26.897743
4.722542	0.4	12.	138.46	69.620978	23.33
5.204068	0.4	12.	144.265736	78.78	23.33
4.520647	0.4	12.	152.717343	98.39	23.33
4.59116	0.4	12.	158.266099	82.04	23.33
4.744943	0.4	12.	164.21	72.520502	23.33
4.777924	0.4	12.	158.640304	62.75	23.33
4.537276	0.4	12.	77.026206	101.99	23.33
4.909601	0.4	12.	137.81	108.117864	23.33
4.728753	0.4	12.	150.52	117.35	21.94198
4.389834	0.4	12.	143.938132	126.51	26.21
4.441914	0.4	12.	152.47	128.81923	26.21
4.452654	0.4	12.	108.47	112.993604	26.21
5.133889	0.4	12.	103.494964	74.85	26.21
4.383662	0.4	12.	148.89	61.672913	27.12
5.474383	0.4	12.	152.8	73.261611	27.12
4.843814	0.4	12.	93.127454	66.35	27.12
4.652452	0.4	12.	103.445635	62.1	27.12
6.568935	0.4	12.	73.321598	77.47	27.12
4.860312	0.4	12.	78.81	92.18	28.670102
4.440142	0.4	12.	91.85	152.008595	27.12
5.000998	0.4	12.	127.05	159.2	22.352303
4.808611	0.4	12.	92.18	137.63	28.650401
5.40365	0.4	12.	99.02	145.14	24.267995
4.451246	0.4	12.	134.55	152.66	23.191965
4.423814	0.4	12.	129.33	143.84	26.707955
4.59662	0.4	12.	107.668673	148.09	28.94
6.21627	0.4	12.	115.45819	156.59	28.94
5.201831	0.4	12.	100.65	156.213311	28.94
8.262975	0.4	12.	119.56	171.531789	28.94
5.03095	0.4	12.	168.12	113.1	24.92318
4.746558	0.4	12.	157.36	118.163193	28.94
4.563693	0.4	12.	164.53	134.36	27.491761
4.716969	0.4	12.	163.88	152.34	33.090106
7.235828	0.4	12.	157.36	159.53	23.755518
4.40551	0.4	12.	144.687226	166.4	28.94
4.868759	0.4	12.	132.193561	166.07	28.94
4.942304	0.4	12.	139.11	157.9	32.000141
4.796265	0.4	12.	154.43	137.3	32.364985
4.864055	0.4	12.	165.19	123.89	30.889601
5.824163	0.4	12.	169.42	97.41	26.036848
4.741155	0.4	12.	123.298415	141.88	33.86
5.139688	0.4	12.	118.817082	133.05	33.86
4.393211	0.4	12.	122.16	77.79	29.702445
6.920535	0.4	12.	127.38	65.37	32.187812
4.527411	0.4	12.	141.39	64.39	31.692142
4.424052	0.4	12.	107.17	95.45	33.135354
4.381061	0.4	12.	134.22	81.446534	34.69
5.264262	0.4	12.	123.14	91.53	31.655852
4.666181	0.4	12.	147.130752	94.14	34.69
5.408561	0.4	12.	97.756836	112.78	34.69
4.434861	0.4	12.	103.26	104.6	33.758
4.534986	0.4	12.	115.32	143.51	38.38253
4.650576	0.4	12.	127.7	151.088764	34.69
4.421905	0.4	12.	155.845817	146.45	34.69
4.406255	0.4	12.	167.694453	105.91	34.69
4.459582	0.4	12.	83.338454	69.95	34.69
4.702224	0.4	12.	104.181344	68.64	34.69
6.74827	0.4	12.	86.64	58.48954	34.69
4.398414	0.4	12.	116.95	83.68	35.33226
4.455878	0.4	12.	105.986284	86.29	35.6
4.467191	0.4	12.	132.27	89.56	38.280255
4.634417	0.4	12.	137.81	96.833007	35.6
5.425023	0.4	12.	143.67	113.76	30.954487
4.695483	0.4	12.	138.78	121.367379	35.6
4.603247	0.4	12.	150.84	160.51	33.805767
4.788708	0.4	12.	140.462588	131.74	35.6
5.056657	0.4	12.	82.07	132.72	37.253085
5.066251	0.4	12.	97.07	92.83	34.333348
4.944928	0.4	12.	99.02	123.456068	36.51
5.359566	0.4	12.	92.83	73.293678	36.51
4.680587	0.4	12.	85.33	82.04	31.909573
5.27431	0.4	12.	116.971229	113.76	36.51
4.604183	0.4	12.	125.1	84.33	41.005538
4.514871	0.4	12.	113.608091	66.68	36.51
4.723005	0.4	12.	87.29	115.850958	36.51
4.56065	0.4	12.	176.59	93.49	34.691166
8.11786	0.4	12.	183.210462	78.45	36.51
4.412048	0.4	12.	89.081621	125.86	36.51
4.580665	0.4	12.	144.931635	106.89	38.63
5.91349	0.4	12.	156.952684	91.2	38.63
4.69078	0.4	12.	128.160299	75.18	38.63
4.893495	0.4	12.	107.5	77.528842	38.63
4.442205	0.4	12.	99.67	83.03	41.36461
5.548811	0.4	12.	86.96	105.91	33.608201
4.557242	0.4	12.	90.22	97.41	41.140204
4.582184	0.4	12.	76.529438	121.28	38.63
5.265608	0.4	12.	85.98	143.153874	38.63
4.949391	0.4	12.	121.51	123.57	41.706563
5.176645	0.4	12.	158.67	101.66	42.095633
4.407088	0.4	12.	155.73	110.16	36.016477
5.452652	0.4	12.	146.877628	83.03	38.63
4.761342	0.4	12.	118.245863	75.18	38.63
4.676264	0.4	12.	117.27	58.18	41.672909
4.939482	0.4	12.	137.9033	73.22	38.63
4.60098	0.4	12.	166.520549	73.87	38.63
5.069008	0.4	12.	142.7	55.152033	38.63
6.319039	0.4	12.	129.66	52.435709	38.63
4.934607	0.4	12.	124.77	99.05	39.345494
4.743774	0.4	12.	135.85	110.49	37.462612
4.692262	0.4	12.	131.208117	130.11	38.63
4.515717	0.4	12.	128.68	118.01	37.405403
4.629694	0.4	12.	107.586434	116.7	38.63
4.87748	0.4	12.	114.99	98.655746	38.63
4.83691	0.4	12.	108.15	129.78	35.005235
4.636317	0.4	12.	102.93	135.01	42.864065
4.61726	0.4	12.	90.961447	86.62	38.63
4.556526	0.4	12.	110.43	107.097457	42.5
4.985946	0.4	12.	92.18	133.105907	42.5
4.920022	0.4	12.	96.09	142.907008	42.5
5.276602	0.4	12.	92.18	152.66	39.701929
4.425157	0.4	12.	144.33	137.163883	42.5
5.042844	0.4	12.	145.3	126.006978	42.5
4.490678	0.4	12.	150.52	152.01	41.246131
5.614007	0.4	12.	174.31	111.8	40.83954
4.910779	0.4	12.	149.54	64.72	38.437239
4.406506	0.4	12.	105.54	62.377863	42.5
5.01594	0.4	12.	95.935986	62.75	42.5
4.422881	0.4	12.	78.16	79.76	38.148475
5.682062	0.4	12.	78.49	89.049002	42.5
7.955041	0.4	12.	72.48408	101.66	42.5
4.918918	0.4	12.	152.15	115.717441	44.31
5.669538	0.4	12.	164.21	134.03	39.816454
4.489752	0.4	12.	154.76	136.092006	44.31
4.567066	0.4	12.	127.05	160.18	47.724234
6.487179	0.4	12.	121.84	170.444308	44.31
5.8934	0.4	12.	145.222195	164.43	44.31
5.535074	0.4	12.	157.69	167.05	39.171563
4.740921	0.4	12.	160.691431	154.63	44.31
4.443504	0.4	12.	106.19	146.78	42.575342
5.210306	0.4	12.	100.98	152.99	49.269942
4.461455	0.4	12.	155.08	74.52	40.723539
5.259177	0.4	12.	159.64	123.89	41.094628
4.679719	0.4	12.	169.42	124.22	46.090593
4.431979	0.4	12.	140.520759	153.97	44.31
5.78483	0.4	12.	132.92	141.217284	44.31
4.692908	0.4	12.	175.94	70.6	43.727231
4.854433	0.4	12.	168.947481	99.05	44.31
4.718255	0.4	12.	174.96	87.28	41.626031
5.526901	0.4	12.	119.23	131.667749	49.01
4.828654	0.4	12.	128.36	66.68	44.39357
4.50858	0.4	12.	136.5	63.932342	49.01
4.564309	0.4	12.	100.33	73.54	48.453147
4.655092	0.4	12.	84.586453	94.8	49.01
4.429337	0.4	12.	129.01	107.55	47.453409
4.86565	0.4	12.	99.159105	116.37	49.01
5.048806	0.4	12.	164.53	113.340611	49.01
4.460846	0.4	12.	163.88	84.99	45.350145
4.699069	0.4	12.	121.51	73.939137	49.01
4.391653	0.4	12.	84.03	75.83	44.674585
6.093848	0.4	12.	137.48	52.391109	49.01
5.081427	0.4	12.	124.77	63.08	53.21291
4.681372	0.4	12.	120.86	105.58	52.552947
5.437521	0.4	12.	157.36	64.39	47.523061
4.658556	0.4	12.	149.87	102.50605	49.01
5.028155	0.4	12.	99.02	55.45002	49.01
4.446859	0.4	12.	107.17	99.846495	50.83
4.428336	0.4	12.	119.56	95.751295	50.83
5.0402	0.4	12.	141.07	96.1	47.294771
4.826912	0.4	12.	134.87	83.68	47.346356
4.504378	0.4	12.	128.03	91.53	49.667622
4.381187	0.4	12.	89.24	60.47	50.504724
4.539196	0.4	12.	85.01	69.323857	50.83
7.145648	0.4	12.	169.722639	61.77	50.83
5.037733	0.4	12.	149.21	50.98	55.012986
4.670508	0.4	12.	145.63	60.14	51.261336
4.760137	0.4	12.	109.78	90.05682	50.83
5.645896	0.4	12.	160.62	143.476642	50.83
4.405543	0.4	12.	122.81	142.897815	50.83
5.267445	0.4	12.	111.716277	139.91	50.83
5.16952	0.4	12.	136.5	91.2	55.862185
4.501238	0.4	12.	132.573188	99.37	50.83
4.922083	0.4	12.	97.07	106.849041	50.83
4.586495	0.4	12.	137.761042	131.09	50.83
4.441259	0.4	12.	97.72	128.715677	52.57
5.599127	0.4	12.	77.061199	133.7	52.57
5.032008	0.4	12.	87.61	131.48076	52.57
5.069694	0.4	12.	100.33	91.2	47.956518
4.558388	0.4	12.	92.346571	75.51	52.57
5.017902	0.4	12.	177.9	92.341184	52.57
9.068616	0.4	12.	161.93	42.852852	52.57
4.537331	0.4	12.	119.073185	83.68	52.57
4.86268	0.4	12.	114.453118	66.35	52.57
4.517398	0.4	12.	90.22	116.7	52.290649
5.227381	0.4	12.	167.79	152.01	56.332643
5.284053	0.4	12.	139.44	119.97	55.453465
4.561276	0.4	12.	119.56	122.26	56.947586
4.827746	0.4	12.	107.052464	115.72	55.37
6.544599	0.4	12.	140.41	107.87	57.074245
4.650804	0.4	12.	151.82	108.53	55.91194
4.464743	0.4	12.	158.01	101.66	53.84107
5.08102	0.4	12.	156.71	88.513966	55.37
5.116563	0.4	12.	168.77	71.58	59.276063
4.423027	0.4	12.	162.58	77.14	51.513411
6.55104	0.4	12.	145.96	73.22	49.304517
4.698385	0.4	12.	136.17737	74.52	55.37
5.167133	0.4	12.	129.01	82.532872	55.37
5.006939	0.4	12.	107.5	80.41	51.845803
4.498922	0.4	12.	99.02	84.66	59.378062
5.597995	0.4	12.	88.92	85.64	52.534532
5.589803	0.4	12.	93.81	96.117222	55.37
5.387511	0.4	12.	86.64	105.91	51.348587
6.600864	0.4	12.	80.44	121.93	50.559984
7.017254	0.4	12.	118.9	49.900308	55.37
5.064608	0.4	12.	124.44	114.74	52.584169
5.155298	0.4	12.	129.98	132.72	57.220963
4.954989	0.4	12.	129.33	124.55	50.615612
4.976338	0.4	12.	106.52	126.175392	55.37
5.013159	0.4	12.	101.95	137.63	58.529665
4.813963	0.4	12.	115.32	79.1	60.121061
4.644114	0.4	12.	106.52	70.888455	55.37
5.703138	0.4	12.	96.41	64.531048	57.95
5.883428	0.4	12.	107.5	58.009564	57.95
4.757023	0.4	12.	78.777444	98.39	57.95
6.502468	0.4	12.	69.301264	89.24	57.95
4.42751	0.4	12.	78.893407	81.72	57.95
4.573104	0.4	12.	89.400552	139.59	57.95
4.428065	0.4	12.	93.48	149.07	59.229748
4.822549	0.4	12.	146.61	138.532339	57.95
4.473781	0.4	12.	173.33	112.45	57.538337
4.478639	0.4	12.	184.09	123.31562	57.95
4.451937	0.4	12.	187.637753	112.45	57.95
6.380229	0.4	12.	151.17	153.65	52.619246
4.399443	0.4	12.	103.291887	103.62	57.95
4.674998	0.4	12.	149.894957	66.02	57.95
4.73906	0.4	12.	116.706267	160.84	59.77
4.998984	0.4	12.	135.2	157.024523	59.77
4.382264	0.4	12.	126.73	162.103023	59.77
5.468082	0.4	12.	158.01	163.78	55.957781
4.655192	0.4	12.	158.99	137.412317	59.77
4.641429	0.4	12.	144.65	127.325813	59.77
4.632767	0.4	12.	155.73	117.35	57.387443
5.264761	0.4	12.	164.86	97.08	62.845374
4.538026	0.4	12.	178.22	76.784715	59.77
4.885874	0.4	12.	170.34172	123.24	59.77
6.550139	0.4	12.	184.42	139.59	55.643247
5.090045	0.4	12.	138.46	147.43	63.083787
5.40627	0.4	12.	110.75	149.39	57.899782
5.098651	0.4	12.	79.79	111.971168	59.77
4.60416	0.4	12.	155.41	74.2	58.593531
4.453824	0.4	12.	171.05	102.32	56.864395
5.295123	0.4	12.	163.11901	107.87	59.77
5.396435	0.4	12.	168.819414	84.99	59.77
7.543583	0.4	12.	182.79	101.563573	59.77
5.368863	0.4	12.	193.619266	121.6	59.77
4.422672	0.4	12.	181.550952	156.91	59.77
4.536198	0.4	12.	159.32	153.97	62.50523
6.304871	0.4	12.	174.414209	178.82	59.77
4.528799	0.4	12.	190.733161	151.36	59.77
5.309127	0.4	12.	188.98	133.7	64.946824
5.621587	0.4	12.	128.03	151.03	54.621301
5.125912	0.4	12.	101.95	156.918395	59.77
4.700859	0.4	12.	143.168	163.13	59.77
5.170756	0.4	12.	112.71	108.503097	59.77
4.74625	0.4	12.	129.98	172.28	58.295304
4.750416	0.4	12.	149.328491	83.68	63.63
4.395437	0.4	12.	140.046774	86.62	63.63
5.381299	0.4	12.	92.51902	117.35	65.6
5.059698	0.4	12.	126.495152	101.33	65.6
4.869971	0.4	12.	131.61	110.16	64.316412
4.958325	0.4	12.	151.17	119.989567	65.6
5.433516	0.4	12.	163.23	117.593142	65.6
5.221819	0.4	12.	159.64	86.389796	65.6
4.932354	0.4	12.	128.36	59.16	63.317729
4.421115	0.4	12.	136.18	57.2	68.956006
4.492104	0.4	12.	136.810852	67.01	65.6
4.59814	0.4	12.	123.14	74.2	63.17841
4.435435	0.4	12.	98.04	55.099716	65.6
4.954666	0.4	12.	84.621367	75.51	65.6
5.585938	0.4	12.	127.05	139.26	66.860764
4.565639	0.4	12.	116.62	132.07	63.750964
4.714726	0.4	12.	109.78	123.64626	65.6
4.898369	0.4	12.	103.889364	111.14	65.6
5.050422	0.4	12.	148.24	100.03	60.690489
4.921651	0.4	12.	155.08	63.103222	65.6
4.509358	0.4	12.	126.73	67.01	68.329334
5.809673	0.4	12.	150.19	148.396223	65.6
4.577895	0.4	12.	167.14	138.93	69.981727
4.702561	0.4	12.	108.15	166.171902	65.6
4.430854	0.4	12.	133.9	166.72	65.739414
4.857717	0.4	12.	134.55	178.49	66.621331
4.870569	0.4	12.	154.1	168.485611	65.6
4.638154	0.4	12.	166.49	162.15	63.319205
4.481875	0.4	12.	132.59	92.294873	66.58
5.755126	0.4	12.	120.53	92.83	60.871304
4.601614	0.4	12.	109.893631	91.53	66.58
4.613256	0.4	12.	88.27	61.12	68.148373
4.666378	0.4	12.	102.93	75.83	62.95896
4.461087	0.4	12.	148.89	56.54	69.327554
4.666398	0.4	12.	153.78	48.084075	66.58
4.436832	0.4	12.	137.48	102.062899	66.58
4.394034	0.4	12.	159.675265	143.84	66.58
5.160097	0.4	12.	103.478945	146.45	66.58
4.383099	0.4	12.	112.38	139.91	65.72324
4.865349	0.4	12.	120.53	148.189588	66.58
4.575659	0.4	12.	91.53	99.875676	66.58
4.383999	0.4	12.	110.923685	101.33	66.58
4.44406	0.4	12.	174.96	141.88	63.720602
4.813647	0.4	12.	180.83	149.545055	66.58
4.574914	0.4	12.	169.1	170.471501	66.58
4.406453	0.4	12.	178.22	92.288099	68.55
5.153063	0.4	12.	144.538522	94.47	68.55
5.642309	0.4	12.	89.9	130.11	63.722358
4.6033	0.4	12.	79.79	136.675805	68.55
5.169022	0.4	12.	74.58	117.691217	68.55
5.971549	0.4	12.	83.05	89.89	64.950465
4.768685	0.4	12.	94.46	78.78	66.76678
4.842808	0.4	12.	115.97	65.696399	68.55
5.329156	0.4	12.	123.609378	84.66	68.55
4.495928	0.4	12.	138.13	124.22	71.763339
4.427341	0.4	12.	140.41	114.385072	68.55
6.05649	0.4	12.	169.810849	150.38	68.55
5.66219	0.4	12.	102.484961	84.01	72.57
4.395507	0.4	12.	88.075814	84.33	72.57
4.838368	0.4	12.	107.535638	71.26	72.57
5.293887	0.4	12.	115.64	77.79	70.158306
5.361605	0.4	12.	134.87	82.04	74.304705
4.826127	0.4	12.	140.41	75.51	67.844222
4.521461	0.4	12.	115.64	55.89	73.065815
5.223624	0.4	12.	85.01	112.90485	72.57
5.107872	0.4	12.	101.170832	136.97	72.57
5.613786	0.4	12.	100.33	126.158146	72.57
5.267097	0.4	12.	84.35	146.568085	72.57
4.427897	0.4	12.	111.84715	116.7	72.57
6.039819	0.4	12.	128.03	118.004467	72.57
4.45155	0.4	12.	120.072964	125.2	72.57
5.181418	0.4	12.	119.88	108.545478	72.57
5.517642	0.4	12.	129.33	129.744814	72.57
4.668239	0.4	12.	150.84	110.16	71.265501
4.552944	0.4	12.	154.43	95.12	68.063213
4.709921	0.4	12.	170.73	60.14	67.897688
4.48812	0.4	12.	95.44	90.87	70.037799
4.695007	0.4	12.	88.92	70.27	74.57463
4.992712	0.4	12.	94.724918	109.18	72.57
4.629263	0.4	12.	103.199647	97.08	72.57
4.422775	0.4	12.	83.452836	123.89	72.57
5.93147	0.4	12.	138.78	136.32	68.609421
7.680544	0.4	12.	171.434662	186.67	72.57
6.370281	0.4	12.	97.72	166.72	69.597285
4.782882	0.4	12.	168.12	76.49	76.19302
5.154464	0.4	12.	114.67	155.61	69.968696
4.957612	0.4	12.	150.19	137.95	72.102938
5.03899	0.4	12.	150.19	128.073107	73.78
5.581895	0.4	12.	172.68	114.09	77.428812
4.49563	0.4	12.	178.229169	129.78	73.78
4.371419	0.4	12.	186.867022	111.8	73.78
6.29467	0.4	12.	103.91	60.12627	73.78
6.193122	0.4	12.	72.281443	127.82	73.78
4.927876	0.4	12.	94.78	147.843656	73.78
4.418417	0.4	12.	91.210735	138.28	73.78
6.470394	0.4	12.	80.44	97.74	78.969315
4.549131	0.4	12.	96.74	68.64	69.359661
5.230208	0.4	12.	175.94	107.55	68.826814
5.754509	0.4	12.	179.85	118.34	68.649426
4.879837	0.4	12.	185.07	94.47	74.85811
4.930772	0.4	12.	187.67	103.3	78.520719
5.103768	0.4	12.	118.9	156.91	79.43857
5.928769	0.4	12.	131.022108	159.86	75.6
4.867765	0.4	12.	152.15	156.59	73.814154
5.068407	0.4	12.	157.36	170.620173	75.6
4.567041	0.4	12.	158.01	148.74	75.166586
4.456199	0.4	12.	162.25	157.24	73.011115
4.586763	0.4	12.	195.884122	140.89	75.6
5.548924	0.4	12.	188.33	130.682498	75.6
5.763846	0.4	12.	180.994029	142.2	75.6
4.676941	0.4	12.	168.12	92.83	72.055629
4.725472	0.4	12.	173.236066	100.35	75.6
4.371675	0.4	12.	157.36	101.33	74.023762
4.665047	0.4	12.	148.007086	75.83	75.6
5.657292	0.4	12.	144.33	50.33	76.668185
4.564422	0.4	12.	76.53	108.301431	75.6
4.832071	0.4	12.	105.046813	154.63	75.6
4.555956	0.4	12.	142.7	130.43	80.130808
5.513585	0.4	12.	159.64	135.027251	75.6
4.470608	0.4	12.	159.32	119.64	75.01874
5.555417	0.4	12.	168.564387	124.55	75.6
4.3997	0.4	12.	192.433757	120.95	75.6
5.289715	0.4	12.	180.501006	82.04	75.6
4.571414	0.4	12.	131.61	147.90719	75.6
4.673347	0.4	12.	144.555829	151.03	75.6
4.604788	0.4	12.	138.78	143.51	79.525853
4.485476	0.4	12.	145.63	169.99	72.894699
4.966751	0.4	12.	149.54	88.26	77.41911
4.797505	0.4	12.	153.13	81.06	84.692547
4.552335	0.4	12.	175.29	152.575975	79.92
5.459581	0.4	12.	127.38	138.93	80.982182
5.336899	0.4	12.	115.64	139.26	79.906337
4.511333	0.4	12.	103.58	144.49	80.033306
4.797956	0.4	12.	134.87	164.43	85.264406
5.053864	0.4	12.	134.87	182.298022	81.81
4.78498	0.4	12.	145.3	185.928935	81.81
4.631811	0.4	12.	148.973463	172.61	81.81
4.894203	0.4	12.	167.79	177.515409	81.81
5.237428	0.4	12.	151.30343	103.62	81.81
4.936673	0.4	12.	106.981962	91.2	81.81
4.750476	0.4	12.	118.325708	76.16	81.81
4.455969	0.4	12.	135.2	90.02467	81.81
6.008865	0.4	12.	97.07	51.367597	81.81
4.438442	0.4	12.	84.35	76.49	81.863914
5.332617	0.4	12.	91.47255	63.41	81.81
4.82608	0.4	12.	125.979607	60.14	81.81
5.554958	0.4	12.	138.46	66.68	76.375764
4.569536	0.4	12.	162.933285	84.01	81.81
4.890044	0.4	12.	160.62	94.069631	81.81
4.623469	0.4	12.	168.44	106.24	85.684384
4.77531	0.4	12.	160.817202	113.1	81.81
4.802207	0.4	12.	110.43	100.31849	81.81
4.457668	0.4	12.	130.05038	110.82	81.81
4.629063	0.4	12.	111.73	109.83	80.011339
5.161104	0.4	12.	101.616914	118.66	81.81
5.638218	0.4	12.	110.75	127.49	78.817255
4.484562	0.4	12.	110.723106	162.47	81.81
4.8155	0.4	12.	167.14	162.8	82.952399
4.47594	0.4	12.	170.07	143.84	80.503257
5.656836	0.4	12.	150.84	145.47	82.572197
4.65959	0.4	12.	133.57	101.66	85.500385
4.735405	0.4	12.	125.42	100.68	77.748173
4.680282	0.4	12.	117.338482	92.18	81.81
4.431483	0.4	12.	128.68	71.963221	81.81
4.739712	0.4	12.	103.58	105.58	77.609423
4.809502	0.4	12.	149.87	59.81	83.09915
4.477747	0.4	12.	140.74	121.28	84.091686
4.506162	0.4	12.	155.663633	121.6	84.16
5.074355	0.4	12.	126.755812	84.01	84.16
4.640364	0.4	12.	85.01	85.976152	84.16
4.393009	0.4	12.	93.15	79.80476	84.16
4.64769	0.4	12.	98.7	73.54	80.68367
4.907697	0.4	12.	172.726	135.01	84.16
4.475377	0.4	12.	88.59	131.74	80.502409
6.056413	0.4	12.	79.47	137.258229	84.16
4.611853	0.4	12.	74.243877	119.32	84.16
4.625854	0.4	12.	114.67	84.99	88.03422
5.830856	0.4	12.	144.65	92.83	88.985243
4.765344	0.4	12.	141.39	98.06	79.632286
5.032884	0.4	12.	104.56	126.18	88.94209
4.771425	0.4	12.	82.72	109.181862	88.48
5.300176	0.4	12.	81.144303	125.53	88.48
4.689465	0.4	12.	111.08	70.93	91.252289
5.176842	0.4	12.	143.02	111.14	83.356471
4.763911	0.4	12.	128.36	128.47	92.665935
5.269529	0.4	12.	119.56	121.967379	88.48
4.926183	0.4	12.	116.938887	110.16	88.48
4.653802	0.4	12.	109.78	58.83	84.68343
4.407856	0.4	12.	118.58	64.06	87.733411
5.22533	0.4	12.	129.66	118.149898	88.48
6.087479	0.4	12.	168.44	191.964723	88.48
6.320567	0.4	12.	108.47	172.28594	88.48
5.740114	0.4	12.	92.054845	166.07	88.48
4.542136	0.4	12.	86.31	145.47	86.91629
4.832013	0.4	12.	92.83	112.45	86.396371
5.132664	0.4	12.	93.48	123.898874	88.48
4.646679	0.4	12.	102.286594	99.05	88.48
4.387473	0.4	12.	101.63	86.486908	88.48
4.965472	0.4	12.	103.91	78.12	93.150717
4.724476	0.4	12.	158.99	175.293192	88.48
4.472209	0.4	12.	153.78	109.83	88.908214
4.426598	0.4	12.	167.352854	76.49	88.48
4.50341	0.4	12.	173.861118	94.14	88.48
4.400164	0.4	12.	134.87	73.980648	88.48
4.628523	0.4	12.	144.053858	82.04	88.48
7.19221	0.4	12.	162.231206	53.27	88.48
4.94277	0.4	12.	120.86	144.108919	88.48
4.416263	0.4	12.	91.2	101.143522	88.48
5.117347	0.4	12.	132.92	52.62	86.778326
4.558619	0.4	12.	118.742872	50.98	88.48
5.165491	0.4	12.	109.45	52.62	92.912715
5.902453	0.4	12.	184.338058	104.28	90.14
4.833479	0.4	12.	180.688707	117.68	90.14
5.133915	0.4	12.	195.029231	114.74	90.14
4.974074	0.4	12.	101.3	67.423411	90.14
4.433917	0.4	12.	92.5	139.102872	90.14
5.368921	0.4	12.	181.48	151.164983	90.14
5.416536	0.4	12.	70.845309	129.12	90.14
4.815752	0.4	12.	89.57	84.66	93.96436
5.197489	0.4	12.	122.16	174.501735	90.14
4.456897	0.4	12.	125.952635	165.09	90.14
4.66427	0.4	12.	153.13	69.483728	90.14
5.328583	0.4	12.	184.42	93.49	85.759973
4.586421	0.4	12.	155.73	134.68	92.228008
5.056232	0.4	12.	158.99	152.757075	91.2
5.573336	0.4	12.	130.78646	155.93	91.2
5.574183	0.4	12.	160.281219	100.68	91.2
4.51152	0.4	12.	189.96	123.860962	91.2
4.48335	0.4	12.	191.26	144.20164	91.2
5.756164	0.4	12.	191.59	133.7	94.93256
5.178379	0.4	12.	182.13	140.487268	91.2
5.765308	0.4	12.	176.27	175.570362	91.2
4.786303	0.4	12.	150.84	158.687649	91.2
4.747451	0.4	12.	142.37	149.39	92.145229
5.324548	0.4	12.	138.13	140.24	90.183603
4.963022	0.4	12.	143.02	130.569625	91.2
4.692698	0.4	12.	164.21	123.57	87.412495
4.38329	0.4	12.	170.07	129.413195	91.2
5.970099	0.4	12.	142.7	44.566144	91.2
5.222832	0.4	12.	81.649439	98.72	91.2
4.832927	0.4	12.	115.357319	154.3	91.2
5.140322	0.4	12.	99.02	152.01	87.601093
4.715522	0.4	12.	104.56	161.224457	91.2
5.065823	0.4	12.	161.519738	142.86	91.2
4.669095	0.4	12.	175.94	80.08	87.917855
4.52511	0.4	12.	182.79	130.43	88.920812
4.429948	0.4	12.	137.905094	61.12	91.2
4.871427	0.4	12.	116.3	164.545602	91.2
5.166314	0.4	12.	121.18	74.85	94.651574
5.270881	0.4	12.	135.53	82.655399	96.96
4.452269	0.4	12.	135.413008	96.1	96.96
4.440103	0.4	12.	128.36	90.22	95.975589
4.955683	0.4	12.	161.93	91.53	96.828733
4.377037	0.4	12.	174.31	101.52576	96.96
4.733715	0.4	12.	168.737687	111.47	96.96
7.332285	0.4	12.	200.734053	104.28	96.96
5.767782	0.4	12.	95.11	60.746446	96.96
6.965778	0.4	12.	96.74	46.988684	96.96
4.433102	0.4	12.	85.01	77.14	99.114367
5.186734	0.4	12.	110.43	90.22	99.16759
5.314033	0.4	12.	112.38	100.567406	96.96
4.382287	0.4	12.	111.744495	110.49	96.96
4.507743	0.4	12.	113.04	137.95	95.153743
5.245	0.4	12.	106.52	144.49	91.864279
4.974164	0.4	12.	97.045961	145.8	96.96
6.677342	0.4	12.	86.932474	154.95	96.96
5.016831	0.4	12.	85.98	141.932452	96.96
4.37149	0.4	12.	132.18262	165.09	96.96
4.504727	0.4	12.	144.809106	165.09	96.96
4.481823	0.4	12.	150.074013	172.61	96.96
4.381958	0.4	12.	166.49	176.47807	96.96
4.67509	0.4	12.	173.99	160.84	93.883545
4.568365	0.4	12.	170.16478	83.35	96.96
5.033237	0.4	12.	131.29	65.656577	96.96
5.413736	0.4	12.	125.1	57.2	95.247189
4.657801	0.4	12.	151.5	147.11	94.147636
4.549086	0.4	12.	166.49	157.57	99.921693
4.832325	0.4	12.	135.85	179.47	93.388824
4.547699	0.4	12.	151.240213	185.03	96.96
6.91117	0.4	12.	142.7	192.887578	96.96
4.495467	0.4	12.	127.147898	148.09	96.96
5.482191	0.4	12.	129.01	137.977121	96.96
4.596267	0.4	12.	126.227494	100.68	96.96
5.212205	0.4	12.	133.9	109.18	92.304154
4.68183	0.4	12.	119.88	129.763263	96.96
4.459218	0.4	12.	152.15	92.578783	96.96
4.589331	0.4	12.	158.34	81.882051	96.96
4.563139	0.4	12.	149.288574	84.01	96.96
9.889705	0.4	12.	68.720657	106.24	96.96
4.839878	0.4	12.	91.85	71.91	93.563359
4.943239	0.4	12.	80.810185	119.32	99.54
5.129147	0.4	12.	81.5388	132.39	99.54
4.557096	0.4	12.	85.33	94.648374	99.54
4.745622	0.4	12.	112.38	79.845707	99.54
4.660897	0.4	12.	122.424425	83.35	99.54
4.615055	0.4	12.	144.65	90.22	103.249696
5.23981	0.4	12.	146.61	102.64	95.481639
4.857342	0.4	12.	174.791486	70.6	99.54
4.671866	0.4	12.	178.87	109.023708	99.54
5.061561	0.4	12.	201.733282	121.93	99.54
4.668846	0.4	12.	190.28	118.356056	99.54
4.465485	0.4	12.	153.418467	61.45	99.54
4.885979	0.4	12.	137.48	121.93	97.532236
5.108147	0.4	12.	156.39	117.792199	99.54
5.126139	0.4	12.	139.452378	157.24	99.54
4.672822	0.4	12.	165.51	167.709765	99.54
4.395479	0.4	12.	156.406987	165.74	99.54
5.180238	0.4	12.	141.07	172.93	102.419808
4.501338	0.4	12.	102.93	137.903404	99.54
4.619403	0.4	12.	100.98	106.89	99.221711
5.08677	0.4	12.	99.02	117.03	98.490304
5.087144	0.4	12.	120.982279	114.74	99.54
4.493664	0.4	12.	146.61	127.043946	99.54
4.878784	0.4	12.	157.04	127.868027	99.54
4.505707	0.4	12.	146.638765	140.57	99.54
4.565846	0.4	12.	168.44	149.72	95.042258
4.763383	0.4	12.	169.75	140.405392	99.54
4.743618	0.4	12.	175.689636	132.72	99.54
4.555163	0.4	12.	99.5346	71.58	99.54
4.902435	0.4	12.	164.21	69.29	96.263187
5.681095	0.4	12.	178.754926	94.14	104.99
4.409271	0.4	12.	168.015799	98.06	104.99
4.58229	0.4	12.	169.42	76.49	107.14816
5.023675	0.4	12.	147.26	75.51	102.384668
4.689578	0.4	12.	135.2	73.014986	104.99
5.301673	0.4	12.	80.44	125.86	108.280972
4.392645	0.4	12.	99.108663	163.45	104.99
5.165164	0.4	12.	109.78	170.97	99.988567
8.114355	0.4	12.	107.5	184.585699	104.99
4.653276	0.4	12.	127.38	177.084211	104.99
4.667489	0.4	12.	157.69	174.57	101.834309
6.17892	0.4	12.	171.38	181.344405	104.99
4.441829	0.4	12.	154.76	107.22	100.717237
4.585108	0.4	12.	139.372094	115.39	104.99
5.503503	0.4	12.	142.04	104.96583	104.99
4.418495	0.4	12.	110.211675	69.95	104.99
5.532554	0.4	12.	113.04	61.12	100.499216
5.332419	0.4	12.	102.192302	124.87	104.99
5.031776	0.4	12.	120.605425	123.89	104.99
5.449834	0.4	12.	90.87	109.542298	104.99
4.998297	0.4	12.	92.166674	99.05	104.99
4.627236	0.4	12.	101.957374	99.05	104.99
4.695169	0.4	12.	102.342009	88.91	104.99
4.373043	0.4	12.	105.116075	77.79	104.99
4.405798	0.4	12.	96.41	81.72	105.209644
4.631058	0.4	12.	129.829845	130.43	104.99
4.61495	0.4	12.	149.87	112.45	107.296553
6.600945	0.4	12.	93.81	131.09	98.792681
5.281178	0.4	12.	91.2	123.24	108.450767
4.414673	0.4	12.	121.84	66.68	105.280987
4.63587	0.4	12.	120.617233	103.62	104.99
5.453132	0.4	12.	118.9	92.51	108.380867
4.469311	0.4	12.	122.134363	147.76	104.99
4.981338	0.4	12.	75.55	116.05	108.867717
6.031705	0.4	12.	78.670794	144.82	104.99
4.382331	0.4	12.	112.06	119.64	104.590486
4.85324	0.4	12.	175.29	118.99	100.2846
4.674696	0.4	12.	125.195296	158.55	104.99
4.947121	0.4	12.	111.41	148.74	109.650576
4.443322	0.4	12.	153.52018	67.99	105.9
5.156072	0.4	12.	86.31	84.734879	105.9
4.971053	0.4	12.	69.610384	126.18	105.9
4.374156	0.4	12.	118.25	167.7	103.393493
4.998165	0.4	12.	176.0404	151.03	105.9
4.624604	0.4	12.	152.47	160.024107	106.88
5.524383	0.4	12.	179.85	139.553431	106.88
6.377389	0.4	12.	193.975022	139.59	106.88
4.448288	0.4	12.	181.81	116.935639	106.88
4.597664	0.4	12.	184.42	127.675277	106.88
4.934993	0.4	12.	133.57	151.769832	106.88
4.443226	0.4	12.	127.05	79.76	107.062231
5.876214	0.4	12.	154.1	139.776356	106.88
4.535902	0.4	12.	169.75	125.586389	106.88
5.056283	0.4	12.	162.9	133.138628	106.88
4.593668	0.4	12.	162.34167	146.45	106.88
4.784605	0.4	12.	147.153686	148.41	106.88
4.932077	0.4	12.	139.11	133.37	106.182718
4.502334	0.4	12.	115.32	155.28	103.606121
4.584806	0.4	12.	103.26	155.28	106.589859
4.72098	0.4	12.	141.07	63.633647	106.88
4.832971	0.4	12.	133.643209	141.55	106.88
5.934447	0.4	12.	110.1	162.47	110.380452
4.711507	0.4	12.	157.04	100.35	107.085447
7.09408	0.4	12.	143.35	48.894829	106.88
5.35941	0.4	12.	131.543913	58.5	106.88
4.475434	0.4	12.	174.96	171.95	109.154846
4.390838	0.4	12.	188.98	110.16	107.262405
4.459785	0.4	12.	191.697475	97.08	111.66
5.652321	0.4	12.	103.91	61.818145	111.66
6.005615	0.4	12.	91.436551	60.14	112.56
4.911558	0.4	12.	86.112304	74.52	112.56
5.189147	0.4	12.	132.27	96.43	107.523911
4.481342	0.4	12.	108.47	96.243878	112.56
4.56827	0.4	12.	152.47	92.18	110.850671
4.376336	0.4	12.	153.13	74.85	112.797471
4.969958	0.4	12.	173.33	100.704773	112.56
4.47364	0.4	12.	171.813713	112.12	112.56
4.536237	0.4	12.	85.66	138.28	110.503091
5.087493	0.4	12.	92.18	152.01	117.629683
4.43408	0.4	12.	92.18	157.24	109.134258
5.511443	0.4	12.	135.637297	178.17	112.56
5.636453	0.4	12.	144.859522	166.72	112.56
5.237396	0.4	12.	166.49	175.22	116.032082
5.66876	0.4	12.	149.21	179.8	107.061104
5.253753	0.4	12.	174.64	161.185942	112.56
4.900134	0.4	12.	165.19	156.657335	112.56
4.464268	0.4	12.	160.95	90.22	108.237577
4.52952	0.4	12.	130.31	87.781479	112.56
4.508344	0.4	12.	106.19	139.331032	112.56
5.684673	0.4	12.	122.683919	139.26	112.56
4.506049	0.4	12.	114.99	131.263775	112.56
4.485357	0.4	12.	130.64	146.13	116.561815
5.967097	0.4	12.	129.66	108.045471	112.56
4.663904	0.4	12.	77.18	107.22	115.864824
5.377046	0.4	12.	119.23	77.391761	112.56
4.590896	0.4	12.	133.57	69.62	116.038942
4.960745	0.4	12.	159.97	81.06	117.099223
4.842094	0.4	12.	178.55	84.058051	112.56
5.82603	0.4	12.	169.1	66.359588	112.56
4.712008	0.4	12.	134.56274	162.47	112.56
4.418874	0.4	12.	126.73	167.968726	112.56
4.808311	0.4	12.	95.44	139.26	109.612387
4.485991	0.4	12.	109.13	106.671357	113.47
4.547617	0.4	12.	110.43	83.68	111.868175
4.784599	0.4	12.	106.19	116.05	117.522015
4.475737	0.4	12.	121.51	115.39	110.90234
4.649275	0.4	12.	139.76	124.722187	115.22
4.788958	0.4	12.	154.76	126.18	112.040871
5.282878	0.4	12.	179.2	69.29	116.324897
4.92123	0.4	12.	144.33	99.124047	115.22
5.269353	0.4	12.	141.07	88.144703	115.22
4.726504	0.4	12.	148.56	61.782487	115.22
4.613534	0.4	12.	181.81	106.89	113.792167
4.492513	0.4	12.	190.28	119.32	119.129851
4.421986	0.4	12.	191.609836	133.05	115.22
4.562639	0.4	12.	183.11	92.556154	115.22
4.817254	0.4	12.	142.04	154.662954	115.22
4.383926	0.4	12.	167.14	146.78	117.095271
4.764472	0.4	12.	174.31	131.105283	115.22
4.484778	0.4	12.	104.24	128.524913	115.22
5.308599	0.4	12.	152.47	119.32	119.317795
4.531609	0.4	12.	163.88	96.43	117.145696
4.960279	0.4	12.	163.173634	121.93	115.22
5.915928	0.4	12.	159.64	111.47	113.206835
4.487107	0.4	12.	149.87	143.84	117.211066
5.058495	0.4	12.	146.93	133.882616	115.22
5.224897	0.4	12.	100.98	147.43	114.748055
5.002446	0.4	12.	131.61	120.62	110.479571
5.190256	0.4	12.	143.02	175.55	119.884157
4.939277	0.4	12.	202.825331	123.24	115.22
4.668011	0.4	12.	170.4	139.26	112.328633
5.100023	0.4	12.	121.260585	55.56	115.22
4.989856	0.4	12.	115.64	182.545643	115.22
8.170286	0.4	12.	100.	172.890492	115.22
4.465919	0.4	12.	87.196084	130.43	115.22
4.752739	0.4	12.	160.62	166.656652	115.22
4.674159	0.4	12.	110.75	147.76	120.433096
4.908772	0.4	12.	92.711926	108.53	120.14
5.607902	0.4	12.	123.14	125.781566	120.14
4.749478	0.4	12.	155.41	173.26	121.271332
4.697083	0.4	12.	179.516365	166.4	120.14
4.508932	0.4	12.	168.12	163.282204	120.14
4.815183	0.4	12.	197.45	142.53	119.911122
4.610483	0.4	12.	172.490223	78.12	120.14
4.429255	0.4	12.	165.19	72.259147	120.14
4.421463	0.4	12.	132.59	78.81079	120.14
4.924693	0.4	12.	125.75	71.26	123.511974
4.777695	0.4	12.	74.045056	120.3	120.14
4.630254	0.4	12.	77.84	129.607755	120.14
5.158125	0.4	12.	98.04	89.974788	120.14
5.679845	0.4	12.	141.72	115.749798	120.14
5.251022	0.4	12.	150.52	109.18	124.936073
4.407243	0.4	12.	173.33	94.14	119.3272
4.44058	0.4	12.	141.241471	74.85	120.14
5.651171	0.4	12.	119.56	92.135826	120.14
4.769906	0.4	12.	120.86	108.087689	120.14
4.74922	0.4	12.	112.195344	100.35	120.14
4.438114	0.4	12.	123.14	65.37	116.487555
4.866158	0.4	12.	118.9	62.43	124.99758
4.381045	0.4	12.	116.483087	70.6	120.14
4.63297	0.4	12.	108.15	74.52	123.266808
4.383671	0.4	12.	100.98	68.118013	120.14
5.709172	0.4	12.	98.37	78.78	119.692895
4.904236	0.4	12.	110.398402	58.18	120.14
4.40999	0.4	12.	92.027111	99.05	120.14
5.83743	0.4	12.	89.9	121.28	123.872285
5.163512	0.4	12.	97.07	133.217757	120.14
4.906161	0.4	12.	100.65	120.3	124.295439
4.986779	0.4	12.	110.43	122.59	124.61625
4.619785	0.4	12.	130.64	133.37	115.526471
5.691645	0.4	12.	126.07	155.61	116.746258
5.063956	0.4	12.	112.599288	169.99	120.14
4.412481	0.4	12.	96.74	161.026516	120.14
4.561928	0.4	12.	82.123404	113.76	120.14
9.183963	0.4	12.	132.27	50.546657	123.78
4.598764	0.4	12.	119.698225	81.72	123.78
4.536613	0.4	12.	157.04	101.214094	123.78
4.71625	0.4	12.	181.81	146.116415	123.78
4.640776	0.4	12.	151.82	155.61	121.412763
4.97971	0.4	12.	135.801269	153.65	123.78
4.727466	0.4	12.	140.915726	144.82	123.78
4.886661	0.4	12.	138.78	133.790714	123.78
4.427249	0.4	12.	157.04	145.497197	123.78
4.6885	0.4	12.	181.16	117.061475	123.78
4.439621	0.4	12.	166.744117	130.43	123.78
5.045	0.4	12.	155.825569	135.01	123.78
5.274982	0.4	12.	131.921475	111.8	123.78
4.602041	0.4	12.	139.857248	103.95	123.78
5.558058	0.4	12.	87.29	86.29	127.249782
4.629462	0.4	12.	172.68	124.55	127.84298
4.44661	0.4	12.	116.055296	155.28	123.78
4.868686	0.4	12.	107.5	161.16	120.834844
4.997535	0.4	12.	101.3	153.406132	123.78
5.654204	0.4	12.	189.96	109.18	126.236647
4.42052	0.4	12.	104.147324	84.33	126.5
5.439876	0.4	12.	135.816588	172.93	127.87
4.784302	0.4	12.	155.73	178.82	129.568831
5.61438	0.4	12.	165.84	173.26	131.762857
5.236345	0.4	12.	173.99	158.633195	127.87
5.16638	0.4	12.	172.68	148.09	127.60855
4.419747	0.4	12.	151.5	94.14	125.957704
5.6362	0.4	12.	156.71	83.464558	127.87
6.358624	0.4	12.	151.5	72.048383	127.87
5.995509	0.4	12.	172.68	101.844294	127.87
4.931809	0.4	12.	168.135712	85.97	127.87
4.375697	0.4	12.	130.64	100.68	132.234005
5.115833	0.4	12.	130.31	94.47	124.183577
4.657448	0.4	12.	127.7	86.95	130.076371
4.484402	0.4	12.	107.5	97.011239	127.87
4.94946	0.4	12.	84.03	141.669057	127.87
5.057195	0.4	12.	90.22	153.787674	127.87
4.475864	0.4	12.	103.91	137.589087	127.87
5.233395	0.4	12.	103.26	53.691124	127.87
5.611813	0.4	12.	120.53	75.18	131.854057
5.280259	0.4	12.	165.19	62.066152	127.87
4.858562	0.4	12.	126.73	150.03422	127.87
4.693275	0.4	12.	128.03	164.43	125.770991
4.798052	0.4	12.	160.3	155.93	125.556501
4.433285	0.4	12.	101.671478	105.91	129.76
6.227194	0.4	12.	114.34	134.03	126.622441
5.225384	0.4	12.	124.44	138.61	129.908068
5.098342	0.4	12.	171.38	112.45	134.79821
6.460137	0.4	12.	183.982779	96.76	130.74
4.523474	0.4	12.	181.81	85.105733	130.74
7.168205	0.4	12.	183.324718	131.09	130.74
4.43411	0.4	12.	196.123953	120.3	130.74
5.092316	0.4	12.	171.38	135.106943	130.74
5.383051	0.4	12.	145.96	175.887937	130.74
6.048545	0.4	12.	80.691586	130.76	130.74
5.002552	0.4	12.	138.46	158.55	134.071419
4.446901	0.4	12.	153.45	187.877201	130.74
4.974232	0.4	12.	159.240724	127.82	130.74
4.938811	0.4	12.	146.28	136.534131	130.74
4.51705	0.4	12.	105.529336	115.07	130.74
4.508338	0.4	12.	123.224883	116.7	130.74
4.643879	0.4	12.	144.932681	115.07	130.74
4.665053	0.4	12.	161.93	105.91	130.767299
5.542113	0.4	12.	140.09	95.12	128.876377
4.415002	0.4	12.	147.59	62.23835	130.74
5.678698	0.4	12.	176.27	68.64	129.111703
4.840783	0.4	12.	164.21	115.39	128.156378
4.571881	0.4	12.	156.39	118.99	134.396435
4.383276	0.4	12.	136.18	118.38789	130.74
4.517059	0.4	12.	142.04	125.625755	130.74
4.619602	0.4	12.	113.69	108.79578	130.74
4.501217	0.4	12.	99.101315	144.82	130.74
4.574407	0.4	12.	94.13	137.3	135.308414
5.463156	0.4	12.	148.56	146.45	134.528398
4.870177	0.4	12.	144.98	163.13	127.997954
4.555852	0.4	12.	134.769753	182.74	130.74
4.472844	0.4	12.	111.08	88.086296	130.74
4.611592	0.4	12.	146.28	86.852277	130.74
5.223801	0.4	12.	105.21	65.7	129.167122
4.440469	0.4	12.	163.23	93.16	131.724199
5.047202	0.4	12.	89.403647	106.24	135.82
8.200227	0.4	12.	69.677781	123.24	135.82
4.452699	0.4	12.	92.83	125.2	136.294463
4.904624	0.4	12.	106.19	121.93	139.750112
4.790169	0.4	12.	108.8	131.119497	135.82
4.824235	0.4	12.	128.687216	122.91	135.82
5.751712	0.4	12.	134.728892	132.07	135.82
4.728971	0.4	12.	120.86	129.78	138.904525
4.472739	0.4	12.	106.570106	144.82	135.82
5.395528	0.4	12.	116.3	148.09	137.517264
5.19516	0.4	12.	124.393501	157.24	135.82
8.157287	0.4	12.	114.67	174.113488	135.82
6.925814	0.4	12.	151.82	161.16	137.631273
6.198922	0.4	12.	166.353563	161.82	135.82
4.681895	0.4	12.	194.52	132.811175	135.82
4.48856	0.4	12.	188.98	142.2	139.184511
4.680082	0.4	12.	197.78	145.035203	135.82
4.408992	0.4	12.	174.483141	88.91	135.82
4.399791	0.4	12.	171.7	77.928699	135.82
4.397118	0.4	12.	132.27	74.52	131.945607
4.590889	0.4	12.	127.05	68.139871	135.82
4.544013	0.4	12.	139.76	80.08	131.480083
4.638705	0.4	12.	136.5	88.432874	135.82
5.260717	0.4	12.	148.56	97.485298	135.82
4.800532	0.4	12.	154.1	109.18	138.788454
5.068589	0.4	12.	122.16	98.201158	135.82
4.415829	0.4	12.	120.21	107.22	138.027191
5.243328	0.4	12.	98.37	98.39	137.493748
4.958518	0.4	12.	86.64	117.68	138.791176
4.816414	0.4	12.	117.27	61.885293	135.82
4.652041	0.4	12.	111.08	71.91	135.092211
5.241778	0.4	12.	100.781627	74.52	135.82
4.54452	0.4	12.	92.5	88.645312	135.82
5.008406	0.4	12.	79.14	110.179283	135.82
4.719753	0.4	12.	135.85	106.637852	139.46
5.105162	0.4	12.	173.33	126.91184	139.46
4.443734	0.4	12.	166.16	135.047703	139.46
4.39923	0.4	12.	156.06	141.22	139.784152
5.311055	0.4	12.	136.83	142.86	141.892788
4.571945	0.4	12.	135.2	152.99	143.550811
4.9235	0.4	12.	111.215101	157.24	139.46
5.896411	0.4	12.	99.544143	155.28	139.46
7.680507	0.4	12.	181.81	153.986689	139.46
5.595679	0.4	12.	164.21	121.400436	141.8
5.938489	0.4	12.	192.881708	108.2	141.8
4.766193	0.4	12.	142.04	100.35	144.776008
4.513729	0.4	12.	118.25	84.01	140.619276
4.762815	0.4	12.	124.44	75.079461	141.8
5.415785	0.4	12.	102.93	85.823838	141.8
4.430789	0.4	12.	144.645401	108.85	141.8
4.933193	0.4	12.	131.29	101.66	147.877474
4.663893	0.4	12.	127.38	93.013784	143.62
4.427052	0.4	12.	158.67	77.057449	143.62
5.35273	0.4	12.	166.16	66.68	143.800981
4.638967	0.4	12.	171.7	98.439807	143.62
5.50678	0.4	12.	156.06	97.74	145.052238
4.580254	0.4	12.	151.82	85.806715	143.62
4.756928	0.4	12.	170.73	146.45	139.770415
4.37286	0.4	12.	166.81	172.28	144.366074
7.10116	0.4	12.	133.632803	173.59	143.62
4.528507	0.4	12.	125.1	150.989611	143.62
4.606728	0.4	12.	127.7	84.33	140.229317
4.723719	0.4	12.	136.769016	80.74	143.62
4.717591	0.4	12.	109.45	97.74	144.919041
4.501312	0.4	12.	103.26	132.320938	143.62
4.690058	0.4	12.	158.34	152.34	147.461076
5.093148	0.4	12.	137.81	70.149543	146.27
5.786344	0.4	12.	164.53	106.24	145.11635
5.560769	0.4	12.	144.98	131.09	148.402171
6.532395	0.4	12.	155.41	126.18	152.392643
4.557948	0.4	12.	160.3	135.969438	146.27
4.561341	0.4	12.	173.693912	116.7	146.27
6.590965	0.4	12.	175.29	142.2	151.929813
5.151656	0.4	12.	142.765626	161.16	146.27
5.728433	0.4	12.	145.96	172.28	151.412721
6.463141	0.4	12.	153.45	184.384041	146.27
4.855699	0.4	12.	139.76	123.24	143.851763
4.797287	0.4	12.	148.56	116.944655	146.27
5.493885	0.4	12.	147.91	142.016995	146.27
4.988906	0.4	12.	133.24	119.32	150.458042
5.587913	0.4	12.	121.26947	118.99	146.27
5.232095	0.4	12.	109.45	106.89	149.370703
5.106251	0.4	12.	101.3	112.12	142.665804
4.751372	0.4	12.	96.41	117.68	150.490683
4.484762	0.4	12.	96.09	138.28	145.269611
4.720282	0.4	12.	87.61	129.78	148.54444
5.592641	0.4	12.	97.07	146.13	151.573763
5.61231	0.4	12.	117.27	139.26	147.468835
6.512385	0.4	12.	108.087654	121.6	157.48
7.695155	0.4	12.	123.79	126.51	159.241976
5.027515	0.4	12.	133.9	132.39	152.609586
4.512198	0.4	12.	135.2	152.01	158.567054
4.468395	0.4	12.	143.67	153.97	156.109403
5.225767	0.4	12.	155.726494	160.84	157.48
6.328704	0.4	12.	167.480173	162.47	157.48
8.300366	0.4	12.	173.99	128.14	157.849212
5.340005	0.4	12.	155.41	110.16	159.35538
5.2616	0.4	12.	144.33	106.805802	157.48
4.649081	0.4	12.	137.81	95.580177	157.48
10.478153	0.4	12.	125.1	62.692127	157.48
4.485698	0.4	12.	133.9	86.95	153.010391
6.263895	0.4	12.	172.881339	74.52	157.48
5.483862	0.4	12.	159.32	72.849938	157.48
5.206586	0.4	12.	186.750402	136.64	159.61
4.482971	0.4	12.	165.19	146.922076	159.61
5.669332	0.4	12.	156.71	151.68	163.599728
4.901354	0.4	12.	165.19	173.5408	159.61
5.039964	0.4	12.	128.36	81.340078	159.61
8.117575	0.4	12.	153.45	127.49	168.731707
5.877135	0.4	12.	167.893186	133.05	169.91
5.106625	0.4	12.	174.96	106.992792	169.91
5.359592	0.4	12.	155.41	93.16	174.05774
4.63537	0.4	12.	159.694495	103.3	169.91
8.336375	0.4	12.	179.901147	94.14	169.91
4.80244	0.4	12.	152.8	84.01	168.164339
4.491508	0.4	12.	91.116546	152.01	158.7
4.431269	0.4	12.	107.17	151.36	160.824629
6.169689	0.4	12.	112.71	163.45	159.481062
4.580951	0.4	12.	116.95	150.05	163.564008
4.936054	0.4	12.	124.77	145.47	159.43812
5.834679	0.4	12.	104.56	139.59	162.393983
4.94347	0.4	12.	98.61621	129.45	159.83
5.760893	0.4	12.	123.47	175.432582	159.
5.932361	0.4	12.	88.27	135.206057	159.
9.013677	0.4	12.	128.03	99.7	167.686297
4.663781	0.4	12.	121.18	93.81	154.99463
5.056818	0.4	12.	117.27	80.74	160.337044
6.624753	0.4	12.	109.13	88.26	153.155744
5.273373	0.4	12.	128.03	112.187473	158.24
5.660429	0.4	12.	117.673476	108.53	158.24
5.512336	0.4	12.	110.884827	99.37	158.24
5.099855	0.4	12.	136.5	141.88	156.396087
4.355966	1.	11.	128.09	62.724892	0.
4.908578	1.	11.	114.73	84.68	-0.342414
4.586825	1.	11.	116.36	110.92516	0.
5.525315	1.	11.	130.941167	137.95	18.03
4.376246	1.	11.	119.899332	137.3	18.03
4.950326	1.	11.	152.47	55.56	21.003329
6.174282	1.	11.	153.13	44.699596	34.85
5.558261	1.	11.	163.23	53.93	37.246934
6.135117	1.	11.	171.415742	64.06	35.22
4.963099	1.	11.	165.410753	84.01	31.89
4.556261	1.	11.	152.321506	83.03	47.5
4.649705	1.	11.	147.937743	92.51	53.48
5.05791	1.	11.	178.608656	131.74	63.25
4.634613	1.	11.	167.339252	131.74	63.25
5.284472	1.	11.	171.7	143.317561	51.13
5.140416	1.	11.	139.76	174.366507	52.34
5.09536	1.	11.	101.95	159.86	41.487312
4.329095	1.	11.	109.45	160.84	48.674142
4.665911	1.	11.	161.6	176.572541	65.45
6.727863	1.	11.	122.81	188.446426	82.64
5.60891	1.	11.	157.36	192.87076	83.48
4.361395	1.	11.	154.15912	180.45	75.9
4.306334	1.	11.	141.664077	177.84	76.81
5.639352	1.	11.	178.55	170.97	73.387083
4.728521	1.	11.	95.213485	158.22	79.46
4.432382	1.	11.	85.272498	153.97	82.11
4.980233	1.	11.	129.268263	170.97	74.99
4.487667	1.	11.	117.93	169.67	76.389306
4.829804	1.	11.	142.63715	161.16	75.14
5.315131	1.	11.	178.11733	166.4	57.95
4.539689	1.	11.	145.96	151.03	29.816333
4.31476	1.	11.	140.41	143.51	29.692449
4.519294	1.	11.	151.82	144.49	24.614474
4.434831	1.	11.	144.98	135.964871	25.98
6.398229	1.	11.	186.235397	162.47	81.51
7.167483	1.	11.	205.322811	135.01	83.17
5.100091	1.	11.	199.08	121.351536	83.17
5.798365	1.	11.	202.469074	148.41	102.57
4.770544	1.	11.	191.051919	153.65	102.57
4.434739	1.	11.	186.04	167.05	103.781257
5.070108	1.	11.	183.985354	176.53	103.4
5.422514	1.	11.	159.64	186.905401	114.23
4.390173	1.	11.	147.576334	186.67	114.23
4.527979	1.	11.	188.901966	147.76	116.96
4.405287	1.	11.	160.62	59.81	116.628316
5.891542	1.	11.	131.94	51.142775	142.33
4.295211	1.	11.	124.787902	59.81	142.33
6.501456	1.	11.	150.84	64.429918	142.33
4.74399	1.	11.	146.93	75.772773	142.33
5.139775	1.	11.	177.24	82.04	144.686465
5.092264	1.	11.	180.83	106.89	146.249245
4.822348	1.	11.	181.16	115.39	138.914918
4.367591	1.	11.	180.83	126.84	145.854133
6.564312	1.	11.	129.01	159.058152	151.05
4.553754	1.	11.	190.93	95.12	99.639872
4.824781	1.	11.	180.5	88.363683	93.63
4.617062	1.	11.	180.510285	72.24	81.96
4.798444	1.	11.	162.25	69.62	83.399847
5.641942	1.	11.	160.95	59.81	74.804976
4.303892	1.	11.	121.336923	154.3	44.16
4.855445	1.	11.	147.26	173.851524	59.77
5.458723	1.	11.	188.005995	152.01	75.9
8.313194	1.	11.	123.79	191.63975	99.69
5.25657	1.	11.	204.397828	133.05	100.67
7.140436	1.	11.	208.752793	135.34	120.29
5.251136	1.	11.	196.15	132.72	124.364102
4.470401	1.	11.	154.43	52.505165	117.56
5.786647	1.	11.	166.81	183.72	125.986401
5.820267	1.	11.	176.530793	178.49	131.73
4.602427	1.	11.	174.96	167.7	143.720684
4.514652	1.	11.	144.65	91.53	148.729324
4.534941	1.	11.	151.641816	81.72	152.48
4.327622	1.	11.	143.02	84.66	155.985722
6.773671	1.	11.	164.86	94.47	158.129815
6.84636	1.	11.	166.81	115.07	164.434413
5.712146	1.	11.	97.07	161.82	151.300743
5.281205	1.	11.	83.132711	98.06	114.53
4.685714	1.	11.	162.58	61.12	101.430582
4.773175	1.	11.	143.904954	67.66	87.79