7.444185	0.4	12.	178.36	138.35	-6.856487
6.103366	0.4	12.	156.486652	136.06	0.45
4.38888	0.4	12.	165.97	145.614826	0.45
4.472258	0.4	12.	175.75	104.02	-2.062813
4.525038	0.4	12.	164.67	95.025382	0.45
8.962187	0.4	12.	185.53	93.56	-7.656517
6.706056	0.4	12.	215.985344	110.24	0.45
8.111715	0.4	12.	224.96	123.285597	0.45
5.025359	0.4	12.	210.449832	130.18	0.45
7.148856	0.4	12.	194.33	173.66	-6.460287
7.026732	0.4	12.	175.42	169.41	-3.871644
5.056352	0.4	12.	164.34	187.72	-4.212814
5.278462	0.4	12.	165.32	194.59	3.872016
5.802345	0.4	12.	175.1	198.18	-4.059417
5.648248	0.4	12.	179.991707	186.09	0.45
6.819433	0.4	12.	178.03	86.04	6.502054
5.11102	0.4	12.	213.56	145.55	1.433908
6.239754	0.4	12.	202.47	151.913674	0.45
4.935748	0.4	12.	205.859968	118.41	1.29
5.580721	0.4	12.	209.32	172.68	2.646658
4.484067	0.4	12.	197.596867	187.72	1.29
4.468702	0.4	12.	185.2	161.228128	1.29
6.961424	0.4	12.	164.954608	106.97	1.29
5.129755	0.4	12.	159.490127	118.41	1.29
9.995999	0.4	12.	147.39	109.26	-3.751562
4.859476	0.4	12.	180.05613	126.91	3.03
5.601386	0.4	12.	186.5	142.308989	3.03
5.976315	0.4	12.	169.56	135.08	4.048887
5.482467	0.4	12.	157.17	147.83	8.954408
5.31838	0.4	12.	158.47	158.95	1.779754
5.178268	0.4	12.	170.853112	159.6	3.86
4.434916	0.4	12.	175.42	147.83	1.821994
4.923236	0.4	12.	227.355661	147.51	3.86
5.230889	0.4	12.	201.5	104.78797	5.08
5.431567	0.4	12.	193.530354	165.82	5.08
5.44216	0.4	12.	183.9	173.309716	5.08
6.147232	0.4	12.	171.51	179.22	11.65887
4.778816	0.4	12.	165.32	164.84	10.698529
5.72469	0.4	12.	181.94	151.43	9.477237
4.708158	0.4	12.	193.209771	149.47	7.2
4.402235	0.4	12.	204.017522	138.35	8.11
4.489926	0.4	12.	196.61	128.423732	8.11
4.455468	0.4	12.	189.387676	113.83	8.11
4.548099	0.4	12.	179.99	112.966254	8.94
4.679018	0.4	12.	193.35	100.47187	8.94
5.092	0.4	12.	148.010634	121.68	8.94
4.626329	0.4	12.	148.04	140.041253	9.77
8.476498	0.4	12.	142.5	91.6	1.688693
4.871993	0.4	12.	149.099742	83.1	10.68
5.906346	0.4	12.	174.77	73.656177	10.68
5.538406	0.4	12.	191.72	74.374704	10.68
4.905549	0.4	12.	200.585451	86.37	10.68
6.687429	0.4	12.	214.90376	91.93	11.51
5.042448	0.4	12.	222.68	106.80329	11.51
4.958254	0.4	12.	229.745809	114.49	11.51
5.881962	0.4	12.	230.18	136.06	7.313869
5.755503	0.4	12.	231.216232	153.07	12.35
4.812853	0.4	12.	220.61402	159.6	12.35
6.802246	0.4	12.	202.753126	182.16	14.09
4.826491	0.4	12.	188.46	180.2	14.58549
5.171733	0.4	12.	183.24	192.63	11.019631
4.820521	0.4	12.	182.27	202.76	13.258766
4.762698	0.4	12.	155.54	181.51	12.476166
4.660727	0.4	12.	154.24	167.12	11.205597
6.193887	0.4	12.	139.24	133.271858	15.76
5.102527	0.4	12.	136.692533	119.39	15.76
4.989751	0.4	12.	137.29	108.93	15.177007
4.370499	0.4	12.	151.96	106.97	20.281557
4.385917	0.4	12.	159.45	91.27	21.097417
5.208247	0.4	12.	171.51	87.880172	16.74
4.670847	0.4	12.	173.082059	107.29	17.57
4.385502	0.4	12.	159.45	108.93	13.327357
4.909779	0.4	12.	159.45	129.85	14.098584
4.481144	0.4	12.	160.1	139.33	13.580173
4.612029	0.4	12.	169.56	142.28	13.533906
4.436766	0.4	12.	166.95	151.819289	17.57
5.206915	0.4	12.	176.4	139.01	20.009159
5.33951	0.4	12.	180.96	128.020378	17.57
4.816681	0.4	12.	189.76	95.950902	17.57
4.54944	0.4	12.	175.42	96.83	21.29287
5.724988	0.4	12.	165.97	98.580869	17.57
4.46822	0.4	12.	181.94	87.292074	17.57
6.414923	0.4	12.	162.71	119.052373	17.57
4.918974	0.4	12.	203.724526	99.12	17.57
5.413067	0.4	12.	214.53	108.27	17.94303
4.714775	0.4	12.	205.41	113.252543	18.48
5.148892	0.4	12.	205.68162	123.31	18.48
4.666716	0.4	12.	218.483026	121.35	18.48
4.686483	0.4	12.	224.96	128.87	16.711266
5.126545	0.4	12.	213.645012	131.49	18.48
5.470949	0.4	12.	220.73	139.66	14.965248
4.71959	0.4	12.	214.21	147.135492	19.39
4.510477	0.4	12.	200.449542	157.64	19.39
5.713599	0.4	12.	209.97	163.85	13.758202
4.386879	0.4	12.	200.19	167.374026	19.39
4.410589	0.4	12.	183.24	167.059186	20.23
4.515164	0.4	12.	175.42	173.34	23.20316
4.508548	0.4	12.	175.75	161.24	18.805312
4.589502	0.4	12.	191.552843	171.7	20.23
4.484472	0.4	12.	190.74	160.26	16.002919
4.807226	0.4	12.	207.69	153.39	23.563528
4.521802	0.4	12.	153.91	139.417407	21.13
4.71746	0.4	12.	186.900286	142.6	21.13
4.440739	0.4	12.	187.48	133.45	24.028097
5.69773	0.4	12.	169.56	130.51	23.049152
4.43263	0.4	12.	184.516901	103.37	21.13
4.564962	0.4	12.	150.	149.14	22.823661
4.842713	0.4	12.	155.21	156.01	18.629395
4.586267	0.4	12.	171.18	186.09	26.503656
4.616197	0.4	12.	175.42	193.582853	21.97
5.352404	0.4	12.	164.01	194.41671	21.97
5.606161	0.4	12.	163.04	205.05	19.181741
4.853829	0.4	12.	153.615712	194.26	21.97
4.466813	0.4	12.	164.67	182.49	19.84898
5.154188	0.4	12.	144.13	199.398283	21.97
4.421604	0.4	12.	166.3	172.68	21.842475
4.434639	0.4	12.	165.97	160.211383	21.97
5.068046	0.4	12.	138.119376	174.97	21.97
5.251796	0.4	12.	150.626062	181.51	21.97
4.430293	0.4	12.	145.728541	166.8	21.97
4.385694	0.4	12.	145.943941	157.32	21.97
4.463027	0.4	12.	146.171528	113.51	21.97
4.469202	0.4	12.	179.66	184.78	23.01394
4.678214	0.4	12.	194.33	186.61154	21.97
5.308781	0.4	12.	180.957574	152.41	22.8
5.539088	0.4	12.	193.02	148.49	27.862074
4.407342	0.4	12.	208.01	172.68	18.429578
5.641461	0.4	12.	179.33	214.812535	23.63
4.570851	0.4	12.	169.56	201.78	27.441169
5.068399	0.4	12.	200.84	141.3	19.506599
4.557686	0.4	12.	199.677379	130.51	23.63
5.128325	0.4	12.	194.990611	121.03	24.47
4.631446	0.4	12.	189.76	111.87	26.3976
4.749193	0.4	12.	197.91	105.903615	24.47
5.598728	0.4	12.	149.67	121.03	28.89062
4.924616	0.4	12.	183.57	120.37	25.381376
4.841503	0.4	12.	150.33	130.18	20.004808
4.987118	0.4	12.	143.573605	100.43	25.3
4.663746	0.4	12.	145.848315	90.29	25.3
5.440332	0.4	12.	149.02	76.369006	26.44
4.735101	0.4	12.	166.962956	76.56	26.44
5.57285	0.4	12.	186.5	75.91	31.572699
5.366774	0.4	12.	206.09429	79.83	26.44
5.19795	0.4	12.	196.61	95.85	27.096004
4.384987	0.4	12.	201.82	88.66	22.284824
4.741292	0.4	12.	216.16	81.47	24.436465
4.423031	0.4	12.	225.62	89.97	28.87804
4.661752	0.4	12.	229.53	99.136927	26.44
4.889312	0.4	12.	233.76	110.89	22.526237
4.802917	0.4	12.	233.11	127.89	21.664354
4.70697	0.4	12.	232.46	120.7	29.111998
4.803222	0.4	12.	223.62981	143.91	26.44
4.636774	0.4	12.	212.361039	169.74	26.44
4.740811	0.4	12.	228.22	162.209644	26.44
4.426924	0.4	12.	221.38	167.78	22.403896
4.876506	0.4	12.	199.54	188.05	29.981589
5.180974	0.4	12.	207.36	191.65	22.451548
5.331987	0.4	12.	210.3	198.18	31.731875
4.466641	0.4	12.	202.15	200.47	23.380689
4.428613	0.4	12.	194.98	204.72	30.329968
5.049995	0.4	12.	191.39	195.439338	27.27
6.019068	0.4	12.	189.44	205.05	21.357252
4.455617	0.4	12.	215.19	190.01	27.829571
4.914141	0.4	12.	214.108864	179.22	27.27
4.628815	0.4	12.	221.38	173.01	31.36097
4.797836	0.4	12.	223.33	181.84	23.202837
4.381477	0.4	12.	229.53	171.37	26.749914
4.859068	0.4	12.	238.311938	174.64	27.27
5.251815	0.4	12.	231.81	183.47	31.295606
5.313648	0.4	12.	219.42	201.863381	27.27
5.21501	0.4	12.	225.728002	190.99	27.27
5.28502	0.4	12.	238.575176	163.53	27.27
4.419069	0.4	12.	232.79	154.05	29.546796
7.32828	0.4	12.	247.942247	154.05	27.27
4.636617	0.4	12.	233.11	146.53	22.863603
4.620254	0.4	12.	239.96	144.89	30.139036
4.429678	0.4	12.	237.67	138.68	23.229432
4.827142	0.4	12.	250.09879	137.7	27.27
4.460435	0.4	12.	246.8	129.85	23.558048
4.642416	0.4	12.	239.63	129.2	30.513898
5.043044	0.4	12.	242.324541	118.74	27.27
4.711143	0.4	12.	243.034526	106.31	27.27
4.595872	0.4	12.	238.98	94.22	29.209778
8.728129	0.4	12.	233.11	78.668782	28.1
4.581538	0.4	12.	209.64	89.64	32.250824
4.40518	0.4	12.	215.51	93.24	23.903195
4.806851	0.4	12.	208.474373	101.08	28.1
4.691608	0.4	12.	219.523165	100.43	28.1
5.072086	0.4	12.	226.27	108.6	32.7142
4.494895	0.4	12.	220.73	115.395126	28.1
4.77795	0.4	12.	212.25	118.08	25.447333
4.44032	0.4	12.	228.55	136.06	24.125287
4.877115	0.4	12.	221.38	154.05	23.294418
4.479257	0.4	12.	215.51	160.496092	28.1
4.480188	0.4	12.	197.26	176.93	27.026336
4.486252	0.4	12.	195.96	161.675317	28.1
5.277883	0.4	12.	165.97	214.13614	28.1
8.833561	0.4	12.	197.91	218.223749	28.1
4.379262	0.4	12.	206.71	206.56828	28.1
4.892821	0.4	12.	156.19	173.66	27.704098
5.102419	0.4	12.	141.2	185.11	27.162535
4.801307	0.4	12.	145.490538	140.97	28.1
4.788251	0.4	12.	161.41	148.49	28.157556
5.52219	0.4	12.	175.1	123.31	31.134074
4.554849	0.4	12.	172.16	114.81	24.122818
4.405623	0.4	12.	190.09	102.72	30.800481
4.434997	0.4	12.	193.35	87.02	29.629866
5.286329	0.4	12.	195.63	79.5	23.898814
4.569549	0.4	12.	175.42	81.14	24.720518
5.069081	0.4	12.	159.668018	84.41	28.1
4.456595	0.4	12.	153.58	97.81	27.095949
4.994689	0.4	12.	182.59	177.26	28.254799
4.39217	0.4	12.	187.16	187.411694	30.68
4.678004	0.4	12.	179.33	202.436279	30.68
5.017577	0.4	12.	155.87	163.581211	31.59
7.443771	0.4	12.	134.897448	117.1	31.59
5.933675	0.4	12.	187.48	62.423639	31.59
5.102799	0.4	12.	175.1	63.579788	31.59
7.251945	0.4	12.	159.45	68.39	33.909344
6.252151	0.4	12.	129.846335	89.64	32.72
5.453991	0.4	12.	208.646966	68.39	32.72
4.85534	0.4	12.	173.14	89.31	30.213141
4.908446	0.4	12.	186.5	93.56	32.900333
4.405392	0.4	12.	170.53	97.770936	33.63
4.46498	0.4	12.	161.41	96.5	31.222727
4.399908	0.4	12.	205.73	112.52	29.716712
4.594509	0.4	12.	215.739358	107.95	33.63
4.757065	0.4	12.	217.79	124.95	30.035315
4.672503	0.4	12.	212.25	137.037175	33.63
4.571526	0.4	12.	226.815246	129.2	32.8
4.568268	0.4	12.	165.32	106.64	32.092922
4.605818	0.4	12.	176.260346	107.95	32.8
4.506151	0.4	12.	155.21	108.93	28.8638
4.816896	0.4	12.	161.08	122.99	28.479202
4.837847	0.4	12.	163.69	138.03	35.859841
5.167233	0.4	12.	170.21	141.95	28.204676
4.802498	0.4	12.	179.01	132.8	28.871964
4.699519	0.4	12.	169.868306	150.78	32.8
4.383594	0.4	12.	217.47	146.85	34.274535
5.147588	0.4	12.	222.03	138.239399	34.47
4.511494	0.4	12.	202.15	157.32	34.736726
4.52918	0.4	12.	208.34	164.84	33.39166
4.652531	0.4	12.	156.52	182.82	30.470921
4.37191	0.4	12.	154.24	201.13	30.253675
4.54498	0.4	12.	156.52	135.41	30.388383
4.908286	0.4	12.	199.87	170.331001	34.47
4.85765	0.4	12.	178.03	159.28	39.909252
6.080176	0.4	12.	178.36	164.51	30.092169
4.507555	0.4	12.	181.29	169.74	39.458821
5.3178	0.4	12.	191.72	176.945639	35.38
4.517454	0.4	12.	190.37946	166.8	35.38
4.808007	0.4	12.	203.13	180.299211	35.38
4.538256	0.4	12.	208.67	147.83	32.717786
4.426616	0.4	12.	189.44	155.085692	36.21
4.512428	0.4	12.	184.55	142.93	33.439523
4.489734	0.4	12.	185.85	135.41	40.679617
4.433553	0.4	12.	183.9	126.91	35.124929
4.539052	0.4	12.	172.155181	133.78	36.21
4.919813	0.4	12.	164.34	128.22	38.401801
4.415384	0.4	12.	155.403322	142.6	36.21
4.551188	0.4	12.	149.35	148.82	32.455063
4.727289	0.4	12.	159.45	155.35	38.967757
4.401558	0.4	12.	180.64	86.37	36.523427
4.456394	0.4	12.	179.66	98.14	39.130556
4.723294	0.4	12.	180.31	108.27	41.416874
4.487985	0.4	12.	221.15324	122.01	38.25
4.469183	0.4	12.	176.947465	141.95	38.25
4.656738	0.4	12.	170.86	187.295287	38.25
4.702499	0.4	12.	162.71	193.61	34.743228
4.639543	0.4	12.	140.555586	195.57	38.25
5.346827	0.4	12.	132.728576	176.28	38.25
4.638826	0.4	12.	180.814743	186.09	38.25
5.160578	0.4	12.	173.14	176.291801	38.25
4.989474	0.4	12.	201.644179	98.47	38.25
4.852468	0.4	12.	207.36	126.58	37.525426
4.429055	0.4	12.	195.139697	133.45	38.25
4.481665	0.4	12.	185.2	148.16	42.509741
4.539408	0.4	12.	179.66	151.43	34.917017
4.383867	0.4	12.	197.142916	150.45	38.25
4.490865	0.4	12.	172.16	167.12	42.370275
4.512034	0.4	12.	168.341976	158.3	38.25
4.62452	0.4	12.	166.62	170.39	33.758081
4.926416	0.4	12.	159.783176	177.91	38.25
4.672983	0.4	12.	145.744506	154.37	39.09
4.922796	0.4	12.	147.39	164.406877	39.09
4.943067	0.4	12.	147.39	173.99	35.727721
4.580763	0.4	12.	147.39	184.027077	39.09
4.512177	0.4	12.	156.92244	199.82	39.09
4.507438	0.4	12.	165.97	199.82	42.620817
4.461467	0.4	12.	172.49	196.22	36.316345
4.667999	0.4	12.	171.84	208.377761	39.09
4.754281	0.4	12.	162.71	206.36	35.245798
5.322346	0.4	12.	153.977758	129.85	39.54
5.119728	0.4	12.	147.912421	121.03	39.54
5.261235	0.4	12.	151.3	108.799764	39.54
5.121775	0.4	12.	205.14245	107.95	39.54
4.601831	0.4	12.	186.18	114.16	35.488982
4.642314	0.4	12.	199.54	127.24	43.382613
4.682585	0.4	12.	205.039791	136.72	39.77
4.755132	0.4	12.	139.57	127.89	38.925958
6.615588	0.4	12.	135.598889	140.64	39.77
4.669306	0.4	12.	149.037761	89.31	41.44
4.374819	0.4	12.	141.025082	110.89	41.44
4.552113	0.4	12.	203.45	188.38	46.389191
4.463067	0.4	12.	209.64	193.8006	42.42
4.553835	0.4	12.	212.9	168.76	40.335032
4.58895	0.4	12.	222.36	163.53	42.037583
4.412325	0.4	12.	222.68	171.7	46.488213
4.376224	0.4	12.	249.292028	137.05	42.42
4.88481	0.4	12.	236.37	140.97	38.889966
4.934639	0.4	12.	227.9	148.16	37.613794
4.539678	0.4	12.	232.296799	161.89	42.42
5.270569	0.4	12.	241.59	120.37	48.856269
4.521088	0.4	12.	236.052703	113.18	44.84
4.525	0.4	12.	225.94	117.994514	44.84
4.38842	0.4	12.	195.3	192.3	38.81533
4.498079	0.4	12.	200.19	198.528422	42.95
5.077244	0.4	12.	190.74	205.05	39.442522
4.776987	0.4	12.	222.36	183.346398	42.95
4.890182	0.4	12.	232.559839	181.51	42.95
4.556861	0.4	12.	232.46	171.37	44.391224
5.364474	0.4	12.	243.125664	158.62	42.95
4.588184	0.4	12.	235.72	149.14	43.855971
5.04167	0.4	12.	245.448229	146.85	42.95
5.358101	0.4	12.	241.09589	129.85	42.95
4.429182	0.4	12.	233.76	121.03	39.000062
4.375227	0.4	12.	244.19	110.56	41.727347
7.482832	0.4	12.	255.962602	125.6	42.95
4.760213	0.4	12.	234.42	105.33	39.114229
4.381772	0.4	12.	226.92	94.520302	42.95
4.901721	0.4	12.	220.07	87.915848	42.95
5.933997	0.4	12.	231.16	76.561205	42.95
4.395195	0.4	12.	195.3	96.5	45.190931
4.555988	0.4	12.	158.8	119.104304	42.95
4.509167	0.4	12.	165.97	89.97	39.422097
6.295086	0.4	12.	171.18	70.566344	42.95
4.381844	0.4	12.	181.94	78.504199	42.95
4.50664	0.4	12.	192.7	73.62	39.763481
4.575381	0.4	12.	200.52	89.31	43.271969
5.244101	0.4	12.	202.47	79.068338	42.95
5.262232	0.4	12.	218.44	76.340667	42.95
4.441339	0.4	12.	217.14	176.93	38.699171
4.593178	0.4	12.	218.6215	191.97	42.95
4.560095	0.4	12.	168.9	82.104792	42.95
4.746223	0.4	12.	169.88	122.205816	44.09
5.296815	0.4	12.	167.27	113.51	39.509941
4.437127	0.4	12.	189.11	101.74	39.761252
4.508094	0.4	12.	214.21	114.81	42.651194
5.005619	0.4	12.	227.57	108.93	47.580949
4.421014	0.4	12.	222.68	103.04	41.9931
4.521488	0.4	12.	212.9	94.87	40.75436
5.388432	0.4	12.	209.32	87.35	49.073006
4.954948	0.4	12.	192.04	87.35	39.29922
5.333077	0.4	12.	191.39	80.81	47.989916
5.154646	0.4	12.	183.9	68.897505	44.09
4.585091	0.4	12.	155.87	82.77	40.022453
5.016194	0.4	12.	150.933353	99.12	44.09
4.604552	0.4	12.	233.44	87.043845	44.09
4.840287	0.4	12.	237.67	97.295812	44.09
4.558408	0.4	12.	220.73	147.920033	44.09
4.395594	0.4	12.	226.682573	139.99	44.09
4.370128	0.4	12.	216.16	156.01	40.121421
4.409775	0.4	12.	213.88	161.89	46.480409
4.594315	0.4	12.	205.934449	156.66	44.09
4.689448	0.4	12.	195.63	173.374415	44.09
4.851013	0.4	12.	198.56	163.575086	44.09
5.922825	0.4	12.	208.99	204.72	49.460558
5.066809	0.4	12.	203.78	207.99	40.192416
4.532383	0.4	12.	196.93	207.01	46.880314
4.600755	0.4	12.	162.701708	211.59	44.09
4.979472	0.4	12.	175.42	211.26	48.979895
4.399326	0.4	12.	162.06	142.073113	44.09
4.398551	0.4	12.	155.381021	148.49	44.09
4.390517	0.4	12.	186.5	118.042968	44.09
4.400969	0.4	12.	191.07	124.62	39.758208
4.525794	0.4	12.	177.7	117.43	41.8046
4.830428	0.4	12.	194.98	109.26	43.937509
4.467748	0.4	12.	205.904458	117.76	44.92
4.694264	0.4	12.	150.874075	173.34	44.92
5.06224	0.4	12.	145.98204	137.37	44.92
4.751062	0.4	12.	183.57	181.51	46.046622
4.71992	0.4	12.	179.66	172.451617	48.18
4.561866	0.4	12.	226.92	126.835315	48.18
4.657104	0.4	12.	171.795779	141.62	48.18
5.191482	0.4	12.	171.28813	152.41	48.18
4.396148	0.4	12.	159.45	167.12	43.978958
4.422397	0.4	12.	155.87	191.97	45.228074
4.856479	0.4	12.	174.44	131.408976	48.18
4.380302	0.4	12.	156.606104	126.26	48.18
4.423122	0.4	12.	219.144381	96.18	48.18
4.436145	0.4	12.	224.31	155.68	49.485828
4.458483	0.4	12.	193.02	186.09	45.296812
4.690582	0.4	12.	188.576227	198.84	48.18
5.143991	0.4	12.	177.7	193.93	45.194429
5.224308	0.4	12.	213.56	132.8	44.244413
4.952871	0.4	12.	217.79	120.979224	49.09
4.797286	0.4	12.	218.77	110.56	52.125049
4.541741	0.4	12.	213.56	103.7	47.633071
4.492343	0.4	12.	186.5	97.49	47.253138
4.400801	0.4	12.	174.44	107.954582	49.09
4.873922	0.4	12.	165.64	103.817784	49.09
4.432473	0.4	12.	175.75	78.2	49.508712
4.373647	0.4	12.	157.82	112.665709	49.09
4.819881	0.4	12.	232.387385	134.43	49.09
4.402156	0.4	12.	178.68	201.13	52.938954
4.574054	0.4	12.	189.76	180.2	53.410507
4.396012	0.4	12.	154.89	161.476394	49.09
4.95884	0.4	12.	177.142007	89.97	49.09
4.444847	0.4	12.	172.16	97.49	46.024773
6.714848	0.4	12.	200.84	68.632526	49.09
4.854634	0.4	12.	159.78	95.056645	49.09
4.833575	0.4	12.	141.512247	117.43	49.09
4.575364	0.4	12.	132.556169	114.16	49.09
5.381667	0.4	12.	150.65	105.66	53.659785
4.442475	0.4	12.	210.923132	173.66	49.09
4.413482	0.4	12.	215.84	146.871377	52.95
5.157429	0.4	12.	219.42	129.2	56.66504
4.449649	0.4	12.	221.38	138.873755	52.95
4.881739	0.4	12.	168.25	134.1	57.672318
4.41568	0.4	12.	163.36	141.407525	52.95
4.385942	0.4	12.	181.29	158.62	49.417962
4.476387	0.4	12.	179.01	167.78	56.470575
4.558315	0.4	12.	195.074537	170.72	52.95
4.656188	0.4	12.	187.81	165.82	48.443387
4.501736	0.4	12.	205.41	166.924981	52.95
4.68881	0.4	12.	201.82	177.59	49.77305
4.487427	0.4	12.	154.347481	138.68	52.95
4.70756	0.4	12.	147.39	145.87	50.427021
4.425426	0.4	12.	158.586119	154.05	52.95
4.492164	0.4	12.	165.97	127.24	51.573363
4.540442	0.4	12.	148.7	186.09	48.453744
4.406507	0.4	12.	160.76	183.8	48.729622
4.519928	0.4	12.	153.91	179.585642	52.95
4.592614	0.4	12.	145.925278	201.78	52.95
4.551524	0.4	12.	156.19	206.36	57.078467
4.941512	0.4	12.	144.153981	169.41	52.95
4.652751	0.4	12.	143.15	155.35	48.887553
4.933359	0.4	12.	138.243505	148.16	52.95
4.520861	0.4	12.	142.598259	132.8	52.95
4.388747	0.4	12.	201.82	157.767693	52.95
4.67949	0.4	12.	208.01	149.47	56.834491
4.665931	0.4	12.	196.61	141.3	48.582588
4.431797	0.4	12.	181.61	123.64	49.931818
4.567528	0.4	12.	187.16	90.70383	54.39
4.59452	0.4	12.	177.586186	98.14	54.39
4.401299	0.4	12.	185.684938	104.68	54.39
4.82659	0.4	12.	186.83	140.97	50.6149
4.881729	0.4	12.	179.33	152.41	56.587031
4.412187	0.4	12.	170.53	195.9	51.344359
4.48055	0.4	12.	162.71	194.59	55.696993
4.52461	0.4	12.	162.38	203.42	50.7113
4.712308	0.4	12.	175.42	185.43	51.372912
4.380592	0.4	12.	167.150361	186.74	55.22
4.758138	0.4	12.	150.385295	117.1	55.22
4.579785	0.4	12.	151.63	129.310782	55.22
4.409511	0.4	12.	208.67	108.99144	55.22
4.42678	0.4	12.	205.844262	96.18	55.22
4.374163	0.4	12.	178.68	141.757679	55.22
4.806972	0.4	12.	188.46	155.585683	55.22
5.067326	0.4	12.	208.431927	138.03	55.22
4.775175	0.4	12.	192.489487	134.1	55.22
4.374922	0.4	12.	208.99	127.24	57.076651
4.64501	0.4	12.	202.47	104.02	50.650146
4.550057	0.4	12.	181.61	114.25858	55.22
4.494723	0.4	12.	191.39	146.53	57.378181
4.745863	0.4	12.	164.67	160.26	56.396189
4.491597	0.4	12.	173.520145	177.26	55.22
4.934508	0.4	12.	164.67	175.3	51.603229
4.600543	0.4	12.	169.88	168.43	57.918351
4.406123	0.4	12.	171.84	161.89	50.893177
5.535319	0.4	12.	147.07	176.61	60.011025
5.072079	0.4	12.	135.667735	179.55	55.22
6.097382	0.4	12.	135.670367	198.84	55.22
4.573319	0.4	12.	185.2	188.7	52.151173
4.571058	0.4	12.	193.02	62.829202	55.22
4.444902	0.4	12.	175.371914	71.	55.22
4.724563	0.4	12.	166.95	66.126476	55.22
4.601262	0.4	12.	161.41	84.918083	55.22
4.698149	0.4	12.	138.79799	109.91	58.18
5.05096	0.4	12.	150.	88.	53.893262
4.647049	0.4	12.	155.21	95.079442	58.18
4.701507	0.4	12.	166.411912	75.58	58.18
4.675593	0.4	12.	172.097679	84.73	58.18
4.917243	0.4	12.	167.27	93.867285	58.18
4.579125	0.4	12.	183.57	80.16	54.891718
4.544104	0.4	12.	192.37	93.56	61.516901
5.223441	0.4	12.	195.63	102.709455	58.18
4.76529	0.4	12.	201.580305	81.14	58.18
4.858476	0.4	12.	197.59	89.97	54.217272
4.71688	0.4	12.	193.904086	74.6	58.18
4.538301	0.4	12.	228.868035	80.48	58.18
4.747611	0.4	12.	217.47	80.177461	58.18
4.472854	0.4	12.	225.94	96.83	61.644741
4.571927	0.4	12.	224.64	89.97	53.693788
4.729187	0.4	12.	232.79	103.37	56.72534
4.42947	0.4	12.	236.7	124.95	61.942837
4.418256	0.4	12.	231.16	118.74	53.972665
4.602742	0.4	12.	248.347313	137.7	58.18
4.461422	0.4	12.	243.87	129.2	55.826041
4.464597	0.4	12.	231.292526	132.8	58.18
4.524556	0.4	12.	238.065319	142.6	58.18
4.497537	0.4	12.	228.55	148.49	54.009563
5.888828	0.4	12.	228.55	164.84	53.178359
4.78481	0.4	12.	238.	113.29086	59.16
4.37633	0.4	12.	223.01	103.04	55.713394
8.780356	0.4	12.	247.144333	99.12	59.16
6.006683	0.4	12.	234.91108	89.31	59.16
4.978429	0.4	12.	214.53	92.25	58.147406
4.517421	0.4	12.	207.04	88.98	63.655422
4.567255	0.4	12.	193.02	84.41	61.311679
4.661363	0.4	12.	185.005601	71.66	59.16
4.464916	0.4	12.	154.24	83.75	62.267177
4.395886	0.4	12.	164.99	122.405904	59.16
4.551842	0.4	12.	162.38	112.52	56.825158
5.390281	0.4	12.	173.14	110.130453	60.07
4.518533	0.4	12.	158.8	145.461307	60.07
4.572634	0.4	12.	150.935799	150.78	60.07
4.565051	0.4	12.	214.010302	114.81	60.07
4.401028	0.4	12.	222.68	119.39	57.516751
5.08784	0.4	12.	228.16413	111.54	60.07
4.786682	0.4	12.	245.273079	121.03	60.07
4.565373	0.4	12.	227.9	141.342303	60.07
4.558383	0.4	12.	220.37229	150.45	60.07
4.536801	0.4	12.	211.93	160.26	55.556767
4.549215	0.4	12.	219.908485	162.87	60.07
4.393047	0.4	12.	222.68	171.552061	60.07
4.681794	0.4	12.	219.75	193.011654	60.07
4.477577	0.4	12.	211.93	196.22	63.670027
4.393083	0.4	12.	203.45	190.66	62.742849
4.566047	0.4	12.	195.63	177.713205	60.07
4.377362	0.4	12.	199.21	166.861103	60.07
5.794415	0.4	12.	225.371247	182.82	60.07
4.543858	0.4	12.	216.49	176.93	55.753998
5.944282	0.4	12.	217.155097	204.72	60.07
4.858078	0.4	12.	195.96	193.61	55.460276
4.693312	0.4	12.	186.527328	193.61	60.07
4.589481	0.4	12.	194.65	209.638208	60.07
4.408347	0.4	12.	205.08	208.875592	60.07
4.512937	0.4	12.	201.82	200.15	63.986812
4.392509	0.4	12.	184.87	212.282384	60.07
4.647781	0.4	12.	187.48	202.76	56.849355
4.965169	0.4	12.	172.81	199.1264	60.07
4.681741	0.4	12.	165.217265	206.68	60.07
4.869055	0.4	12.	166.95	216.414857	60.07
5.029987	0.4	12.	148.7	193.61	62.095609
4.473481	0.4	12.	147.72	164.055682	60.07
4.534603	0.4	12.	154.24	169.74	57.413131
4.41796	0.4	12.	159.408157	176.61	60.07
5.201565	0.4	12.	137.667654	139.01	60.07
4.385026	0.4	12.	148.314998	138.03	60.07
4.58809	0.4	12.	157.82	133.78	62.377397
4.505362	0.4	12.	144.032035	122.01	60.07
4.656071	0.4	12.	189.44	107.62	64.282917
4.380083	0.4	12.	205.73	119.72	60.518405
4.528339	0.4	12.	223.33	155.03	68.052754
4.489887	0.4	12.	228.87	155.03	60.169442
4.639284	0.4	12.	227.540591	124.95	63.86
4.488658	0.4	12.	233.11	147.858112	63.86
4.534326	0.4	12.	210.3	167.78	60.621763
5.896111	0.4	12.	174.12	120.37	66.009157
4.460106	0.4	12.	199.87	184.45	55.597434
4.665988	0.4	12.	213.88	187.39	55.268065
4.550322	0.4	12.	177.05	191.110478	63.93
5.325728	0.4	12.	186.83	172.68	59.908841
4.543113	0.4	12.	177.7	174.84845	63.93
4.408867	0.4	12.	183.410781	183.47	63.93
4.725051	0.4	12.	192.04	187.07	66.455698
4.910061	0.4	12.	174.195678	143.58	63.93
4.500999	0.4	12.	174.44	154.7	68.063084
4.42234	0.4	12.	167.93	150.45	61.099575
4.433533	0.4	12.	183.378401	147.51	63.93
4.714955	0.4	12.	201.5	143.974238	63.93
4.713949	0.4	12.	213.497785	156.01	63.93
4.73786	0.4	12.	243.87	144.24	65.655767
7.697083	0.4	12.	234.926498	173.01	63.93
5.073701	0.4	12.	222.68	176.61	68.789998
5.227528	0.4	12.	210.156883	183.47	63.93
4.399697	0.4	12.	193.67	200.8	68.116052
4.438245	0.4	12.	157.17	121.596246	63.93
4.908669	0.4	12.	153.714901	111.22	63.93
4.561385	0.4	12.	165.64	107.95	67.007131
4.608488	0.4	12.	146.41	104.904768	63.93
5.275819	0.4	12.	134.927726	96.5	63.93
4.673517	0.4	12.	142.191837	88.66	63.93
4.445028	0.4	12.	170.846844	66.1	63.93
5.107797	0.4	12.	154.56	69.7	58.907153
4.557422	0.4	12.	146.41	67.984729	63.93
4.547501	0.4	12.	143.114555	76.56	63.93
5.077223	0.4	12.	181.29	65.44	65.890883
4.496664	0.4	12.	243.87	114.16	67.823287
4.793568	0.4	12.	174.44	101.08	65.432799
4.425073	0.4	12.	166.62	100.1	71.756183
4.540994	0.4	12.	161.08	100.75	63.287628
4.616016	0.4	12.	155.87	105.33	71.807726
4.42345	0.4	12.	146.057563	115.47	67.57
4.456949	0.4	12.	176.73	90.95	71.064031
4.801403	0.4	12.	169.640459	85.39	67.57
4.696911	0.4	12.	220.4	90.448698	67.57
4.820815	0.4	12.	203.78	172.03	66.236356
4.382107	0.4	12.	154.89	158.95	64.351148
4.494058	0.4	12.	183.445716	200.8	67.57
4.516131	0.4	12.	210.62	71.	65.165376
4.9819	0.4	12.	217.639807	77.54	67.57
4.453181	0.4	12.	211.6	64.79	71.910824
4.565967	0.4	12.	195.108171	75.91	67.57
4.43928	0.4	12.	197.59	67.41	65.261835
5.099661	0.4	12.	182.92	53.690746	68.4
7.41601	0.4	12.	152.61	57.936488	68.4
4.829081	0.4	12.	137.776351	66.75	68.4
4.522008	0.4	12.	165.97	61.19	70.655191
9.115346	0.4	12.	205.73	52.537744	68.4
5.064052	0.4	12.	213.88	101.74	64.05613
4.393866	0.4	12.	222.36	116.047994	68.4
4.497453	0.4	12.	223.33	134.43	63.991662
4.828235	0.4	12.	203.78	161.24	72.580582
4.649107	0.4	12.	169.88	133.786132	68.4
4.7141	0.4	12.	160.43	152.218691	68.4
4.706911	0.4	12.	182.92	159.6	63.703568
4.592023	0.4	12.	194.595905	160.91	68.4
4.404029	0.4	12.	177.026425	166.8	68.4
4.579361	0.4	12.	187.81	166.8	72.439077
4.78508	0.4	12.	194.	172.760983	68.4
5.042339	0.4	12.	189.11	180.86	73.417117
4.413077	0.4	12.	162.06	186.09	65.275316
4.430008	0.4	12.	145.807355	186.09	68.4
5.860597	0.4	12.	154.24	179.862891	68.4
4.429378	0.4	12.	155.87	190.01	72.699503
4.80346	0.4	12.	145.169481	170.39	68.4
4.653745	0.4	12.	146.901469	160.26	68.4
4.547303	0.4	12.	141.85	152.483026	68.4
4.645946	0.4	12.	151.632551	144.24	68.4
4.425894	0.4	12.	162.38	142.787317	68.4
4.39761	0.4	12.	161.73	128.017117	68.4
4.83677	0.4	12.	219.1	126.168001	68.4
4.692211	0.4	12.	223.761293	142.93	68.4
4.378795	0.4	12.	215.98708	148.49	68.4
4.627513	0.4	12.	207.69	145.22	71.766027
4.685359	0.4	12.	202.8	153.39	67.137874
5.03279	0.4	12.	212.9	139.66	65.221906
4.53195	0.4	12.	212.58	132.14	72.526107
4.553707	0.4	12.	188.79	122.66	72.866491
4.756465	0.4	12.	197.020411	113.51	68.4
4.591937	0.4	12.	144.13	131.81	65.311742
4.870612	0.4	12.	136.96	117.43	65.083344
4.640841	0.4	12.	142.5	142.341415	68.4
4.666359	0.4	12.	133.691537	147.83	68.4
4.793474	0.4	12.	130.348364	138.68	68.4
4.553408	0.4	12.	135.33	130.052261	68.4
4.443416	0.4	12.	162.06	79.5	70.357617
4.610296	0.4	12.	217.14	107.95	72.73947
6.372055	0.4	12.	243.90153	155.03	68.4
4.458256	0.4	12.	233.733568	160.59	68.4
4.403048	0.4	12.	182.674213	215.84	68.4
5.546914	0.4	12.	192.7	215.51	69.672721
4.530294	0.4	12.	202.873924	212.24	68.4
5.092292	0.4	12.	144.13	82.77	71.816091
4.533167	0.4	12.	237.571519	106.64	68.4
4.928319	0.4	12.	132.9475	79.18	68.4
4.542883	0.4	12.	188.394725	87.35	70.07
5.253448	0.4	12.	183.24	95.85	65.419208
4.961265	0.4	12.	177.05	75.25	66.04312
4.444188	0.4	12.	174.44	69.04	73.381969
4.757261	0.4	12.	161.41	91.27	67.261879
4.425954	0.4	12.	208.01	95.85	69.602049
5.193387	0.4	12.	207.69	111.642841	70.9
4.405866	0.4	12.	209.64	123.42839	70.9
4.430304	0.4	12.	196.28	132.8	67.516404
4.401438	0.4	12.	193.02	144.89	68.565012
4.825183	0.4	12.	195.63	153.39	75.570687
4.471871	0.4	12.	185.318347	153.39	70.9
4.372647	0.4	12.	185.789703	134.43	70.9
5.133441	0.4	12.	170.53	167.78	75.915759
4.650224	0.4	12.	164.99	160.91	70.739443
4.379142	0.4	12.	165.97	192.106106	70.9
4.433303	0.4	12.	157.82	200.467165	70.9
4.591988	0.4	12.	173.46509	186.09	71.96
4.407746	0.4	12.	169.23	177.91	72.052839
5.696351	0.4	12.	162.71	170.72	68.177704
4.380025	0.4	12.	145.76	176.61	76.200264
4.501866	0.4	12.	138.08102	180.53	71.96
5.440605	0.4	12.	137.94	169.74	77.263945
5.315196	0.4	12.	135.98	161.24	67.907249
4.776322	0.4	12.	130.44	147.18	77.420014
5.620198	0.4	12.	133.38	122.99	75.529627
4.545639	0.4	12.	152.28	127.413585	72.87
4.510556	0.4	12.	131.1	112.732991	72.87
5.117177	0.4	12.	140.33114	92.91	72.87
4.477793	0.4	12.	238.	88.33	69.997982
4.996956	0.4	12.	199.54	182.49	71.005449
4.698718	0.4	12.	228.390173	165.16	74.99
5.342392	0.4	12.	219.75	200.076934	74.99
4.423732	0.4	12.	159.529885	119.06	74.99
4.524232	0.4	12.	139.9	113.065787	74.99
4.584513	0.4	12.	137.61	102.75164	74.99
4.864891	0.4	12.	150.65	93.160801	74.99
4.542187	0.4	12.	154.430464	83.75	74.99
4.467196	0.4	12.	168.25	91.6	75.658048
4.372864	0.4	12.	168.58	81.79	76.692911
4.488177	0.4	12.	166.392033	72.96	74.99
4.912018	0.4	12.	186.5	71.409569	74.99
4.788595	0.4	12.	177.978139	79.83	74.99
4.445914	0.4	12.	191.430566	80.16	74.99
4.50866	0.4	12.	192.04	88.66	78.614028
4.66666	0.4	12.	193.02	95.85	71.27251
4.375054	0.4	12.	200.84	80.537446	74.99
4.489098	0.4	12.	204.1	88.833522	74.99
4.373811	0.4	12.	213.658336	87.35	74.99
5.872988	0.4	12.	230.193483	77.21	74.99
4.448748	0.4	12.	228.87	87.02	71.447526
5.42115	0.4	12.	224.96	98.47	76.508511
5.559951	0.4	12.	242.539722	95.85	74.99
7.274461	0.4	12.	251.981579	105.99	74.99
4.873095	0.4	12.	236.04	113.751742	74.99
4.686306	0.4	12.	232.46	122.66	75.912313
4.568654	0.4	12.	242.56	128.22	71.441337
5.725843	0.4	12.	247.276955	136.72	74.99
4.827248	0.4	12.	235.019419	135.41	74.99
4.384111	0.4	12.	235.07	145.011631	74.99
4.630715	0.4	12.	152.92156	161.57	76.73
4.610992	0.4	12.	160.1	148.16	78.963834
5.297849	0.4	12.	149.02	151.304359	76.73
4.562396	0.4	12.	146.330198	138.03	76.73
4.480046	0.4	12.	155.21	135.08	80.718017
4.70446	0.4	12.	173.47	106.289308	76.73
4.449775	0.4	12.	226.59	140.31	77.073573
4.473631	0.4	12.	220.770407	147.18	76.73
4.936222	0.4	12.	171.51	115.47	80.935078
4.505848	0.4	12.	219.087877	171.7	77.8
4.399417	0.4	12.	222.68	182.82	81.973984
4.642783	0.4	12.	207.079099	182.16	77.8
4.942612	0.4	12.	214.86	188.05	77.227361
4.475266	0.4	12.	200.52	189.228727	78.63
4.546273	0.4	12.	196.61	197.429728	78.63
4.801319	0.4	12.	201.82	208.137865	78.63
4.459025	0.4	12.	205.41	199.49	76.211217
4.808283	0.4	12.	211.93	205.868084	78.63
4.704732	0.4	12.	210.3	194.59	83.421342
4.847107	0.4	12.	176.767546	191.32	79.46
4.481164	0.4	12.	186.18	197.86	80.310279
4.642458	0.4	12.	170.21	212.893873	79.46
5.666446	0.4	12.	167.6	202.11	75.83838
5.412816	0.4	12.	145.44	195.9	74.73391
4.913982	0.4	12.	174.972335	176.93	79.46
4.492551	0.4	12.	196.045868	164.84	79.46
5.211042	0.4	12.	209.566107	166.14	79.46
4.571519	0.4	12.	199.54	175.95	78.451252
4.51833	0.4	12.	227.9	173.893605	79.46
4.656248	0.4	12.	223.33	156.99	77.904179
4.622184	0.4	12.	229.85	150.78	81.939898
5.199359	0.4	12.	244.064199	118.08	79.46
4.373004	0.4	12.	227.9	109.58	79.285673
4.461658	0.4	12.	231.48	91.062083	79.46
4.379704	0.4	12.	220.4	81.79	80.962155
4.719994	0.4	12.	185.85	67.41	84.020147
4.849338	0.4	12.	146.74	72.64	77.232239
5.975449	0.4	12.	130.378484	96.18	79.46
4.486674	0.4	12.	151.3	110.254327	79.46
4.577273	0.4	12.	154.24	119.06	83.195027
4.529979	0.4	12.	206.826061	118.74	79.46
4.674834	0.4	12.	185.2	149.699552	79.46
4.86859	0.4	12.	176.4	147.18	84.21584
4.989176	0.4	12.	167.6	155.161199	79.46
5.175879	0.4	12.	177.475474	157.64	79.46
4.606459	0.4	12.	157.085096	171.05	79.46
4.633798	0.4	12.	243.242985	145.22	79.46
4.380155	0.4	12.	214.21	157.36593	79.46
4.485383	0.4	12.	189.76	206.03	77.815938
5.103476	0.4	12.	146.41	101.894075	79.46
4.772173	0.4	12.	163.36	108.6	81.646446
4.63125	0.4	12.	199.54	146.53	81.13926
4.507416	0.4	12.	191.019467	188.38	79.46
4.629609	0.4	12.	185.704809	173.01	79.46
4.51535	0.4	12.	137.94	86.013384	79.46
4.422473	0.4	12.	144.764098	123.97	79.46
4.919579	0.4	12.	155.54	105.99	88.615976
4.407941	0.4	12.	168.328214	97.81	84.39
4.481558	0.4	12.	176.73	94.22	80.622618
4.399552	0.4	12.	171.565741	87.68	84.39
4.669923	0.4	12.	180.774812	82.77	84.39
4.900568	0.4	12.	152.702205	90.95	84.39
5.432836	0.4	12.	158.15	98.79	79.621545
4.491854	0.4	12.	147.72	82.061218	84.39
4.608122	0.4	12.	157.5	72.96	80.237216
4.824977	0.4	12.	165.42211	69.04	84.39
7.501944	0.4	12.	164.99	53.502618	84.39
4.503123	0.4	12.	143.524097	67.41	85.22
5.249709	0.4	12.	186.18	57.6	89.069653
4.534036	0.4	12.	178.03	63.16	87.566998
4.765943	0.4	12.	196.179484	63.81	85.22
4.727562	0.4	12.	203.45	56.29	84.106206
5.096647	0.4	12.	210.3	63.338813	85.22
5.297135	0.4	12.	206.39	72.31	80.625453
4.861482	0.4	12.	215.19	76.89	89.498264
5.701878	0.4	12.	220.07	71.	81.886891
4.384668	0.4	12.	239.96	108.93	82.950421
4.582943	0.4	12.	224.31	122.66	81.566116
4.81098	0.4	12.	222.03	138.477639	85.22
4.492538	0.4	12.	222.68	128.22	89.556897
4.405195	0.4	12.	240.099966	152.74	85.22
4.392114	0.4	12.	178.68	168.43	86.559619
4.774858	0.4	12.	187.48	162.22	82.752464
4.482829	0.4	12.	192.837592	151.1	86.2
5.601492	0.4	12.	183.57	153.72	90.717509
5.319084	0.4	12.	162.38	182.49	85.852159
5.156303	0.4	12.	163.69	192.63	82.058818
4.408341	0.4	12.	178.36	203.74	87.445632
5.130213	0.4	12.	187.16	179.954003	86.2
4.723368	0.4	12.	160.02242	157.64	86.2
5.616963	0.4	12.	153.91	196.88	89.650391
4.65381	0.4	12.	150.98	185.225335	87.04
5.18614	0.4	12.	149.02	175.254695	87.04
4.536347	0.4	12.	144.46	160.470176	87.04
4.614833	0.4	12.	176.73	72.31	84.700755
5.31285	0.4	12.	161.08	85.39	82.42211
4.433249	0.4	12.	150.98	73.028783	87.04
4.791451	0.4	12.	137.61	76.89	84.70093
4.499249	0.4	12.	209.64	87.35	83.101902
4.63787	0.4	12.	219.1	92.91	84.434262
4.87552	0.4	12.	212.58	94.54	91.589853
5.060965	0.4	12.	222.36	112.85	86.583141
4.418733	0.4	12.	201.17	156.66	83.236359
4.620574	0.4	12.	185.53	130.18	84.16325
4.539935	0.4	12.	186.5	139.713077	87.04
4.898634	0.4	12.	233.44	160.26	85.110872
6.054256	0.4	12.	249.08	128.188293	87.04
4.558601	0.4	12.	216.88044	147.51	87.04
4.391723	0.4	12.	206.39	146.85	89.31493
4.719356	0.4	12.	210.62	139.66	84.067341
4.549767	0.4	12.	216.16	129.85	83.263946
4.664058	0.4	12.	209.32	129.85	90.844982
5.024663	0.4	12.	217.785005	103.7	87.04
4.55059	0.4	12.	211.6	113.928052	87.04
5.985868	0.4	12.	201.5	96.5	85.195472
4.411785	0.4	12.	194.216155	110.56	87.04
4.761501	0.4	12.	185.2	112.2	82.930676
4.405998	0.4	12.	201.206069	120.7	87.04
5.069297	0.4	12.	191.255148	121.68	87.04
4.484994	0.4	12.	192.7	132.14	89.897421
4.958979	0.4	12.	164.67	140.31	82.211526
4.595157	0.4	12.	160.43	127.24	84.782361
4.496157	0.4	12.	151.96	146.611103	87.87
4.775688	0.4	12.	141.788649	130.83	87.87
7.784602	0.4	12.	131.254819	138.35	87.87
4.936657	0.4	12.	137.127977	150.78	87.87
4.514972	0.4	12.	141.85	182.635807	87.87
4.567219	0.4	12.	175.42	181.84	90.406986
4.807191	0.4	12.	170.737165	173.99	87.87
4.576894	0.4	12.	167.93	165.49	90.738834
4.707174	0.4	12.	155.048974	166.8	87.87
4.462026	0.4	12.	159.78	174.32	91.618886
5.174852	0.4	12.	171.726775	196.55	87.87
4.383765	0.4	12.	191.72	169.485574	87.87
4.448881	0.4	12.	207.36	171.849681	87.87
4.641503	0.4	12.	206.71	183.291796	87.87
6.129271	0.4	12.	181.29	214.608202	87.87
4.62079	0.4	12.	182.588945	91.6	87.87
5.485563	0.4	12.	130.77	104.56911	88.78
4.468451	0.4	12.	131.672789	115.79	88.78
4.480552	0.4	12.	145.44	108.158249	88.78
5.531845	0.4	12.	237.160614	87.68	88.78
4.994247	0.4	12.	147.39	95.52	92.390115
4.747373	0.4	12.	140.55	70.68	93.471451
4.848567	0.4	12.	168.58	63.81	91.899815
4.416326	0.4	12.	194.65	73.62	84.478095
4.565898	0.4	12.	208.99	155.651406	88.78
4.704759	0.4	12.	180.31	123.302792	90.82
4.389355	0.4	12.	168.165641	136.06	90.82
5.361009	0.4	12.	169.748285	124.29	90.82
4.950252	0.4	12.	162.453587	113.51	90.82
4.474907	0.4	12.	179.598361	132.8	90.82
4.613992	0.4	12.	202.677689	136.72	90.82
4.631397	0.4	12.	195.104094	142.93	90.82
5.332264	0.4	12.	194.33	159.6	92.200609
4.664216	0.4	12.	216.16	164.84	87.062415
4.48694	0.4	12.	225.94	166.709919	90.82
4.907577	0.4	12.	231.48	140.648916	90.82
4.431893	0.4	12.	236.7	133.78	86.833053
4.830331	0.4	12.	246.15	139.18041	90.82
4.576879	0.4	12.	238.	122.01	86.521247
4.388109	0.4	12.	231.48	117.109652	90.82
5.345929	0.4	12.	251.36	106.31	91.407132
4.497877	0.4	12.	246.287646	93.89	90.82
4.821002	0.4	12.	239.3	100.43	92.229977
5.825774	0.4	12.	238.668183	76.56	90.82
5.153863	0.4	12.	227.514257	76.56	90.82
4.792678	0.4	12.	224.202693	87.02	90.82
4.759253	0.4	12.	194.33	79.5	94.494134
4.378146	0.4	12.	189.44	83.43	87.33898
4.507334	0.4	12.	186.636665	75.58	90.82
4.834448	0.4	12.	182.27	84.41	94.915889
4.673717	0.4	12.	207.04	80.16	94.772193
4.402502	0.4	12.	200.52	71.84825	90.82
5.409358	0.4	12.	199.87	84.41	86.796658
5.001775	0.4	12.	203.78	89.97	94.818582
5.782956	0.4	12.	191.07	93.89	95.530034
4.667499	0.4	12.	191.07	101.74	87.042129
4.377962	0.4	12.	182.597972	101.41	90.82
4.891112	0.4	12.	165.237255	90.62	90.82
4.510767	0.4	12.	169.516277	81.79	90.82
4.587107	0.4	12.	168.25	73.29	95.277613
4.382468	0.4	12.	161.73	77.54	89.23709
4.529993	0.4	12.	154.952655	84.08	90.82
4.948246	0.4	12.	164.34	210.630318	90.82
4.529968	0.4	12.	150.65	155.300573	92.72
4.77055	0.4	12.	161.08	148.16	88.683129
4.541064	0.4	12.	159.13	141.95	97.110868
5.202376	0.4	12.	152.28	135.08	93.221181
4.585738	0.4	12.	169.88	114.16	97.329518
4.788865	0.4	12.	174.44	107.95	91.651978
4.423249	0.4	12.	179.01	115.47	95.564307
4.701903	0.4	12.	206.71	108.6	92.973956
5.788878	0.4	12.	217.287149	120.04	93.55
5.141245	0.4	12.	217.318589	140.64	94.38
4.646326	0.4	12.	222.03	149.883184	94.38
4.658813	0.4	12.	216.49	174.819096	94.38
4.855304	0.4	12.	226.27	179.22	93.822124
4.754299	0.4	12.	216.930884	184.78	94.38
5.217225	0.4	12.	218.595545	196.55	94.38
5.07043	0.4	12.	206.71	198.931908	94.38
4.934906	0.4	12.	197.91	196.55	89.596746
5.02318	0.4	12.	196.423795	187.39	95.29
4.770802	0.4	12.	178.68	191.65	94.627501
5.559545	0.4	12.	187.16	199.16	93.359023
4.483696	0.4	12.	197.59	204.241083	95.29
4.785171	0.4	12.	191.39	212.137934	95.29
5.007516	0.4	12.	197.91	176.61	91.48371
4.77843	0.4	12.	171.18	156.66	91.354478
4.736192	0.4	12.	175.42	141.3	92.758791
4.496731	0.4	12.	209.32	168.605784	96.28
4.539605	0.4	12.	230.779275	150.78	97.11
4.517109	0.4	12.	224.31	159.198827	97.11
5.211449	0.4	12.	242.24	156.66	94.134549
4.499575	0.4	12.	238.858539	139.01	97.11
5.062153	0.4	12.	242.60602	125.28	97.11
4.616966	0.4	12.	241.59	114.042301	97.11
4.404477	0.4	12.	250.39	117.314352	97.11
4.453688	0.4	12.	233.123119	94.22	97.11
5.543597	0.4	12.	224.31	100.004011	97.11
4.433563	0.4	12.	229.85	108.896178	97.11
7.314395	0.4	12.	256.58691	92.25	97.11
5.17131	0.4	12.	153.26	114.16	95.593953
4.634382	0.4	12.	138.59	112.85	93.921804
5.057292	0.4	12.	135.267789	98.47	97.11
4.903542	0.4	12.	142.5	86.04	92.244092
5.28133	0.4	12.	171.84	48.632574	97.11
4.665507	0.4	12.	182.785548	52.04	97.11
4.389911	0.4	12.	186.258831	69.04	97.11
4.587247	0.4	12.	211.884807	158.95	97.11
4.375058	0.4	12.	203.069082	162.55	98.02
4.919827	0.4	12.	186.206669	185.76	98.02
4.936954	0.4	12.	181.29	173.66	95.477421
4.569249	0.4	12.	180.038656	160.59	98.02
4.459942	0.4	12.	197.907768	169.74	98.02
4.446065	0.4	12.	167.93	204.771639	98.02
4.547369	0.4	12.	149.442046	168.76	98.02
5.555264	0.4	12.	137.94	176.047395	98.85
4.742048	0.4	12.	144.405896	194.91	98.85
4.427349	0.4	12.	148.753636	125.93	98.85
4.449627	0.4	12.	160.1	121.35	95.599035
4.456593	0.4	12.	207.04	118.41	94.669167
4.534137	0.4	12.	200.916239	127.89	98.85
4.494468	0.4	12.	229.865431	169.41	98.85
4.435186	0.4	12.	203.78	193.28	102.620808
4.417829	0.4	12.	206.06	187.39	96.365366
4.562264	0.4	12.	200.19	112.52	99.518694
4.623015	0.4	12.	201.17	102.448144	99.69
4.372014	0.4	12.	167.610654	97.81	99.69
4.479109	0.4	12.	156.19	98.47	97.442602
4.371223	0.4	12.	162.71	104.68	97.164519
4.635781	0.4	12.	160.437068	90.29	99.69
4.425054	0.4	12.	176.07	93.24	95.742288
4.438059	0.4	12.	172.698968	85.72	99.69
4.81411	0.4	12.	158.47	70.35	94.959312
5.104821	0.4	12.	167.086806	57.6	99.69
4.588324	0.4	12.	157.71116	62.18	99.69
6.230289	0.4	12.	144.78	55.174501	99.69
4.460186	0.4	12.	218.12	91.270609	99.69
4.631417	0.4	12.	245.522001	144.89	99.69
4.405919	0.4	12.	233.76	144.57	104.0639
5.570651	0.4	12.	231.48	128.87	97.610664
4.56457	0.4	12.	175.1	152.350466	99.69
4.775692	0.4	12.	187.48	155.95356	101.58
4.901514	0.4	12.	198.24	149.47	98.355308
4.42894	0.4	12.	223.66	124.023652	101.58
4.447489	0.4	12.	240.28	105.171194	101.58
4.545516	0.4	12.	220.4	71.33	98.91879
4.393814	0.4	12.	207.04	72.96	100.342828
4.821309	0.4	12.	216.77005	61.52	101.58
4.573533	0.4	12.	207.04	62.5	98.036722
4.681471	0.4	12.	187.16	60.009915	101.58
4.812252	0.4	12.	177.7	63.48	98.065739
4.599092	0.4	12.	164.99	69.7	103.705203
4.755205	0.4	12.	147.61578	70.02	101.58
4.376339	0.4	12.	218.77	80.193192	102.41
4.57051	0.4	12.	221.425067	110.56	102.41
4.5999	0.4	12.	214.86	101.41	101.265435
5.366639	0.4	12.	254.234441	130.18	102.41
4.447111	0.4	12.	246.47	125.6	106.649449
5.027986	0.4	12.	189.11	140.64	98.076868
4.402997	0.4	12.	184.87	126.58	99.502107
4.472729	0.4	12.	191.39	114.49	98.056509
4.43315	0.4	12.	184.138978	111.54	102.41
4.47722	0.4	12.	172.16	128.87	99.386533
4.397064	0.4	12.	169.295243	137.05	102.41
4.591939	0.4	12.	167.93	144.89	98.106904
4.950523	0.4	12.	163.69	155.68	98.291413
4.696187	0.4	12.	149.02	179.88	98.348212
5.52657	0.4	12.	165.97	189.03	97.864826
4.97783	0.4	12.	162.38	198.27196	103.25
4.421891	0.4	12.	142.83	178.24	107.471257
4.477177	0.4	12.	153.58	107.62	105.981591
4.461827	0.4	12.	148.7	79.125588	103.25
4.677176	0.4	12.	178.68	74.27	98.83407
4.524353	0.4	12.	206.62277	93.89	103.25
4.570456	0.4	12.	234.42	161.976377	103.25
5.042031	0.4	12.	239.584998	152.08	103.25
4.599147	0.4	12.	178.68	203.657365	103.25
5.478502	0.4	12.	177.05	213.920035	103.25
4.622149	0.4	12.	174.602487	192.3	103.25
4.462531	0.4	12.	184.459414	194.26	103.25
4.507432	0.4	12.	189.44	176.61	99.753385
4.418401	0.4	12.	189.44	166.47	99.217789
4.459966	0.4	12.	170.53	168.11	99.647016
4.747733	0.4	12.	160.76	171.37	100.511076
4.387234	0.4	12.	156.84	183.47	102.848152
4.445668	0.4	12.	179.996098	180.86	104.08
4.480239	0.4	12.	168.25	183.8	108.271791
4.569303	0.4	12.	167.93	177.26	101.492432
4.385779	0.4	12.	161.08	177.91	108.337463
4.417617	0.4	12.	174.12	174.97	107.918475
4.516082	0.4	12.	181.844421	169.41	104.08
4.581583	0.4	12.	193.374877	190.66	104.08
4.43031	0.4	12.	223.01	177.036705	104.08
4.707784	0.4	12.	218.44	156.99	105.092055
4.382477	0.4	12.	205.08	155.68	108.00488
4.872748	0.4	12.	208.782674	147.18	104.08
4.433436	0.4	12.	203.226602	138.35	104.08
4.385122	0.4	12.	210.95	125.93	100.81831
4.395897	0.4	12.	212.9	136.205599	104.08
4.465596	0.4	12.	206.06	129.85	107.789369
4.391491	0.4	12.	209.642157	113.51	104.08
4.883114	0.4	12.	200.52	122.01	106.460332
4.420019	0.4	12.	191.028891	121.68	104.08
4.961685	0.4	12.	192.04	131.252226	104.08
4.620843	0.4	12.	178.444311	139.99	104.08
4.490378	0.4	12.	182.59	147.83	107.884952
5.175372	0.4	12.	155.63641	161.57	104.08
4.569833	0.4	12.	168.25	162.22	106.485427
4.384376	0.4	12.	149.02	140.64	102.556372
4.507614	0.4	12.	156.414676	148.16	104.08
4.461042	0.4	12.	164.67	130.83	106.749448
4.493276	0.4	12.	157.82	128.87	100.705918
5.044212	0.4	12.	137.61	119.39	102.640246
4.850897	0.4	12.	149.67	94.227286	104.08
5.093209	0.4	12.	146.09	103.7	100.745316
4.629494	0.4	12.	138.27	66.345087	104.08
4.401982	0.4	12.	182.59	94.012396	104.08
4.446071	0.4	12.	197.59	95.278342	104.08
4.396637	0.4	12.	211.6	85.72	104.966123
4.777978	0.4	12.	213.88	70.02	107.26862
4.73336	0.4	12.	192.7	67.431416	104.08
4.602509	0.4	12.	203.515907	66.43	105.97
8.046511	0.4	12.	204.1	50.900333	105.97
4.675324	0.4	12.	192.7	44.007566	105.97
4.693672	0.4	12.	189.11	53.02	108.674335
4.899363	0.4	12.	179.66	58.25	108.535199
4.60926	0.4	12.	167.93	61.85	109.869525
4.723659	0.4	12.	156.869346	74.93	105.97
4.699021	0.4	12.	162.71	81.47	102.11073
4.720131	0.4	12.	154.89	85.522745	105.97
4.916553	0.4	12.	177.38	80.16	106.374976
4.479585	0.4	12.	187.48	75.084498	105.97
4.514085	0.4	12.	192.008175	84.41	105.97
4.791506	0.4	12.	201.5	86.564636	105.97
4.374763	0.4	12.	208.01	77.87	109.048676
4.373826	0.4	12.	199.843619	75.91	105.97
4.574584	0.4	12.	228.87	85.39	102.169221
4.612519	0.4	12.	223.33	88.66	109.425384
4.778393	0.4	12.	233.11	78.85	110.599313
4.597555	0.4	12.	233.44	74.6	102.176968
4.393486	0.4	12.	225.94	68.66315	105.97
4.658898	0.4	12.	223.33	78.52	110.380219
4.442461	0.4	12.	243.22	96.18	104.647115
4.410191	0.4	12.	238.	100.75	110.214033
6.046012	0.4	12.	251.785022	102.39	105.97
5.486097	0.4	12.	238.98	86.589391	105.97
4.439325	0.4	12.	230.83	93.532654	105.97
4.820372	0.4	12.	245.203324	112.85	105.97
4.674143	0.4	12.	235.39	112.04094	105.97
4.972609	0.4	12.	231.81	121.504159	105.97
4.441987	0.4	12.	239.63	132.14	103.614631
4.397714	0.4	12.	232.46	136.72	108.970709
4.512564	0.4	12.	223.66	133.12	104.095095
4.928161	0.4	12.	226.27	161.57	109.065513
5.004605	0.4	12.	216.663476	168.11	105.97
4.875713	0.4	12.	207.69	176.623117	105.97
5.006834	0.4	12.	201.5	184.729226	105.97
4.534907	0.4	12.	191.72	148.16608	105.97
5.050436	0.4	12.	181.29	132.14	110.861569
4.497619	0.4	12.	168.027861	150.78	105.97
4.556458	0.4	12.	147.72	152.41	101.656003
4.506312	0.4	12.	145.408641	164.51	105.97
4.574166	0.4	12.	169.88	196.55	110.450957
4.395621	0.4	12.	184.87	204.4	109.920945
4.637448	0.4	12.	193.35	201.45	104.47602
4.433553	0.4	12.	189.44	100.75	103.015004
4.87733	0.4	12.	177.38	101.74	101.385374
4.559718	0.4	12.	190.41	93.24	109.254213
4.476952	0.4	12.	183.57	87.02	109.841662
4.508791	0.4	12.	167.6	86.04	110.081948
4.898616	0.4	12.	168.25	75.91	110.123012
4.629624	0.4	12.	174.946019	68.71	105.97
4.54415	0.4	12.	145.213119	112.52	105.97
5.378328	0.4	12.	129.055085	133.45	105.97
4.956906	0.4	12.	140.184007	141.62	105.97
4.403943	0.4	12.	140.55	156.182123	105.97
4.608368	0.4	12.	136.31662	165.16	105.97
4.824746	0.4	12.	126.689864	114.16	106.88
4.433946	0.4	12.	229.85	105.01	108.266769
4.625142	0.4	12.	205.08	101.400752	108.55
4.513057	0.4	12.	177.7	124.62	105.505911
4.382002	0.4	12.	167.6	122.724825	109.38
4.390174	0.4	12.	212.58	121.582212	109.38
4.747216	0.4	12.	222.03	118.079773	109.38
4.388969	0.4	12.	149.02	156.66	113.579646
4.536728	0.4	12.	152.027666	176.93	109.38
5.060453	0.4	12.	160.376583	189.36	109.38
4.498079	0.4	12.	193.76003	139.66	109.38
4.684205	0.4	12.	213.23	146.53	113.891763
4.435361	0.4	12.	179.99	116.515411	109.38
4.40695	0.4	12.	157.5	139.99	108.624681
4.478001	0.4	12.	159.45	148.82	112.932224
4.539987	0.4	12.	150.400033	134.43	110.22
4.532514	0.4	12.	164.99	114.81	105.941092
5.371765	0.4	12.	214.350544	107.29	110.22
4.557103	0.4	12.	216.82	130.470773	110.22
4.406083	0.4	12.	218.395843	139.99	110.22
4.378873	0.4	12.	226.27	140.31	114.104998
4.696219	0.4	12.	221.05	147.83	105.864992
4.404039	0.4	12.	200.52	134.76	113.142663
4.421892	0.4	12.	200.84	145.122299	110.22
4.478144	0.4	12.	191.72	108.009817	110.22
4.800074	0.4	12.	181.94	108.27	114.00502
4.817928	0.4	12.	174.44	108.6	107.603264
4.378281	0.4	12.	172.16	116.12	114.267293
4.404293	0.4	12.	193.67	195.24	112.601894
4.496342	0.4	12.	201.922847	199.82	110.22
4.611047	0.4	12.	213.23	186.09	107.131279
5.025419	0.4	12.	215.84	195.24	105.28745
6.067059	0.4	12.	232.318691	179.88	110.22
4.397493	0.4	12.	221.7	185.829125	110.22
4.657551	0.4	12.	217.14	176.28	113.245644
4.99957	0.4	12.	194.66728	160.26	110.22
4.427167	0.4	12.	191.07	183.077096	110.22
4.532973	0.4	12.	130.444989	105.66	110.22
4.800588	0.4	12.	135.961106	74.6	110.22
4.577764	0.4	12.	168.9	98.389025	110.22
5.57761	0.4	12.	249.41	92.91	112.669546
4.393161	0.4	12.	250.951479	118.41	112.26
4.467398	0.4	12.	240.61	118.41	115.109487
4.764339	0.4	12.	238.65	128.707055	112.26
4.574259	0.4	12.	240.999849	138.03	112.26
4.83463	0.4	12.	247.539555	154.05	112.26
4.642759	0.4	12.	209.97	168.76	113.780948
4.516013	0.4	12.	212.9	158.3	113.399845
4.445584	0.4	12.	183.57	174.594258	113.09
4.693515	0.4	12.	179.01	189.36	110.983722
4.447733	0.4	12.	184.87	185.43	116.904176
4.603012	0.4	12.	197.91	187.07	117.147858
4.402664	0.4	12.	196.93	176.28	110.641409
4.518038	0.4	12.	199.87	169.74	117.141681
4.524954	0.4	12.	202.47	165.82	108.921214
4.467768	0.4	12.	172.330656	154.37	113.09
4.53357	0.4	12.	156.543016	168.43	113.09
4.471992	0.4	12.	157.879852	157.97	113.09
4.4685	0.4	12.	174.12	145.182431	113.09
4.598109	0.4	12.	172.16	135.212493	113.09
4.548698	0.4	12.	150.694477	115.79	113.09
4.517252	0.4	12.	136.64	115.220587	113.09
6.080297	0.4	12.	130.49075	94.87	113.09
4.524945	0.4	12.	144.78	90.617391	113.09
4.459039	0.4	12.	138.717894	83.75	113.09
5.004676	0.4	12.	220.73	99.12	108.708102
4.529892	0.4	12.	218.77	94.54	116.893699
4.779386	0.4	12.	227.57	150.768921	113.09
5.046008	0.4	12.	179.01	160.91	110.426701
5.14707	0.4	12.	137.61	171.37444	114.08
4.860658	0.4	12.	151.96	195.24	118.706025
5.201934	0.4	12.	162.409229	202.43	114.08
4.44089	0.4	12.	203.13	194.91	118.377317
7.030633	0.4	12.	199.87	211.681901	114.08
4.666437	0.4	12.	159.78	114.507113	114.08
4.423602	0.4	12.	160.144503	123.64	114.08
4.501654	0.4	12.	149.35	124.62	110.556609
4.491276	0.4	12.	148.04	129.85	118.469875
4.83498	0.4	12.	138.27	105.99	118.365457
4.40274	0.4	12.	143.81	99.837225	114.08
4.438448	0.4	12.	206.71	118.08	115.550232
4.415226	0.4	12.	186.403832	69.7	114.08
5.549363	0.4	12.	156.84	55.64	111.902164
4.389059	0.4	12.	150.65	82.572265	114.08
5.050461	0.4	12.	232.13	95.85	117.483997
4.378034	0.4	12.	192.932524	128.87	114.08
4.531498	0.4	12.	195.96	87.574152	115.06
4.402518	0.4	12.	175.75	84.026255	115.06
4.526162	0.4	12.	161.41	98.47	118.809088
4.507197	0.4	12.	160.43	104.35	111.688487
4.374648	0.4	12.	152.582929	99.77	115.9
4.500625	0.4	12.	159.13	87.35	114.124719
4.632219	0.4	12.	157.17	65.956157	116.73
4.475591	0.4	12.	167.828868	69.04	116.73
4.851287	0.4	12.	168.25	54.98	116.501041
4.872789	0.4	12.	180.31	63.48	117.900665
4.994236	0.4	12.	212.25	60.391943	116.73
4.420849	0.4	12.	219.75	66.43	115.934457
4.41042	0.4	12.	204.405341	71.33	116.73
4.459243	0.4	12.	218.12	84.08	117.513532
4.88178	0.4	12.	237.02	108.6	115.318603
4.635217	0.4	12.	226.27	127.89	112.456744
4.955349	0.4	12.	246.47	144.57	116.840864
4.575315	0.4	12.	187.48	157.32	117.064281
4.435888	0.4	12.	197.91	152.41	118.911535
4.459253	0.4	12.	228.22	168.11	117.461798
4.372778	0.4	12.	147.07	173.34	119.322956
4.501945	0.4	12.	129.79	127.56	120.67588
5.688152	0.4	12.	123.78674	135.08	116.73
4.726592	0.4	12.	147.07	69.37	112.619644
6.355029	0.4	12.	146.09	52.117565	116.73
4.89716	0.4	12.	203.45	80.696949	116.73
4.395769	0.4	12.	195.68749	103.04	116.73
4.370528	0.4	12.	204.1	109.91	112.563615
4.642359	0.4	12.	199.54	109.91	121.300024
4.395523	0.4	12.	196.93	115.79	114.605302
4.739134	0.4	12.	205.73	102.39	118.968277
4.397004	0.4	12.	166.807005	109.26	116.73
4.871195	0.4	12.	234.42	143.949288	116.73
6.181081	0.4	12.	143.29657	147.18	116.73
4.724693	0.4	12.	137.90148	125.6	116.73
5.896205	0.4	12.	224.436171	111.54	117.87
4.444856	0.4	12.	215.19	102.72	119.358429
4.394262	0.4	12.	251.04	134.1	116.602084
4.77173	0.4	12.	253.65	126.58	121.591009
4.395603	0.4	12.	179.66	152.492919	117.87
4.80962	0.4	12.	164.99	141.3	114.625724
4.953325	0.4	12.	186.5	124.62	121.481134
4.437534	0.4	12.	188.13	117.43	114.364364
4.775687	0.4	12.	189.11	112.2	122.346404
4.384962	0.4	12.	175.1	93.89	115.563068
5.304166	0.4	12.	144.13	118.41	120.495484
4.396947	0.4	12.	166.527588	90.95	117.87
4.979069	0.4	12.	207.476223	185.76	117.87
4.552766	0.4	12.	188.641245	207.67	117.87
4.45845	0.4	12.	189.76	177.375282	118.93
4.720553	0.4	12.	168.58	169.09	114.667499
4.479708	0.4	12.	164.178304	154.05	118.93
4.395401	0.4	12.	235.39	162.897479	118.93
4.41821	0.4	12.	207.04	90.62	114.771089
4.49791	0.4	12.	149.751617	108.27	118.93
5.471378	0.4	12.	143.530205	76.89	118.93
5.02689	0.4	12.	178.36	199.16	115.538476
4.786675	0.4	12.	175.1	207.936733	118.93
4.466784	0.4	12.	173.79	192.3	122.84952
4.552198	0.4	12.	163.69	196.55	123.05141
4.651507	0.4	12.	141.53	182.655645	118.93
4.685189	0.4	12.	173.14	126.336632	118.93
4.407631	0.4	12.	239.387649	152.74	118.93
4.534408	0.4	12.	178.36	73.62	116.080631
4.435991	0.4	12.	183.24	97.127218	119.76
4.417287	0.4	12.	212.890184	71.66	119.76
4.454758	0.4	12.	212.25	87.35	123.645362
4.676936	0.4	12.	208.67	150.12	123.915069
4.514741	0.4	12.	204.950078	158.3	119.76
4.838168	0.4	12.	222.182446	157.97	119.76
4.383575	0.4	12.	178.03	170.344413	119.76
4.45723	0.4	12.	178.36	179.573712	119.76
4.982517	0.4	12.	173.188678	161.89	119.76
4.683797	0.4	12.	161.08	173.392048	119.76
4.68135	0.4	12.	158.47	162.55	121.950326
5.016153	0.4	12.	167.6	179.88	122.947189
4.520656	0.4	12.	172.16	185.76	116.678094
4.512132	0.4	12.	156.863931	184.13	119.76
4.405946	0.4	12.	161.41	131.49	121.86709
4.779046	0.4	12.	197.59	121.68	123.439408
5.168507	0.4	12.	206.39	127.585682	119.76
4.841309	0.4	12.	207.701342	140.31	119.76
4.397751	0.4	12.	187.601435	134.43	119.76
4.392616	0.4	12.	181.29	140.97	116.863963
4.406843	0.4	12.	184.55	147.51	123.523958
4.578326	0.4	12.	188.46	167.78	117.658498
4.598239	0.4	12.	223.66	174.64	121.838018
4.541176	0.4	12.	151.63	90.852266	119.76
4.787944	0.4	12.	194.	95.658954	122.79
4.530899	0.4	12.	189.613685	85.39	122.79
4.517517	0.4	12.	178.68	87.491707	122.79
4.542264	0.4	12.	155.375753	81.79	122.79
4.483681	0.4	12.	165.64	62.595822	122.79
4.550787	0.4	12.	173.841584	78.85	122.79
4.490817	0.4	12.	207.69	78.2	125.023655
4.422494	0.4	12.	223.33	78.52	123.179737
5.174639	0.4	12.	227.24	66.091106	122.79
4.505848	0.4	12.	234.09	72.64	126.824351
4.828606	0.4	12.	243.785171	77.54	122.79
4.595782	0.4	12.	230.83	83.75	118.875551
4.587558	0.4	12.	233.11	88.33	126.677044
4.451362	0.4	12.	224.96	89.779776	122.79
4.447459	0.4	12.	223.886666	99.12	122.79
4.542182	0.4	12.	240.28	100.275486	122.79
4.469156	0.4	12.	244.85	112.52	122.299387
4.897898	0.4	12.	233.243844	116.12	122.79
5.094672	0.4	12.	228.87	129.567271	122.79
4.495894	0.4	12.	243.54	132.373473	122.79
4.523034	0.4	12.	218.238206	167.12	122.79
4.504009	0.4	12.	192.04	142.28	118.394767
4.371108	0.4	12.	179.99	131.202206	122.79
4.468422	0.4	12.	159.78	72.40578	122.79
4.46545	0.4	12.	191.07	77.21	119.042727
4.590596	0.4	12.	201.535027	89.64	122.79
4.644033	0.4	12.	183.24	78.52	123.676677
5.330832	0.4	12.	178.68	51.445496	122.79
5.640139	0.4	12.	205.41	53.636788	122.79
4.409292	0.4	12.	200.84	62.942292	122.79
4.698876	0.4	12.	177.7	104.1787	122.79
5.238392	0.4	12.	126.972887	115.79	122.79
4.978454	0.4	12.	135.01	139.907538	122.79
4.468531	0.4	12.	131.456589	149.14	122.79
4.979315	0.4	12.	147.39	163.260293	122.79
4.424932	0.4	12.	169.523949	147.83	122.79
5.506562	0.4	12.	172.81	69.04	125.827147
4.436316	0.4	12.	164.99	82.503227	122.79
5.534466	0.4	12.	137.94	61.261327	122.79
4.517795	0.4	12.	250.71	100.1	119.860884
4.555243	0.4	12.	182.59	201.13	124.610457
4.416038	0.4	12.	147.39	154.175035	125.44
4.663762	0.4	12.	210.95	175.95	121.077152
4.411086	0.4	12.	210.95	182.49	129.34706
4.415948	0.4	12.	219.75	182.16	126.774563
5.210957	0.4	12.	212.58	120.04	123.439776
5.239744	0.4	12.	225.94	140.31	124.512119
4.959962	0.4	12.	157.82	141.3	123.995572
4.638517	0.4	12.	158.47	150.97282	125.44
4.523539	0.4	12.	188.128871	162.87	125.44
5.328066	0.4	12.	198.89	144.57	125.629568
4.576753	0.4	12.	169.88	123.31	128.085499
4.612455	0.4	12.	169.88	113.287899	125.44
5.459558	0.4	12.	217.79	129.668615	127.34
6.025041	0.4	12.	245.82	121.734191	127.34
4.630065	0.4	12.	242.24	155.210563	127.34
4.425496	0.4	12.	213.88	167.78	131.12224
4.485286	0.4	12.	208.99	165.82	123.373794
4.404161	0.4	12.	183.57	182.155922	127.34
4.680266	0.4	12.	187.48	197.2	131.626074
4.427579	0.4	12.	191.07	191.97	124.300182
4.720034	0.4	12.	191.39	205.063906	127.34
4.442137	0.4	12.	197.656588	197.53	127.34
5.217144	0.4	12.	215.19	192.780207	127.34
4.373823	0.4	12.	205.019489	191.97	127.34
5.953768	0.4	12.	254.230046	91.93	127.34
4.431391	0.4	12.	244.19	91.6	123.679622
5.309966	0.4	12.	191.39	48.514646	127.34
4.490746	0.4	12.	192.37	59.23	131.318849
4.511422	0.4	12.	186.83	57.27	123.598056
4.415374	0.4	12.	199.21	73.62	123.883403
4.662014	0.4	12.	193.057499	67.73	127.34
4.819868	0.4	12.	201.82	59.23	131.382739
4.416643	0.4	12.	170.53	56.604083	127.34
6.06625	0.4	12.	150.	58.438341	127.34
5.240828	0.4	12.	137.096492	72.96	127.34
4.429413	0.4	12.	179.33	124.95	129.109297
4.643919	0.4	12.	152.93	180.306192	127.34
4.465578	0.4	12.	196.93	185.43	126.29112
4.868107	0.4	12.	180.31	190.66	129.840434
5.227461	0.4	12.	179.254121	159.28	128.17
4.806457	0.4	12.	157.82	190.34	126.924754
4.47329	0.4	12.	203.45	168.76	132.232814
5.115129	0.4	12.	202.287117	177.59	128.17
4.543338	0.4	12.	193.277148	170.72	128.17
4.823389	0.4	12.	199.21	161.336237	128.17
4.600304	0.4	12.	191.2859	154.7	128.17
4.417312	0.4	12.	174.12	150.12	130.669203
4.67556	0.4	12.	166.712135	155.35	128.17
4.431941	0.4	12.	151.96	171.183032	128.17
4.788006	0.4	12.	153.26	156.66	132.354976
8.378829	0.4	12.	134.122773	160.59	128.17
4.721411	0.4	12.	137.623788	114.81	128.17
4.490652	0.4	12.	224.31	122.01	126.805166
4.39785	0.4	12.	215.84	159.6	127.683945
4.414508	0.4	12.	231.48	165.724964	128.17
4.642975	0.4	12.	229.85	149.47	126.445494
4.389644	0.4	12.	225.94	158.769011	128.17
4.679781	0.4	12.	219.42	151.064491	128.17
4.586269	0.4	12.	216.727058	141.3	128.17
4.796518	0.4	12.	180.31	116.45	124.26355
4.37074	0.4	12.	171.51	103.04	129.820702
4.665905	0.4	12.	186.641985	101.74	128.17
4.490819	0.4	12.	216.49	94.603916	128.17
4.475775	0.4	12.	149.35	144.57	127.546947
4.468584	0.4	12.	147.590714	86.37	128.17
4.981359	0.4	12.	138.726817	89.97	128.17
4.661885	0.4	12.	231.655407	104.02	128.17
4.491338	0.4	12.	218.040262	110.56	128.17
4.459889	0.4	12.	235.536919	124.29	128.17
4.602808	0.4	12.	154.56	132.389847	128.17
4.541216	0.4	12.	220.73	70.932612	128.17
4.48269	0.4	12.	143.81	108.057696	129.99
4.917686	0.4	12.	135.01	105.01	132.917515
4.503413	0.4	12.	157.5	115.14	125.565059
4.375451	0.4	12.	158.8	122.66	134.341134
4.37866	0.4	12.	152.61	123.31	126.989705
4.777973	0.4	12.	172.16	138.35	126.749988
7.121021	0.4	12.	255.093492	110.24	129.99
4.416581	0.4	12.	182.92	172.68	126.750982
4.606669	0.4	12.	160.1	103.04	127.559818
4.5806	0.4	12.	156.84	89.64	127.395581
6.258249	0.4	12.	122.716132	129.53	132.71
4.677015	0.4	12.	134.68	123.209932	132.71
4.423237	0.4	12.	132.73	132.47	137.06233
4.500689	0.4	12.	164.01	115.076443	132.71
5.33884	0.4	12.	212.25	58.836598	132.71
4.636691	0.4	12.	219.1	67.08	136.871856
4.827799	0.4	12.	236.851477	81.79	132.71
4.734239	0.4	12.	239.883411	91.27	132.71
5.017609	0.4	12.	247.365639	84.41	132.71
4.437024	0.4	12.	233.11	109.91	136.094771
4.533715	0.4	12.	227.666269	128.54	132.71
4.652142	0.4	12.	232.13	120.7	136.734846
5.006476	0.4	12.	235.39	133.78	130.090914
4.570188	0.4	12.	233.76	143.717409	132.71
4.521904	0.4	12.	200.19	152.08	131.981083
4.389131	0.4	12.	220.861618	173.34	133.55
4.394783	0.4	12.	197.66757	135.08	133.55
4.494801	0.4	12.	176.07	90.29	131.146751
4.838903	0.4	12.	171.51	95.52	137.603644
4.73674	0.4	12.	166.721079	88.	133.55
4.808408	0.4	12.	162.06	97.49	136.91489
4.780252	0.4	12.	171.84	111.87	137.338099
4.392946	0.4	12.	180.31	114.975641	133.55
4.376486	0.4	12.	188.79	116.78	130.822161
4.493448	0.4	12.	184.87	126.58	136.004869
4.442746	0.4	12.	192.04	127.89	130.776646
5.04293	0.4	12.	207.36	106.64	129.769727
4.379115	0.4	12.	203.78	114.840501	133.55
4.713469	0.4	12.	223.66	114.49	138.042102
4.543594	0.4	12.	214.768322	117.43	133.55
4.54652	0.4	12.	217.79	125.28	138.006187
4.631146	0.4	12.	206.06	123.64	131.415342
4.408971	0.4	12.	195.96	115.79	137.593114
5.014762	0.4	12.	187.16	109.58	137.197398
4.701897	0.4	12.	195.3	106.64	132.37812
4.676622	0.4	12.	208.67	97.026735	133.55
4.655338	0.4	12.	217.546951	102.72	133.55
4.383245	0.4	12.	198.89	98.47	130.27282
4.484227	0.4	12.	144.78	119.716775	133.55
4.548889	0.4	12.	144.13	139.33	134.866762
4.592191	0.4	12.	141.85	148.16	132.251051
4.38529	0.4	12.	164.99	140.341157	133.55
4.677386	0.4	12.	141.512148	97.81	133.55
4.835959	0.4	12.	197.26	77.211248	133.55
4.446745	0.4	12.	203.45	85.06	130.984734
4.412938	0.4	12.	185.2	63.48	134.538507
4.485086	0.4	12.	177.38	58.983764	133.55
4.410062	0.4	12.	151.96	71.66	129.758523
4.407327	0.4	12.	160.1	68.79192	133.55
4.49602	0.4	12.	186.83	159.293768	135.06
4.560006	0.4	12.	183.204319	167.78	135.06
4.439615	0.4	12.	185.85	176.60558	135.06
5.00167	0.4	12.	166.95	171.256776	135.06
4.899725	0.4	12.	161.08	159.28	139.952148
4.517925	0.4	12.	174.253381	181.18	135.06
4.435021	0.4	12.	175.42	169.74	130.981311
4.467337	0.4	12.	208.67	146.142303	135.06
4.551817	0.4	12.	208.34	156.01	133.743071
4.529508	0.4	12.	182.92	139.99	132.279863
4.60167	0.4	12.	219.078086	86.37	135.06
4.485049	0.4	12.	209.64	88.98	138.333587
4.673324	0.4	12.	151.96	100.419681	135.06
4.664883	0.4	12.	158.062243	108.27	135.06
4.390254	0.4	12.	187.81	92.91	130.732915
4.370844	0.4	12.	181.61	90.95	138.568634
4.716027	0.4	12.	148.197432	78.85	135.06
4.481472	0.4	12.	178.943376	70.02	135.9
4.502553	0.4	12.	189.430177	71.66	135.9
4.40221	0.4	12.	207.04	70.02	131.956199
4.735255	0.4	12.	212.88776	137.37	135.9
4.376571	0.4	12.	218.270846	146.2	135.9
4.427531	0.4	12.	183.112189	148.82	135.9
4.478363	0.4	12.	173.219598	161.57	135.9
4.373104	0.4	12.	157.675681	173.34	135.9
4.78793	0.4	12.	163.04	180.86	139.895626
5.144832	0.4	12.	161.811118	195.24	135.9
5.215635	0.4	12.	174.77	200.15	130.704003
4.516757	0.4	12.	172.49	190.34	137.907458
4.852716	0.4	12.	201.424373	190.99	135.9
5.174155	0.4	12.	235.39	155.629411	135.9
4.49011	0.4	12.	230.635814	98.79	135.9
4.372321	0.4	12.	149.773701	128.87	135.9
5.060268	0.4	12.	141.2	125.93	140.805315
4.421614	0.4	12.	165.043761	130.18	135.9
4.448696	0.4	12.	148.7	111.87	139.656212
5.331716	0.4	12.	154.56	50.125577	135.9
4.375937	0.4	12.	142.369218	57.93	135.9
4.999495	0.4	12.	170.21	54.	138.271543
4.612974	0.4	12.	142.18	73.95	140.326129
4.683533	0.4	12.	138.59	80.81	134.491322
4.386986	0.4	12.	145.11	66.75	134.6195
4.374903	0.4	12.	159.45	60.21	140.218577
4.605905	0.4	12.	134.03	86.7	140.476745
6.648384	0.4	12.	127.008648	96.83	135.9
4.741264	0.4	12.	130.77	72.094406	135.9
4.965698	0.4	12.	242.879552	110.24	135.9
4.429947	0.4	12.	216.49	77.87	132.683697
4.446001	0.4	12.	207.36	130.18	138.751873
4.905809	0.4	12.	180.31	136.06	143.651881
5.201367	0.4	12.	179.99	81.79	133.814621
4.397485	0.4	12.	188.314737	80.16	138.93
4.515192	0.4	12.	208.99	77.54	137.750073
4.475307	0.4	12.	222.36	96.043625	138.93
5.076226	0.4	12.	246.54952	100.43	138.93
4.537713	0.4	12.	175.75	75.58	142.753872
4.495549	0.4	12.	169.23	77.54	134.728116
5.071689	0.4	12.	158.47	84.002911	138.93
4.648636	0.4	12.	168.9	84.08	141.968558
4.980954	0.4	12.	229.85	71.353025	138.93
4.495182	0.4	12.	228.55	81.47252	138.93
4.590993	0.4	12.	232.686928	89.97	138.93
5.423002	0.4	12.	244.52	127.677746	138.93
4.817678	0.4	12.	167.27	151.1	138.575585
4.862777	0.4	12.	162.38	74.93	142.058823
4.453284	0.4	12.	168.886818	68.71	138.93
4.843126	0.4	12.	196.050233	86.37	138.93
4.450791	0.4	12.	231.110271	134.43	140.59
4.407964	0.4	12.	225.94	142.28	138.562978
4.400096	0.4	12.	215.613114	176.93	140.59
4.717106	0.4	12.	194.	143.26	137.436026
4.464623	0.4	12.	201.5	148.203704	140.59
4.516037	0.4	12.	191.39	166.14	139.483202
4.396195	0.4	12.	194.24392	174.97	140.59
4.920873	0.4	12.	154.920806	151.1	140.59
4.389787	0.4	12.	156.557142	139.99	140.59
4.401804	0.4	12.	146.41	164.51	136.56146
4.636503	0.4	12.	164.01	118.74	144.181835
4.410876	0.4	12.	179.01	97.49	144.612418
4.53252	0.4	12.	191.72	98.47	137.574805
4.645786	0.4	12.	239.3	118.41	142.383056
4.406292	0.4	12.	170.53	121.35	137.445643
4.750432	0.4	12.	208.99	121.129305	140.59
5.072695	0.4	12.	189.76	59.816765	142.49
4.825244	0.4	12.	200.52	58.25	144.736578
5.071971	0.4	12.	209.780106	61.85	142.49
4.584392	0.4	12.	200.52	66.1	139.435857
8.024666	0.4	12.	192.37	46.457425	142.49
4.386424	0.4	12.	150.98	90.95	138.409435
5.066587	0.4	12.	247.78	89.33188	142.49
4.442775	0.4	12.	249.89156	117.76	142.49
4.430907	0.4	12.	212.587969	168.76	142.49
4.562017	0.4	12.	205.763391	161.89	142.49
4.664089	0.4	12.	181.124132	185.43	142.49
4.376751	0.4	12.	185.85	178.24	145.970892
4.550975	0.4	12.	150.65	175.268236	142.49
5.845481	0.4	12.	188.46	193.844193	142.49
4.419968	0.4	12.	190.74	183.14	139.6771
4.400427	0.4	12.	206.06	185.248687	142.49
4.733137	0.4	12.	175.75	143.91	138.289007
4.375729	0.4	12.	177.05	176.93	143.652218
4.416181	0.4	12.	164.99	141.863131	142.49
6.104169	0.4	12.	142.294668	154.05	142.49
4.373014	0.4	12.	178.016095	125.6	142.49
4.533224	0.4	12.	220.4	135.528624	142.49
4.717168	0.4	12.	221.683825	76.56	143.93
4.592042	0.4	12.	145.76	82.667744	143.93
4.40763	0.4	12.	143.81	92.136657	143.93
4.793348	0.4	12.	174.77	149.47	147.932799
4.4078	0.4	12.	170.467085	157.97	143.93
4.598639	0.4	12.	196.61	184.78	147.101345
4.700232	0.4	12.	196.61	158.635305	143.93
4.568787	0.4	12.	202.653615	176.28	143.93
4.640304	0.4	12.	198.24	169.09	148.304279
4.819636	0.4	12.	216.82	158.62	140.356038
5.049782	0.4	12.	229.135536	157.32	143.93
4.503486	0.4	12.	222.03	150.920526	143.93
4.668005	0.4	12.	187.16	102.39	145.572709
4.975022	0.4	12.	171.18	103.705365	143.93
4.378942	0.4	12.	139.9	115.47	139.624888
5.061976	0.4	12.	137.94	119.72	148.831815
4.482878	0.4	12.	223.99	105.33	139.891544
4.621528	0.4	12.	148.7	145.246818	145.74
4.667922	0.4	12.	151.574882	159.93	145.74
4.411182	0.4	12.	155.53224	123.97	145.74
4.508341	0.4	12.	156.19	113.263334	145.74
4.475847	0.4	12.	141.910531	106.97	145.74
5.34383	0.4	12.	131.248342	105.66	145.74
4.496449	0.4	12.	134.983627	96.5	145.74
4.40529	0.4	12.	250.840574	108.93	145.74
4.573423	0.4	12.	229.85	117.406522	145.74
4.76145	0.4	12.	210.62	111.54	141.75134
4.437888	0.4	12.	204.1	75.914853	145.74
5.126817	0.4	12.	224.31	121.03	152.837107
4.896307	0.4	12.	233.712515	90.29	148.47
4.486881	0.4	12.	186.18	84.41	146.972596
4.41953	0.4	12.	228.255823	108.6	148.47
4.641592	0.4	12.	221.38	71.33	152.121086
4.459921	0.4	12.	224.900933	85.39	148.47
4.886764	0.4	12.	197.389236	66.75	148.47
4.533559	0.4	12.	156.19	92.800761	148.47
4.395301	0.4	12.	178.68	161.57	144.305674
6.440299	0.4	12.	128.16	128.840958	148.47
4.572462	0.4	12.	232.662517	127.24	148.47
4.547973	0.4	12.	228.071404	138.03	148.47
4.394515	0.4	12.	248.89367	124.62	148.47
4.611931	0.4	12.	196.5217	93.24	148.47
5.558506	0.4	12.	147.930865	74.93	150.36
4.533577	0.4	12.	151.63	105.01	146.801102
4.505018	0.4	12.	155.21	108.6	154.694641
4.543861	0.4	12.	163.097437	104.35	150.36
4.583421	0.4	12.	204.43	86.04	146.408924
4.501243	0.4	12.	211.6	88.66	153.786498
4.637961	0.4	12.	215.19	83.43	146.39314
5.382917	0.4	12.	175.42	62.83	146.383691
4.612059	0.4	12.	181.61	55.412775	150.36
4.526624	0.4	12.	161.08	68.06	154.215903
4.430414	0.4	12.	186.704182	158.95	150.36
4.55867	0.4	12.	187.16	170.07	151.317845
4.937471	0.4	12.	208.67	156.34	154.001487
4.606725	0.4	12.	209.64	149.8	146.868617
4.499622	0.4	12.	217.14	170.39	150.646997
4.794178	0.4	12.	172.16	186.028096	150.36
4.564068	0.4	12.	161.73	153.103691	150.36
4.54534	0.4	12.	172.299327	173.01	150.36
4.584488	0.4	12.	161.08	165.49	147.300514
4.592816	0.4	12.	145.76	97.16	151.820685
4.46288	0.4	12.	167.6	96.18	148.641907
4.644797	0.4	12.	175.436399	90.62	150.36
5.015356	0.4	12.	151.96	64.538642	150.36
4.814859	0.4	12.	215.84	61.812463	150.36
4.735026	0.4	12.	238.181436	81.14	150.36
4.74071	0.4	12.	209.32	94.22	146.46895
5.251437	0.4	12.	217.79	128.869004	150.36
4.416171	0.4	12.	218.77	116.12	146.086745
4.630739	0.4	12.	197.91	132.14	146.286068
5.119303	0.4	12.	170.78501	138.35	150.36
4.48587	0.4	12.	153.91	165.49	153.50739
6.122936	0.4	12.	138.893068	139.99	150.36
4.421811	0.4	12.	151.96	84.394887	150.36
4.478301	0.4	12.	209.64	123.419231	150.36
4.409242	0.4	12.	202.15	119.39	146.477142
4.742126	0.4	12.	220.07	142.750028	150.36
4.535522	0.4	12.	206.39	109.984614	150.36
4.736379	0.4	12.	216.49	107.62	149.023453
4.664769	0.4	12.	209.97	102.39	154.752709
4.438521	0.4	12.	197.26	106.64	146.164175
4.84684	0.4	12.	188.79	117.43	154.638294
4.618032	0.4	12.	186.83	124.95	145.765907
4.560511	0.4	12.	174.850388	116.45	150.36
4.671905	0.4	12.	183.57	112.2	147.496609
4.551765	0.4	12.	200.84	102.06	153.231129
4.828691	0.4	12.	219.1	93.24	147.578898
4.976116	0.4	12.	237.35	144.89	146.041683
5.423711	0.4	12.	247.035656	137.7	150.36
4.895281	0.4	12.	240.28	130.51	154.966031
4.706391	0.4	12.	241.26	96.18	147.477749
5.143825	0.4	12.	187.16	143.26	147.005361
4.834238	0.4	12.	200.248727	151.76	150.36
4.672776	0.4	12.	161.08	173.66	153.849321
4.793503	0.4	12.	246.208209	114.16	151.8
4.47153	0.4	12.	236.37	111.777335	151.8
4.907865	0.4	12.	185.2	65.271546	151.8
4.748573	0.4	12.	216.82	78.52	156.166382
4.433884	0.4	12.	147.07	128.073506	151.8
4.467781	0.4	12.	160.43	132.47	147.845718
4.746038	0.4	12.	173.14	162.639154	151.8
4.556555	0.4	12.	218.040997	153.07	151.8
4.493026	0.4	12.	189.76	79.18	157.57385
5.04214	0.4	12.	177.7	82.77	159.007245
4.436543	0.4	12.	171.51	77.21	151.002913
4.377695	0.4	12.	166.62	75.91	158.569194
4.441439	0.4	12.	166.3	87.174098	154.3
4.624095	0.4	12.	159.13	83.75	158.895666
4.547646	0.4	12.	157.82	77.21	150.5166
4.390979	0.4	12.	170.53	67.318587	154.3
4.658959	0.4	12.	247.129132	101.08	154.3
4.511935	0.4	12.	229.53	96.732271	154.3
4.426079	0.4	12.	164.43812	160.91	154.3
4.386087	0.4	12.	197.26	88.	157.950107
4.604464	0.4	12.	195.63	81.14	150.028084
4.410828	0.4	12.	205.323751	81.14	154.3
4.518443	0.4	12.	230.5	75.91	154.210767
4.484582	0.4	12.	211.27	137.311029	154.3
4.411963	0.4	12.	206.71	129.85	156.414199
4.37125	0.4	12.	200.52	123.117755	154.3
5.119168	0.4	12.	191.72	127.282829	154.3
6.282315	0.4	12.	180.706556	132.47	154.3
4.763708	0.4	12.	170.53	129.85	158.048393
4.629973	0.4	12.	162.71	124.510303	154.3
4.408335	0.4	12.	151.811576	117.43	154.3
4.372376	0.4	12.	137.64694	127.56	154.3
4.52311	0.4	12.	150.149294	137.05	154.3
4.533219	0.4	12.	173.47	110.24	157.518571
4.405643	0.4	12.	186.18	92.91	152.275056
4.61017	0.4	12.	201.82	112.52	158.291285
4.444211	0.4	12.	219.399289	100.43	154.3
5.219045	0.4	12.	227.9	85.06	158.510148
4.710622	0.4	12.	243.805189	88.33	154.3
4.449866	0.4	12.	236.74876	149.8	154.3
4.509051	0.4	12.	231.81	161.76093	154.3
4.510567	0.4	12.	186.078006	149.8	154.3
5.231744	0.4	12.	208.259598	71.	154.3
4.66373	0.4	12.	182.59	76.56	150.351369
4.741994	0.4	12.	178.68	71.66	157.388247
5.019319	0.4	12.	161.41	94.87	157.210714
4.487178	0.4	12.	178.68	105.33	151.849369
4.378794	0.4	12.	193.647769	108.93	154.3
4.958142	0.4	12.	161.67391	138.68	155.97
4.574539	0.4	12.	167.93	149.35505	155.97
4.49343	0.4	12.	198.24	140.64	151.871325
4.389788	0.4	12.	194.98	145.87	159.369037
4.560344	0.4	12.	205.757985	145.87	155.97
4.558707	0.4	12.	229.90683	143.58	155.97
4.37862	0.4	12.	220.682792	164.18	155.97
4.588688	0.4	12.	212.25	176.797732	155.97
4.604197	0.4	12.	189.889263	138.68	155.97
4.528218	0.4	12.	164.01	114.236639	155.97
4.478387	0.4	12.	154.24	154.687381	155.97
4.756334	0.4	12.	155.87	145.87	151.933096
4.641955	0.4	12.	143.81	134.1	160.305055
4.576559	0.4	12.	170.86	120.37	158.969006
4.631147	0.4	12.	175.75	98.14	157.049122
4.576367	0.4	12.	192.7	97.968956	155.97
4.598183	0.4	12.	237.35	120.7	157.588576
4.47558	0.4	12.	213.388162	117.1	155.97
4.416554	0.4	12.	208.01	61.3801	157.79
4.394732	0.4	12.	199.87	64.79	159.995785
5.270668	0.4	12.	189.11	54.001699	157.79
4.401794	0.4	12.	199.54	53.074849	157.79
5.162077	0.4	12.	210.95	166.41595	157.79
4.373369	0.4	12.	178.793371	174.64	157.79
4.704271	0.4	12.	169.614185	178.57	157.79
4.42333	0.4	12.	178.03	184.040165	157.79
5.356638	0.4	12.	187.81	187.046328	157.79
4.391907	0.4	12.	205.41	183.021461	157.79
4.537668	0.4	12.	175.950476	143.58	157.79
4.687162	0.4	12.	150.65	93.56	160.00395
4.682614	0.4	12.	223.99	131.721833	157.79
4.428952	0.4	12.	186.83	103.987782	159.68
4.434903	0.4	12.	182.59	96.83	164.006923
4.4995	0.4	12.	166.551858	103.37	159.68
5.236626	0.4	12.	172.49	150.12	164.878393
4.666674	0.4	12.	201.17	166.8	164.26105
4.476584	0.4	12.	201.17	157.942446	159.68
5.029658	0.4	12.	199.21	174.32	157.971159
4.637244	0.4	12.	197.91	182.49	164.104175
4.964367	0.4	12.	238.	102.780995	159.68
4.882297	0.4	12.	223.66	76.89	162.830906
4.467681	0.4	12.	144.78	83.774132	159.68
5.48529	0.4	12.	138.072272	91.27	159.68
4.456141	0.4	12.	177.05	154.7	156.603839
4.671486	0.4	12.	187.939117	175.62	159.68
4.410356	0.4	12.	194.98	162.87	155.406523
6.042109	0.4	12.	221.05	158.95	165.672373
4.555005	0.4	12.	214.249834	149.8	159.68
4.723775	0.4	12.	222.36	110.56	157.047467
4.671475	0.4	12.	179.66	125.6	164.261644
5.031462	0.4	12.	157.17	114.16	163.342371
4.400098	0.4	12.	152.61	123.31	164.521021
4.441492	0.4	12.	249.220881	111.22	162.64
4.687311	0.4	12.	146.838185	113.51	162.64
4.521417	0.4	12.	133.05	101.044708	162.64
5.484369	0.4	12.	130.311001	120.7	162.64
4.415515	0.4	12.	132.642867	138.03	162.64
4.391757	0.4	12.	159.321895	158.3	162.64
4.710666	0.4	12.	223.99	123.981516	164.15
5.734213	0.4	12.	237.694924	90.62	164.15
4.665007	0.4	12.	216.713137	85.39	164.15
4.375696	0.4	12.	199.035489	94.54	164.15
4.652362	0.4	12.	192.37	61.521005	164.15
4.938978	0.4	12.	165.64	110.89	168.818611
4.513958	0.4	12.	178.908739	137.7	164.15
5.089381	0.4	12.	159.657737	145.55	164.15
5.182644	0.4	12.	175.059325	160.59	164.15
5.041281	0.4	12.	186.18	164.51	159.329265
5.077558	0.4	12.	206.71	175.124222	164.98
4.466178	0.4	12.	135.009581	111.87	164.98
4.971481	0.4	12.	145.08929	147.51	164.98
5.215271	0.4	12.	147.72	159.93	160.920453
4.725486	0.4	12.	232.13	141.782114	164.98
5.131297	0.4	12.	231.578186	130.83	164.98
4.575868	0.4	12.	228.55	115.14	163.262062
4.391225	0.4	12.	192.04	154.7	163.562261
4.728075	0.4	12.	187.81	143.91	165.056363
4.40297	0.4	12.	204.76	151.1	164.100245
4.735676	0.4	12.	213.88	124.62	161.520194
4.716429	0.4	12.	211.6	103.7	165.149447
4.371257	0.4	12.	214.86	115.604403	165.82
4.40293	0.4	12.	207.69	89.64	161.921529
4.481874	0.4	12.	201.5	80.48	163.922255
4.614437	0.4	12.	166.3	94.13819	165.82
4.41845	0.4	12.	175.42	89.450362	165.82
4.547179	0.4	12.	142.83	97.81	167.370666
4.580328	0.4	12.	159.45	104.168979	165.82
4.40832	0.4	12.	152.28	85.702267	165.82
4.39137	0.4	12.	183.24	63.122202	165.82
4.634175	0.4	12.	165.64	167.45	161.36012
4.473113	0.4	12.	171.143548	173.66	165.82
4.420311	0.4	12.	180.31	169.985122	165.82
4.521573	0.4	12.	189.44	170.07	167.771268
4.611229	0.4	12.	209.64	158.919888	165.82
4.614903	0.4	12.	221.451771	142.28	165.82
5.41704	0.4	12.	168.797417	139.99	165.82
4.976319	0.4	12.	217.47	93.56	169.26033
4.387872	0.4	12.	205.08	98.47	169.540356
4.907066	0.4	12.	194.827445	103.37	165.82
4.458119	0.4	12.	189.76	122.99	163.776857
4.650674	0.4	12.	183.9	115.47	162.804942
4.568775	0.4	12.	149.67	106.31	170.111983
4.472973	0.4	12.	217.79	67.810292	165.82
4.724732	0.4	12.	195.96	114.275502	167.56
4.727815	0.4	12.	202.47	121.03	163.583247
4.678951	0.4	12.	210.826591	144.57	167.56
4.382769	0.4	12.	157.17	131.81	171.660046
5.461568	0.4	12.	161.73	178.880617	167.56
4.738679	0.4	12.	157.5	168.836067	167.56
4.39091	0.4	12.	240.28	112.52	164.291423
5.430759	0.4	12.	234.74	112.52	172.779905
6.578136	0.4	12.	249.652764	122.01	167.56
4.569274	0.4	12.	241.497899	131.16	167.56
4.919494	0.4	12.	190.09	70.926259	167.56
4.432019	0.4	12.	176.4	81.79	172.419698
4.7449	0.4	12.	170.21	67.420395	170.13
4.410897	0.4	12.	164.99	74.93	173.897041
4.634138	0.4	12.	158.8	80.16	169.542122
4.455766	0.4	12.	187.48	82.228913	170.13
4.464583	0.4	12.	200.84	73.590933	170.13
4.612692	0.4	12.	207.36	83.703062	170.13
4.392189	0.4	12.	216.49	79.5	172.891791
4.73858	0.4	12.	231.81	83.1	174.493362
4.426604	0.4	12.	225.94	91.93	173.936944
4.395974	0.4	12.	230.18	99.312113	170.13
4.63156	0.4	12.	239.3	97.16	174.229807
4.624368	0.4	12.	246.47	103.7	173.645794
4.621054	0.4	12.	216.82	134.788204	170.13
4.529692	0.4	12.	210.3	126.235762	170.13
5.376488	0.4	12.	194.	134.76	165.56204
4.386644	0.4	12.	201.246998	128.54	170.13
4.672469	0.4	12.	205.73	112.85	167.027129
4.531682	0.4	12.	196.93	87.02	170.054148
4.393046	0.4	12.	171.51	78.2	165.782511
4.46288	0.4	12.	167.93	85.399637	170.13
4.57752	0.4	12.	159.13	89.97	171.334893
4.471286	0.4	12.	166.630437	162.55	170.13
4.507262	0.4	12.	163.36	152.439227	170.13
4.407054	0.4	12.	174.77	171.7	173.801777
4.466501	0.4	12.	183.9	108.150103	170.13
5.519009	0.4	12.	175.75	114.16	170.969715
4.740964	0.4	12.	180.96	75.58	166.711145
4.467732	0.4	12.	178.36	70.02	174.360102
4.699938	0.4	12.	147.39	128.22	174.403661
4.479684	0.4	12.	150.98	137.05	167.308106
4.458663	0.4	12.	164.34	126.58	165.79283
4.444312	0.4	12.	171.84	130.766135	170.13
4.920242	0.4	12.	137.474654	128.22	170.13
5.069377	0.4	12.	230.896603	122.66	172.1
4.674212	0.4	12.	197.59	138.68	176.686196
4.438784	0.4	12.	202.47	145.1272	172.1
4.599078	0.4	12.	193.35	146.85	173.939759
5.342352	0.4	12.	152.463797	152.74	172.1
4.81859	0.4	12.	155.54	144.24	176.86382
6.097561	0.4	12.	139.420699	139.01	172.1
4.404237	0.4	12.	166.3	119.957684	172.1
4.582918	0.4	12.	175.1	98.617752	172.1
4.609172	0.4	12.	207.69	136.112294	172.1
4.435783	0.4	12.	214.53	153.675954	172.1
4.466517	0.4	12.	183.9	151.76	168.436546
5.793463	0.4	12.	199.87	61.137613	173.85
4.395682	0.4	12.	185.2	179.932959	173.85
9.640965	0.4	12.	172.81	189.099499	173.85
5.06329	0.4	12.	211.6	172.103495	173.85
5.067467	0.4	12.	226.615331	137.7	173.85
4.557356	0.4	12.	169.56	152.74	177.305305
4.630681	0.4	12.	179.88609	145.87	174.76
5.088917	0.4	12.	193.074434	161.89	174.76
5.036624	0.4	12.	204.811253	163.2	174.76
5.890045	0.4	12.	220.495066	113.51	174.76
4.682995	0.4	12.	146.205539	90.95	174.76
4.616472	0.4	12.	187.81	99.77	171.245673
4.405513	0.4	12.	177.7	156.01	173.289283
4.414706	0.4	12.	194.98	171.495214	174.76
4.773198	0.4	12.	223.33	156.66	177.385284
4.561576	0.4	12.	217.79	164.011397	174.76
4.49515	0.4	12.	200.52	154.7	175.225024
4.702439	0.4	12.	179.33	124.358884	174.76
4.46862	0.4	12.	181.94	98.14	178.75249
4.470029	0.4	12.	206.068143	118.74	175.74
4.513498	0.4	12.	189.774069	90.29	175.74
5.283045	0.4	12.	153.91	116.45	174.466353
4.554921	0.4	12.	145.11	120.37	178.936833
5.143742	0.4	12.	141.2	112.85	174.096858
7.476635	0.4	12.	130.567561	120.04	178.62
4.56736	0.4	12.	181.61	89.97	182.777804
4.394752	0.4	12.	176.07	131.497034	179.45
4.56328	0.4	12.	171.51	139.01	176.137443
4.396159	0.4	12.	181.857807	161.24	179.45
4.766172	0.4	12.	222.36	82.759742	179.45
5.077686	0.4	12.	197.59	95.85	177.476754
4.453028	0.4	12.	207.69	75.91	176.646516
4.502614	0.4	12.	223.66	125.28	182.930378
4.871623	0.4	12.	216.595893	144.24	181.12
4.591758	0.4	12.	189.44	155.085858	181.12
5.06368	0.4	12.	190.09	163.85	185.177435
4.55119	0.4	12.	189.76	177.247161	181.12
4.85907	0.4	12.	168.58	171.04274	181.12
4.643591	0.4	12.	184.55	170.07	176.882007
4.548122	0.4	12.	156.429951	159.6	181.12
4.740843	0.4	12.	166.3	138.68	185.661491
4.456207	0.4	12.	167.6	104.785222	181.12
4.455594	0.4	12.	165.85694	113.83	181.12
4.65311	0.4	12.	161.556572	91.93	181.12
5.156	0.4	12.	137.598643	104.02	181.12
4.736229	0.4	12.	149.02	97.81	184.768805
4.723937	0.4	12.	152.93	87.789109	181.12
4.708155	0.4	12.	137.61	91.824254	181.12
4.554646	0.4	12.	172.16	91.669696	181.12
4.686332	0.4	12.	199.87	80.48	180.67615
5.387398	0.4	12.	206.71	90.62	177.671044
4.514751	0.4	12.	208.105281	110.89	181.12
4.498787	0.4	12.	215.19	117.1	184.286211
4.89107	0.4	12.	214.86	88.33	184.73405
4.962037	0.4	12.	219.75	96.5	181.799642
4.605699	0.4	12.	210.95	99.77	177.107788
5.162515	0.4	12.	216.16	105.99	183.501215
4.371286	0.4	12.	237.67	105.576526	181.12
4.655406	0.4	12.	227.9	107.62	180.061976
4.644532	0.4	12.	227.24	116.12	185.556811
4.429034	0.4	12.	215.51	122.99	177.086262
4.981238	0.4	12.	230.18	132.14	185.084485
4.913159	0.4	12.	237.532905	139.33	181.12
4.890565	0.4	12.	230.5	147.18	178.505106
5.061765	0.4	12.	207.04	148.066118	181.12
4.389597	0.4	12.	201.5	173.689728	181.12
5.325134	0.4	12.	181.61	139.66	183.220627
4.851195	0.4	12.	188.79	125.93	180.129084
4.443477	0.4	12.	182.59	120.37	184.545275
4.850196	0.4	12.	157.5	123.636979	182.03
5.27381	0.4	12.	159.45	101.74	186.493817
4.990544	0.4	12.	147.72	108.6	181.02519
4.566254	0.4	12.	163.69	147.51	183.24063
5.024621	0.4	12.	247.79166	114.81	182.86
4.920915	0.4	12.	237.584462	116.78	182.86
5.404175	0.4	12.	191.39	71.66	179.749981
5.023007	0.4	12.	197.91	110.89	181.789709
4.888749	0.4	12.	199.87	120.7	186.954918
4.441278	0.4	12.	191.709801	102.39	182.86
5.338706	0.4	12.	204.1	96.83	187.086543
5.278082	0.4	12.	200.52	68.953443	185.89
4.659359	0.4	12.	195.3	88.433465	185.89
5.509072	0.4	12.	205.73	85.39	189.485419
4.574614	0.4	12.	213.23	78.359761	185.89
4.95285	0.4	12.	227.57	90.02379	185.89
4.435895	0.4	12.	228.22	100.558506	185.89
5.186413	0.4	12.	238.33	94.917788	185.89
4.764821	0.4	12.	243.87	103.04	188.763003
4.498478	0.4	12.	210.62	125.62945	185.89
4.647625	0.4	12.	217.79	135.74	185.644166
4.933307	0.4	12.	178.794398	168.43	185.89
4.87326	0.4	12.	166.95	157.096133	186.72
5.787813	0.4	12.	161.73	166.47	191.389113
4.844568	0.4	12.	146.09	136.931009	186.72
4.530177	0.4	12.	140.928545	127.56	186.72
4.377727	0.4	12.	169.23	129.632758	186.72
4.817334	0.4	12.	173.79	119.72	187.782739
4.887692	0.4	12.	182.92	109.58	182.714841
6.049281	0.4	12.	158.8	84.41	192.694335
4.71253	0.4	12.	174.283023	81.47	186.72
4.694524	0.4	12.	181.61	76.89	182.569549
10.03044	0.4	12.	184.87	55.36433	186.72
5.207324	0.4	12.	175.1	70.68	189.159187
6.52213	0.4	12.	162.06	71.617544	186.72
5.115075	0.4	12.	149.02	80.16	187.890162
5.195471	0.4	12.	242.272949	127.89	186.72
4.568173	0.4	12.	239.3	136.39	190.646109
4.452925	0.4	12.	150.33	146.118799	186.72
4.689692	0.4	12.	156.52	153.226794	188.84
7.155521	0.4	12.	189.76	112.52	195.806678
5.000496	0.4	12.	194.33	131.074603	188.84
4.469623	0.4	12.	197.26	144.57	184.486452
4.560379	0.4	12.	188.006866	145.55	188.84
4.932223	0.4	12.	215.19	155.35	184.211333
4.444607	0.4	12.	179.01	146.76646	190.59
4.597134	0.4	12.	177.38	157.731076	190.59
5.008004	0.4	12.	193.133518	155.35	190.59
4.595879	0.4	12.	204.422251	149.14	190.59
4.538523	0.4	12.	201.82	157.32	186.122422
4.531657	0.4	12.	214.980618	162.55	190.59
5.512233	0.4	12.	206.06	168.431782	190.59
4.809044	0.4	12.	226.237135	153.39	190.59
4.502044	0.4	12.	164.01	120.130036	190.59
4.507122	0.4	12.	187.48	92.91	189.614917
4.655013	0.4	12.	185.85	100.1	196.775711
4.623923	0.4	12.	208.01	116.58479	193.09
8.385315	0.4	12.	171.18	151.76	200.733286
4.760721	0.4	12.	147.72	120.7	192.735145
5.901238	0.4	12.	138.59	107.993395	193.92
6.405139	0.4	12.	133.034284	122.01	193.92
4.874263	0.4	12.	170.184447	87.02	193.92
4.38515	0.4	12.	179.01	93.891829	193.92
4.550542	0.4	12.	180.239397	84.41	193.92
4.566172	0.4	12.	212.9	152.018076	193.92
4.793197	0.4	12.	204.1	144.24	198.616208
4.408099	0.4	12.	230.773208	124.29	193.92
6.388386	0.4	12.	221.05	112.85	198.660601
4.607462	0.4	12.	184.55	157.32	198.724217
4.816951	0.4	12.	182.27	166.660925	194.9
5.628924	0.4	12.	198.24	162.55	196.805791
5.268538	0.4	12.	173.675716	137.7	194.9
4.929205	0.4	12.	179.33	126.449743	194.9
4.529493	0.4	12.	168.25	95.85	197.343921
5.253096	0.4	12.	194.65	78.2	190.138951
5.684253	0.4	12.	188.79	81.47	200.218052
4.383679	0.4	12.	151.63	129.724247	194.9
4.916932	0.4	12.	164.01	132.47	194.877028
7.436454	1.	11.	162.64	175.622886	0.
5.472454	1.	11.	169.877565	207.94	5.53
5.146909	1.	11.	155.47	203.03	1.751002
5.119399	1.	11.	146.99	195.723237	4.39
7.70119	1.	11.	146.02	180.996651	4.39
4.693195	1.	11.	146.99	164.13	-0.058609
4.786328	1.	11.	189.69	122.93	12.208144
8.17452	1.	11.	161.99	83.7	6.780262
4.539812	1.	11.	155.118523	99.39	10.23
4.373658	1.	11.	171.44	116.72	10.519278
6.101015	1.	11.	131.22674	154.97	47.27
4.315943	1.	11.	143.41	103.904802	47.27
5.049126	1.	11.	186.76	215.13	46.290017
5.044417	1.	11.	172.74	221.389964	48.1
4.366295	1.	11.	195.88	118.87794	49.01
8.423491	1.	11.	136.638954	84.02	51.21
4.774516	1.	11.	148.652335	75.85	51.21
4.339138	1.	11.	158.349551	75.85	51.21
4.406641	1.	11.	210.55	73.740983	51.21
6.178704	1.	11.	222.61	68.550579	52.04
4.747462	1.	11.	160.1	214.53	53.109908
4.445738	1.	11.	174.12	122.210488	54.77
4.685197	1.	11.	179.33	131.16	58.05177
4.282436	1.	11.	154.486293	197.53	54.77
4.293747	1.	11.	141.85	187.07	55.305264
8.19236	1.	11.	129.415858	167.45	54.77
8.424407	1.	11.	127.810676	125.6	55.6
4.349217	1.	11.	143.81	95.891273	55.6
7.041387	1.	11.	178.68	227.174925	58.33
4.299226	1.	11.	176.386601	215.51	58.33
4.702292	1.	11.	199.045382	125.93	58.33
4.292091	1.	11.	200.19	113.18	54.635917
4.396943	1.	11.	176.4	209.727273	64.84
6.126096	1.	11.	172.16	219.11	70.761531
4.398166	1.	11.	152.609711	98.14	66.89
4.469056	1.	11.	160.76	70.630613	66.89
4.751176	1.	11.	153.58	75.91	69.474467
4.669162	1.	11.	134.35	106.420272	66.89
4.667688	1.	11.	195.96	123.245383	66.89
4.505962	1.	11.	186.18	116.319628	66.89
4.327301	1.	11.	188.46	129.2	63.740854
4.694177	1.	11.	222.68	68.650599	68.86
4.436154	1.	11.	208.115113	79.5	68.86
4.407975	1.	11.	202.8	71.	71.684983
5.902322	1.	11.	191.39	61.273518	73.33
4.471993	1.	11.	159.349046	203.42	81.81
4.666669	1.	11.	161.08	213.22	71.385358
5.449472	1.	11.	141.509361	205.38	82.11
4.803727	1.	11.	139.24	190.681777	83.1
4.799027	1.	11.	124.211569	176.28	96.66
5.282063	1.	11.	128.49	165.310511	96.66
4.809205	1.	11.	132.4	156.356751	101.43
4.667138	1.	11.	123.559972	154.37	106.35
4.294959	1.	11.	131.75	146.945521	104.
5.10859	1.	11.	123.704884	141.95	102.34
4.452411	1.	11.	148.37	186.74	114.177465
4.446091	1.	11.	211.93	193.93	114.978766
4.443756	1.	11.	225.852046	193.61	105.97
4.817634	1.	11.	163.04	212.478553	107.64
4.81319	1.	11.	170.86	205.818785	108.47
6.666552	1.	11.	151.205979	202.11	108.47
4.557268	1.	11.	141.2	132.47	111.322677
4.3358	1.	11.	251.04	109.58	116.503113
4.287535	1.	11.	139.24	132.8	130.689988
7.978317	1.	11.	142.306479	181.84	134.46
4.691368	1.	11.	239.96	137.37	138.069674
4.501221	1.	11.	162.71	53.35	130.6162
4.986884	1.	11.	130.208272	116.45	142.41
6.897621	1.	11.	139.9	167.12	146.698979
6.588306	1.	11.	225.62	170.27017	143.24
4.522601	1.	11.	239.140548	105.01	143.24
4.433089	1.	11.	190.41	151.1	141.306387
4.49105	1.	11.	195.63	72.31	156.799044
4.349686	1.	11.	164.99	60.423142	147.49
4.742059	1.	11.	140.56226	120.37	160.14
4.417796	1.	11.	210.95	73.95	164.255424
4.358508	1.	11.	185.429529	88.33	160.14
4.461817	1.	11.	224.463477	149.47	160.14
4.602005	1.	11.	225.39215	105.01	164.15
4.371897	1.	11.	141.85	105.33	162.272567
4.434752	1.	11.	188.104831	116.78	172.26
4.485803	1.	11.	223.01	102.06	174.649045
4.387634	1.	11.	186.099874	138.03	172.94
5.008364	1.	11.	203.13	127.24	179.498636
4.456998	1.	11.	166.62	97.81	175.422452
4.292899	1.	11.	189.76	82.146695	179.38
4.849444	1.	11.	172.49	107.95	188.934379
4.553476	1.	11.	224.31	144.89	186.759045
4.328145	1.	11.	181.29	100.75	188.553998
7.503287	1.	11.	204.76	127.56	197.896897
4.338539	1.	11.	209.97	140.31	191.429462
4.579094	1.	11.	201.17	138.550346	190.44
4.321922	1.	11.	189.76	138.35	194.62035
4.746722	1.	11.	154.24	98.79	173.294514
4.404375	1.	11.	157.5	111.54	185.461502
4.327114	1.	11.	157.82	134.43	181.823554
5.643511	1.	11.	127.550895	140.97	139.23
4.776061	1.	11.	148.7	135.08	143.00171
4.416859	1.	11.	202.47	138.35	140.274491
4.654419	1.	11.	188.79	135.466642	138.4
4.854359	1.	11.	197.763301	125.93	138.4
4.404166	1.	11.	179.33	104.35	135.371589
4.639626	1.	11.	194.33	53.02	85.697658
4.352591	1.	11.	139.57	121.780756	86.66
4.967092	1.	11.	156.855176	63.81	86.66
4.328659	1.	11.	227.24	65.383487	86.66
4.681991	1.	11.	228.48576	102.39	87.57
4.551685	1.	11.	127.825471	166.14	76.66
4.332616	1.	11.	129.14	157.32	77.060815
4.727617	1.	11.	135.33	180.86	81.227878
4.919351	1.	11.	179.01	113.51	73.395666
5.527799	1.	11.	180.96	121.35	80.148676
4.946817	1.	11.	201.17	108.93	79.140582
4.302916	1.	11.	199.87	123.25782	75.67
4.583981	1.	11.	203.13	133.056977	75.67
4.672787	1.	11.	215.603933	118.08	75.67
4.331056	1.	11.	202.15	102.39	72.024413
4.341522	1.	11.	191.07	103.967319	75.67
4.988922	1.	11.	181.94	101.058882	75.67
4.564861	1.	11.	169.892323	123.97	75.67
4.465736	1.	11.	164.415206	132.47	75.67
4.639131	1.	11.	178.03	129.2	71.95706
4.382702	1.	11.	179.33	143.599218	75.67
4.774912	1.	11.	175.42	136.06	79.217522
4.953909	1.	11.	195.398236	138.68	75.67
5.460753	1.	11.	145.81366	150.45	4.01
5.335168	1.	11.	146.773479	190.34	15.45
4.35647	1.	11.	156.52	215.634085	32.5
6.294993	1.	11.	145.65634	207.34	33.63
5.70826	1.	11.	150.	193.069863	34.62
4.37335	1.	11.	138.27	166.672403	35.45
4.28666	1.	11.	186.5	193.702294	40.07
4.438147	1.	11.	203.867808	145.55	41.81
4.458363	1.	11.	210.425248	182.82	42.65
4.445671	1.	11.	180.64	207.34	42.010045
4.80767	1.	11.	194.98	54.66	116.40978
4.28906	1.	11.	191.07	61.85	111.625685