4.991866	0.4	12.	-79.85	24.552455	0.38
5.318682	0.4	12.	-80.18	38.91	-4.500707
5.175194	0.4	12.	-65.004013	21.25	0.38
4.766263	0.4	12.	-49.87	33.68	-3.19412
4.443606	0.4	12.	-58.67	40.21	-2.39167
4.385738	0.4	12.	-70.73	56.56	-3.294475
4.526623	0.4	12.	-78.808032	57.87	0.38
4.788353	0.4	12.	-74.64	69.484434	0.38
4.62828	0.4	12.	-75.94	80.04727	0.38
4.547626	0.4	12.	-62.379663	58.85	0.38
4.739368	0.4	12.	-59.97	47.41	4.135846
5.228107	0.4	12.	-0.98	55.25	-3.998591
4.79584	0.4	12.	-10.43	44.79492	0.38
6.907616	0.4	12.	-21.19	37.93	-4.507538
4.862173	0.4	12.	-28.36	79.12	-1.471014
4.418416	0.4	12.	-21.84	93.426551	0.38
6.059158	0.4	12.	-10.1	89.58	-5.502213
5.14578	0.4	12.	1.3	98.74	-2.337437
5.398167	0.4	12.	-24.44	108.495422	0.38
4.450458	0.4	12.	-12.71	98.826847	0.38
4.96287	0.4	12.	12.71	91.548526	0.38
6.829603	0.4	12.	13.102009	70.95	0.38
5.891925	0.4	12.	8.15	81.74	-5.198333
4.567921	0.4	12.	-5.54	63.75	3.450016
6.764412	0.4	12.	-1.63	73.24	-5.689043
4.434861	0.4	12.	-29.01	68.33	-1.78633
6.600999	0.4	12.	-37.48	60.81	-5.42428
5.089262	0.4	12.	-88.	57.87	-3.133113
4.827146	0.4	12.	-100.909216	44.79	0.38
4.393874	0.4	12.	-87.515605	33.68	0.38
4.603605	0.4	12.	-22.49	50.35	-2.059643
5.00662	0.4	12.	-9.78	55.200915	2.12
4.624134	0.4	12.	-14.591449	68.33	2.12
4.996531	0.4	12.	0.097032	86.64	2.12
4.482427	0.4	12.	-6.884844	79.77	2.95
4.481993	0.4	12.	4.89	54.27	4.157117
4.433808	0.4	12.	-43.02	55.58	4.063742
4.637779	0.4	12.	-55.73	57.22	7.458063
4.765049	0.4	12.	-44.	35.31	5.127151
4.45755	0.4	12.	-66.16418	34.98	3.86
5.011976	0.4	12.	-58.34	30.08	6.29726
4.379323	0.4	12.	-74.96	39.549202	3.86
4.670751	0.4	12.	-70.07	50.02	3.15441
4.429068	0.4	12.	-84.447294	47.41	4.7
4.469012	0.4	12.	-77.57	51.98	9.147855
5.173642	0.4	12.	-95.663703	52.96	4.7
4.495639	0.4	12.	-92.24	41.608605	5.53
4.871614	0.4	12.	-90.724908	64.73	5.53
5.066572	0.4	12.	-81.48	69.97	8.567779
4.394212	0.4	12.	-43.67	46.1	9.141304
5.859356	0.4	12.	-35.53	49.7	-0.097983
5.48808	0.4	12.	-28.68	59.897676	5.53
4.515536	0.4	12.	-17.6	54.6	8.305077
4.492985	0.4	12.	-2.28	47.514992	5.53
5.026065	0.4	12.	16.355542	58.52	5.53
6.156411	0.4	12.	-45.63	75.2	-0.259325
5.401262	0.4	12.	-55.41	75.2	6.93175
4.86887	0.4	12.	-64.86	79.45	2.505648
4.505519	0.4	12.	-53.78	65.06	2.754595
4.789265	0.4	12.	-37.81	68.66	3.773967
4.927934	0.4	12.	-36.5	78.47	6.00916
4.505067	0.4	12.	-32.59	91.87	4.825421
4.984064	0.4	12.	-42.04	93.984036	5.53
4.621165	0.4	12.	-47.59	85.99	1.673865
5.411852	0.4	12.	-51.5	91.87	9.704331
4.600541	0.4	12.	-57.69	86.97	3.003942
4.832631	0.4	12.	-33.57	100.37	9.801263
7.619456	0.4	12.	10.1	103.184865	7.2
4.478623	0.4	12.	18.25	81.08	7.377179
4.408705	0.4	12.	2.609127	65.39	7.2
4.735319	0.4	12.	-21.84	74.54	5.190054
4.50395	0.4	12.	-30.805045	43.81	7.2
4.80623	0.4	12.	-34.55	34.778324	7.2
5.26898	0.4	12.	-26.73	29.1	2.174657
4.438955	0.4	12.	-58.3011	16.35	7.2
4.57082	0.4	12.	-42.04	20.27	4.437262
4.511552	0.4	12.	-76.59	31.078488	8.03
4.47925	0.4	12.	-74.363901	15.04	8.03
4.592495	0.4	12.	-89.3	19.94	4.715195
4.622194	0.4	12.	-21.84	97.43	9.771201
4.69929	0.4	12.	3.91	89.91	11.696416
4.487978	0.4	12.	-10.76	103.967067	8.86
4.910074	0.4	12.	-45.63	65.63975	8.86
5.0881	0.4	12.	-11.08	33.176386	11.36
4.633044	0.4	12.	-0.803049	39.89	11.36
5.342118	0.4	12.	-19.56	24.020123	11.36
6.004116	0.4	12.	-31.363489	21.58	11.36
4.47269	0.4	12.	-52.47	45.118874	10.07
4.387851	0.4	12.	-8.471422	73.56	10.07
4.552379	0.4	12.	-40.317615	85.66	10.98
4.590757	0.4	12.	-26.4	85.33	8.035166
4.468872	0.4	12.	-44.707597	25.83	12.65
4.448391	0.4	12.	-81.81	39.23	12.458866
4.490674	0.4	12.	-62.9	23.276062	15.53
4.864006	0.4	12.	-51.82	34.66	12.154298
4.486928	0.4	12.	-62.58	39.89	12.732459
4.380348	0.4	12.	-58.34	46.319387	17.35
5.13428	0.4	12.	-64.86	58.2	12.662292
4.450949	0.4	12.	-74.31	59.927443	16.36
4.405936	0.4	12.	-30.31	63.43	15.016539
4.776754	0.4	12.	-10.76	63.75	11.978064
4.499834	0.4	12.	-2.61	58.52	12.60388
4.949517	0.4	12.	7.82	73.89	12.618475
4.769351	0.4	12.	-1.534478	75.52	16.36
4.569592	0.4	12.	3.91	82.72	20.357632
4.411632	0.4	12.	-12.71	89.91	12.612309
4.646691	0.4	12.	-21.51	81.753596	16.36
4.438533	0.4	12.	-4.89	94.16	12.748442
4.410232	0.4	12.	2.61	98.74	19.423815
4.545163	0.4	12.	11.73	85.01	12.844566
4.411925	0.4	12.	15.55767	77.16	17.2
4.830957	0.4	12.	-9.78	54.478114	18.03
4.382781	0.4	12.	-18.9	40.54	13.897468
4.610693	0.4	12.	-23.653996	47.08	18.03
4.927375	0.4	12.	-18.77907	63.75	18.03
4.582476	0.4	12.	-28.68	69.31	22.266854
4.863989	0.4	12.	-29.66	76.18	15.201826
4.82675	0.4	12.	-8.47	79.12	22.342261
4.797663	0.4	12.	-5.21	85.33	15.744505
4.503196	0.4	12.	-26.73	105.6	17.652898
6.073515	0.4	12.	-12.39	117.197794	18.86
5.320055	0.4	12.	20.138964	93.51	18.86
4.674701	0.4	12.	3.59	52.31	15.499644
4.374434	0.4	12.	-40.42	59.18	14.60541
4.661213	0.4	12.	-55.712875	55.58	18.86
4.464735	0.4	12.	-71.7	69.813889	18.86
4.391879	0.4	12.	-83.11	59.18	18.267427
4.468027	0.4	12.	-38.13	31.39	15.309036
5.507665	0.4	12.	-26.73	37.27	20.205654
4.545477	0.4	12.	-47.91	52.31	14.498138
4.810749	0.4	12.	-63.23	68.	14.57226
5.966871	0.4	12.	-46.93	12.10054	18.86
6.07642	0.4	12.	-80.83	6.87	13.118268
6.065516	0.4	12.	-97.78	17.33	19.353854
5.079068	0.4	12.	-56.06	3.112505	18.86
4.990228	0.4	12.	-99.41	29.1	22.316037
4.773794	0.4	12.	-58.34	33.68	21.635885
4.450385	0.4	12.	-71.41323	40.87	19.69
4.713554	0.4	12.	-65.883717	51.	19.69
4.417509	0.4	12.	-68.77	32.37	20.284142
4.497713	0.4	12.	-93.87	44.79	18.906526
4.54525	0.4	12.	8.8	66.7	19.823116
4.681894	0.4	12.	-44.98	33.35	23.164907
4.739056	0.4	12.	-89.108873	33.35	19.69
4.624575	0.4	12.	-78.55	80.325787	19.69
4.47483	0.4	12.	-20.21	90.456558	19.69
4.471091	0.4	12.	-31.29	91.22	21.179255
4.383896	0.4	12.	-35.53	75.52	24.109759
4.782821	0.4	12.	-39.11	69.31	16.107806
4.530392	0.4	12.	-18.25	53.62	22.897625
4.39534	0.4	12.	-25.75	57.885243	20.6
4.421915	0.4	12.	-34.22	55.58	23.836975
4.641153	0.4	12.	-39.76	40.54	16.020135
4.946746	0.4	12.	-40.42	49.04	21.194302
4.627476	0.4	12.	-4.24	45.926483	20.6
4.526463	0.4	12.	-79.2	66.7	23.096442
4.432622	0.4	12.	-78.060129	52.31	20.6
5.025528	0.4	12.	-84.09	43.516483	20.6
5.128802	0.4	12.	-89.3	51.	25.452088
4.91122	0.4	12.	-91.371739	64.73	20.6
4.791744	0.4	12.	-40.494817	95.47	20.6
4.514903	0.4	12.	-47.26	85.33	16.899045
4.819502	0.4	12.	-44.98	76.83	24.841189
4.843563	0.4	12.	-51.5	71.93	16.428617
4.507489	0.4	12.	-55.08	78.79	23.909975
4.385345	0.4	12.	-63.23	77.49	18.076236
4.923398	0.4	12.	-55.41	64.41	23.564505
4.459592	0.4	12.	-59.97	86.64	18.284096
4.372429	0.4	12.	-54.43	91.54	23.600422
4.796391	0.4	12.	-49.54	101.957057	20.6
6.403855	0.4	12.	-68.45	84.68	25.405213
6.797524	0.4	12.	-34.22	113.816489	20.6
4.38087	0.4	12.	-13.04	95.709188	20.6
4.457321	0.4	12.	-17.6	104.62	23.081792
4.447936	0.4	12.	-31.62	99.72	24.644826
4.699526	0.4	12.	1.96	111.243018	21.51
4.436184	0.4	12.	-21.19	74.691592	22.35
4.484379	0.4	12.	-6.956188	68.66	22.35
4.388472	0.4	12.	-0.38248	62.12	22.35
4.794382	0.4	12.	-32.92	45.77	26.518071
4.607263	0.4	12.	-62.58	14.997111	22.35
4.462747	0.4	12.	-31.886682	28.77	22.35
6.513825	0.4	12.	-30.31	7.85	17.768606
4.630119	0.4	12.	-22.16	14.422014	22.35
5.377476	0.4	12.	-12.71	18.735616	22.35
4.523965	0.4	12.	-2.760757	29.75	22.35
4.76755	0.4	12.	4.56	39.89	20.474233
5.715464	0.4	12.	11.08	50.35	27.52806
4.457653	0.4	12.	18.587448	56.89	22.35
4.68734	0.4	12.	22.82	79.176812	22.35
7.117445	0.4	12.	31.274429	87.62	22.35
4.601846	0.4	12.	12.510154	101.03	22.35
4.555802	0.4	12.	12.39	110.473223	22.35
6.631795	0.4	12.	0.	127.3227	22.35
4.550487	0.4	12.	-99.825116	51.	22.35
4.410563	0.4	12.	-81.029016	34.33	24.09
4.727637	0.4	12.	-42.419605	65.06	24.09
4.56647	0.4	12.	-23.14	96.45	27.268306
4.483767	0.4	12.	-7.5	102.08875	24.09
4.376903	0.4	12.	0.002596	89.91	24.09
4.462959	0.4	12.	9.45	90.24	22.361652
4.608355	0.4	12.	-53.45	45.707858	25.98
4.502846	0.4	12.	-14.01	71.93	28.170482
4.48772	0.4	12.	-77.9	25.83	26.925571
5.036161	0.4	12.	-37.81	13.315583	25.98
4.497192	0.4	12.	-72.328159	14.71	25.98
4.880184	0.4	12.	-88.508589	21.25	25.98
4.454057	0.4	12.	-55.41	20.6	21.708561
4.505254	0.4	12.	-28.36	83.04	24.000162
4.654926	0.4	12.	-35.2	82.72	32.551658
4.785546	0.4	12.	-42.897485	87.29	28.1
4.648367	0.4	12.	-7.82	37.027992	28.1
4.381102	0.4	12.	-14.99	31.39	24.775813
4.400396	0.4	12.	-24.988668	29.1	28.1
4.69891	0.4	12.	-31.42024	21.58	28.1
4.391163	0.4	12.	-51.82	26.48	29.609143
4.830864	0.4	12.	-63.88	27.68843	30.6
4.37751	0.4	12.	-79.205829	40.21	30.6
4.756561	0.4	12.	2.93	74.87	26.851931
4.399781	0.4	12.	3.91	83.140275	31.51
4.41783	0.4	12.	-1.96	58.52	32.575203
4.818521	0.4	12.	-11.287367	63.43	31.51
5.114235	0.4	12.	6.170767	97.1	31.51
4.630475	0.4	12.	-4.56	97.250735	31.51
4.688622	0.4	12.	-9.45	90.24	27.279239
4.629128	0.4	12.	-15.64	83.04	28.5269
4.571471	0.4	12.	-62.58	58.85	27.36495
4.450178	0.4	12.	-73.01	57.54	27.78722
4.407814	0.4	12.	-73.99	48.39	28.529133
4.700036	0.4	12.	12.39	73.56	29.33401
4.392699	0.4	12.	13.04	79.77	36.086975
4.700365	0.4	12.	14.34	85.33	28.678404
4.485922	0.4	12.	-52.15	35.31	28.587881
5.133611	0.4	12.	-63.88	40.87	28.713691
4.419054	0.4	12.	-70.619598	21.25	32.35
5.206247	0.4	12.	0.073479	41.85	32.35
4.591495	0.4	12.	-11.599654	43.81	33.25
4.399905	0.4	12.	-10.43	52.96	31.13372
4.52963	0.4	12.	-21.51	45.45	28.745646
4.444948	0.4	12.	-20.53	59.5	36.047123
4.738119	0.4	12.	-31.94	62.77	29.85846
4.499844	0.4	12.	-21.19	67.02	30.926696
4.653615	0.4	12.	-60.3	48.06	34.431696
4.800949	0.4	12.	-95.410852	57.22	33.25
5.429694	0.4	12.	-71.38	71.93	28.681979
4.903309	0.4	12.	21.193381	68.66	33.25
4.513904	0.4	12.	-94.85	33.511524	33.25
4.50947	0.4	12.	-89.3	39.23	28.94808
4.816899	0.4	12.	-66.49	8.65448	33.25
5.890217	0.4	12.	-94.020665	12.75	33.25
4.600274	0.4	12.	-93.22	24.19	35.532753
4.587883	0.4	12.	-25.42	112.14	31.979375
5.408951	0.4	12.	-41.72	107.691637	33.25
6.2575	0.4	12.	22.16	97.76	30.141005
4.441288	0.4	12.	-7.82	78.890032	34.39
4.423281	0.4	12.	-27.38	77.236112	34.39
4.601312	0.4	12.	-41.07	59.18	32.594428
4.496191	0.4	12.	-55.000531	55.91	34.39
4.548388	0.4	12.	-50.85	48.39	37.710437
4.461626	0.4	12.	-14.67	35.046153	34.39
4.597416	0.4	12.	-23.14	38.270652	34.39
4.599985	0.4	12.	-37.81	33.68	32.3254
4.433828	0.4	12.	-65.633207	65.72	34.39
5.010303	0.4	12.	-73.99	63.75	39.194578
4.457607	0.4	12.	10.43	62.45	35.34312
4.600349	0.4	12.	4.42816	52.64	35.22
4.437752	0.4	12.	-45.96	30.627825	35.22
4.43394	0.4	12.	-47.26	40.21	34.302973
4.596147	0.4	12.	-58.99	34.474639	35.22
4.5177	0.4	12.	-70.699084	34.98	35.22
4.372314	0.4	12.	-66.82	55.833746	35.22
4.496054	0.4	12.	-75.94	77.9945	35.22
4.831563	0.4	12.	-82.46	59.18	32.095891
4.961508	0.4	12.	-21.84	86.447429	35.22
4.433194	0.4	12.	-78.55	52.64	40.74607
4.439958	0.4	12.	-86.917781	52.31	36.81
4.791641	0.4	12.	-94.19	44.79	38.952636
4.59071	0.4	12.	-74.31	41.52	41.134225
4.605402	0.4	12.	-67.47	48.06	40.977253
4.556925	0.4	12.	-5.54	51.	40.676403
4.596758	0.4	12.	-23.47	49.29814	36.81
5.345732	0.4	12.	-30.64	55.25	41.823976
4.377654	0.4	12.	-41.72	51.33	40.375086
4.596501	0.4	12.	-40.42	41.52	40.175269
4.746976	0.4	12.	-38.46	65.39	39.277028
4.572125	0.4	12.	-34.55	71.93	33.004634
5.524873	0.4	12.	-4.89	88.446821	36.81
4.671073	0.4	12.	-14.34	95.14	36.711223
4.730844	0.4	12.	-22.82	103.31	33.931355
4.711475	0.4	12.	-29.66	93.18	33.173041
4.531722	0.4	12.	-30.31	102.99	40.654074
4.494417	0.4	12.	-37.81	96.12	36.911975
4.453584	0.4	12.	-38.13	76.18	41.232311
4.430501	0.4	12.	-44.	70.62	33.376505
4.455726	0.4	12.	-46.61	81.699483	36.81
4.445788	0.4	12.	-56.71	64.73	34.223553
4.428343	0.4	12.	-58.02	79.443535	36.81
4.545561	0.4	12.	-52.15	71.27	39.108467
4.379086	0.4	12.	-61.93	71.93	40.958115
4.406113	0.4	12.	-66.803116	78.14	36.81
4.729312	0.4	12.	-48.56	92.53	38.880177
4.40273	0.4	12.	-54.1	86.64	33.343639
4.461195	0.4	12.	-52.47	101.35	33.613935
4.766175	0.4	12.	-59.65	94.16	33.882561
4.747897	0.4	12.	-65.84	87.62	36.999245
5.014669	0.4	12.	-80.83	68.99	32.88896
4.527628	0.4	12.	-88.632869	64.73	36.81
4.600595	0.4	12.	-30.31	35.31	41.254126
4.744618	0.4	12.	-42.85667	8.83	36.81
4.417142	0.4	12.	-85.07	29.1	34.827971
4.549187	0.4	12.	6.19	72.975622	36.81
4.660015	0.4	12.	15.64	91.996816	36.81
4.625621	0.4	12.	-35.85	118.235417	36.81
5.8942	0.4	12.	4.56	114.76	31.530211
4.500714	0.4	12.	-31.357751	44.46	37.65
4.43555	0.4	12.	-34.87	51.66	33.574113
4.984949	0.4	12.	1.63	64.08	40.023785
4.587865	0.4	12.	-3.59	69.97	33.427619
4.442092	0.4	12.	-18.654774	77.16	37.65
4.880303	0.4	12.	-83.11	10.281192	37.65
6.378212	0.4	12.	-5.970156	25.44	39.47
5.134198	0.4	12.	-33.59	13.35	40.474727
5.205038	0.4	12.	4.54	46.04	42.641365
4.370555	0.4	12.	12.69	50.505906	39.47
8.77998	0.4	12.	31.088366	61.41	39.47
4.48309	0.4	12.	24.1	75.573779	39.47
4.623979	0.4	12.	23.12	90.83	42.495348
4.635068	0.4	12.	8.78	105.87	36.238736
4.782675	0.4	12.	-8.143651	111.76	39.47
5.301299	0.4	12.	-19.9	119.6	37.399918
6.969611	0.4	12.	-1.65	133.962943	39.47
5.464554	0.4	12.	-1.86461	119.93	39.47
5.274905	0.4	12.	16.27	118.62	35.975607
6.996726	0.4	12.	29.153057	111.76	39.47
4.625669	0.4	12.	-50.87	107.18	43.732242
4.480831	0.4	12.	-72.38	84.29	43.055096
5.953448	0.4	12.	-83.79	83.463087	39.47
4.645746	0.4	12.	-104.074855	34.92	39.47
5.565654	0.4	12.	-103.846313	48.66	39.47
4.402307	0.4	12.	-83.13	43.83463	39.47
4.637486	0.4	12.	-98.13	21.19	43.883361
5.006408	0.4	12.	-46.63	-0.755605	39.47
5.245969	0.4	12.	-16.97	24.14	35.106977
4.525507	0.4	12.	-28.05	25.45757	39.47
4.510179	0.4	12.	-24.14	16.899255	39.47
4.568041	0.4	12.	-5.89	99.99	42.155252
4.561057	0.4	12.	5.669626	88.22	39.47
5.2859	0.4	12.	28.99	98.413479	39.47
6.456806	0.4	12.	33.141236	84.62	39.47
4.641272	0.4	12.	19.234939	104.89	39.47
4.655205	0.4	12.	-63.282215	18.58	39.47
4.657795	0.4	12.	-17.3	51.6	44.043159
5.506699	0.4	12.	-27.07	68.67102	39.47
8.16724	0.4	12.	-62.27	111.378349	39.47
5.127139	0.4	12.	-64.23	96.72	43.758328
4.446226	0.4	12.	-36.53	27.41	42.427894
4.927511	0.4	12.	-80.85	33.94	44.002024
4.419984	0.4	12.	-76.62	25.77	37.327194
4.54198	0.4	12.	-76.257345	17.27	41.21
4.560314	0.4	12.	-40.76	19.89	36.851612
5.212817	0.4	12.	-53.15	18.9	38.47119
5.004791	0.4	12.	-47.61	58.645272	41.21
4.409871	0.4	12.	-8.999935	72.52	41.21
4.458742	0.4	12.	-16.97	70.89	45.215954
4.385573	0.4	12.	9.76	97.592797	41.21
4.372896	0.4	12.	-15.99	105.074216	41.21
4.376026	0.4	12.	-45.	114.79124	41.21
5.329188	0.4	12.	8.45	124.288964	41.21
4.375807	0.4	12.	12.04	110.78	44.577799
4.654704	0.4	12.	-85.797404	72.85	41.21
4.459477	0.4	12.	-55.43	41.46	41.377461
4.539323	0.4	12.	-41.09	84.59818	43.33
4.936574	0.4	12.	-29.03	88.597705	43.33
4.669531	0.4	12.	-26.3326	79.06	43.33
6.248873	0.4	12.	-76.397073	97.04	43.33
5.704046	0.4	12.	-53.161873	29.37	43.33
4.499041	0.4	12.	-17.3	29.758867	43.33
4.429229	0.4	12.	-10.13	32.96	47.749575
4.917131	0.4	12.	0.789105	34.6	43.33
5.12325	0.4	12.	16.27	59.45	43.459984
5.299481	0.4	12.	-21.86	96.72	43.848354
4.68199	0.4	12.	14.97	102.6	47.904816
4.563878	0.4	12.	-21.137867	111.76	45.53
4.568961	0.4	12.	-95.594933	50.29	46.51
5.119125	0.4	12.	-65.53	29.69	42.194724
5.153215	0.4	12.	-61.62	25.77	50.874126
5.286513	0.4	12.	33.515847	75.47	47.5
4.6541	0.4	12.	21.468058	80.7	47.5
4.441758	0.4	12.	11.06	79.393831	47.5
4.393147	0.4	12.	-4.58	58.172129	47.5
4.967802	0.4	12.	-13.06	62.06	44.734612
4.873057	0.4	12.	-6.21	41.46	42.754674
4.853919	0.4	12.	-32.279124	20.54	47.5
4.384823	0.4	12.	2.29169	97.37	47.5
5.067962	0.4	12.	-12.41	89.2	44.345237
4.426085	0.4	12.	-18.27	82.213665	47.5
4.646022	0.4	12.	-4.58	92.14	50.519253
4.390548	0.4	12.	3.89	73.816236	47.5
4.386888	0.4	12.	0.63	83.335463	47.5
4.486281	0.4	12.	-42.39	104.89	47.340194
4.62329	0.4	12.	-31.170432	110.45	49.62
4.543531	0.4	12.	-69.77	64.450976	49.62
4.433016	0.4	12.	-75.64	55.694104	49.62
4.675442	0.4	12.	-56.08	55.52	45.719301
4.638662	0.4	12.	-88.980847	40.16	49.62
4.710235	0.4	12.	-89.33	57.81	46.931214
5.510381	0.4	12.	-17.62	42.871193	49.62
4.436636	0.4	12.	-21.21	62.328479	49.62
4.601726	0.4	12.	-52.5	48.33	54.218718
4.425756	0.4	12.	-61.562949	48.66	49.62
4.603158	0.4	12.	13.34	69.91	45.530861
4.393156	0.4	12.	14.65	87.24	51.432524
4.398138	0.4	12.	22.016109	66.97	49.62
4.894461	0.4	12.	-6.792213	76.77	49.62
4.539199	0.4	12.	12.04	38.385577	49.62
4.662229	0.4	12.	12.443653	48.	49.62
4.743999	0.4	12.	22.649732	52.58	49.62
4.500269	0.4	12.	-23.81	30.769996	49.62
4.47013	0.4	12.	-40.930148	35.58	49.62
4.698561	0.4	12.	-71.601591	21.85	49.62
5.487815	0.4	12.	24.246442	98.02	49.62
4.389869	0.4	12.	-57.71	36.23	50.896103
4.540308	0.4	12.	-68.398588	36.23	50.75
4.74207	0.4	12.	-81.5	60.1	55.31235
4.666083	0.4	12.	-67.82	55.85	55.265684
4.858785	0.4	12.	-75.64	79.711139	50.75
4.374592	0.4	12.	1.61	52.58	50.582981
4.530503	0.4	12.	5.895483	60.43	50.75
4.399983	0.4	12.	-37.461255	58.79	50.75
4.923779	0.4	12.	-47.28	29.69	53.764676
5.333266	0.4	12.	-48.26	39.83	57.357363
4.619004	0.4	12.	-32.61	38.19	56.321628
4.61822	0.4	12.	-42.582137	69.91	52.42
4.80347	0.4	12.	-55.76	94.783257	52.42
4.37165	0.4	12.	-26.42	97.947597	52.42
4.726212	0.4	12.	-22.51	105.54	56.81171
4.379442	0.4	12.	-35.753465	99.99	52.42
4.823237	0.4	12.	-70.42	45.39	49.631789
4.829989	0.4	12.	-88.971587	66.64	52.42
5.324467	0.4	12.	-79.22	68.93	48.485557
4.919738	0.4	12.	-71.4	73.5	57.2187
5.137273	0.4	12.	-42.39	92.79	55.418105
4.794644	0.4	12.	2.26	109.47	47.697353
5.618866	0.4	12.	1.507477	39.18	53.25
4.922395	0.4	12.	-6.54	47.825619	53.25
4.414699	0.4	12.	-11.1	55.85	55.190219
4.784751	0.4	12.	-0.92874	67.62	53.25
4.464762	0.4	12.	-43.7	46.69	49.254049
5.460916	0.4	12.	-28.7	54.54	54.74492
4.90487	0.4	12.	-29.36	44.08	48.942811
4.479281	0.4	12.	-63.9	40.81	57.242847
4.859752	0.4	12.	-76.29	50.29	57.569417
4.456733	0.4	12.	-77.59	40.627346	53.25
4.786028	0.4	12.	-59.02	63.192181	53.25
4.379335	0.4	12.	-52.5	72.85	50.078594
4.57434	0.4	12.	-61.560461	83.97	53.25
4.653292	0.4	12.	-72.361907	89.85	53.25
5.433576	0.4	12.	-52.82	79.39	57.67465
4.585459	0.4	12.	-39.468904	80.04	53.25
4.876118	0.4	12.	-23.463058	76.45	53.25
4.371931	0.4	12.	-32.292393	91.49	53.25
4.78246	0.4	12.	-23.49	87.446513	53.25
4.769662	0.4	12.	-49.89	87.89	49.000491
4.37776	0.4	12.	-48.26	100.327496	53.25
4.726416	0.4	12.	-66.51	76.77	48.970057
4.515741	0.4	12.	-13.06	95.41	52.299612
4.421829	0.4	12.	-5.89	121.56	49.254701
4.789308	0.4	12.	-33.27	71.22	49.065926
4.634156	0.4	12.	-35.87	12.04	52.057051
5.350785	0.4	12.	-48.91	0.532587	55.07
4.648907	0.4	12.	-59.67	15.96	52.237554
4.711423	0.4	12.	-73.583974	29.37	55.07
4.849155	0.4	12.	-83.110696	32.96	55.07
6.47003	0.4	12.	-92.91	37.54	60.806352
4.380946	0.4	12.	-38.48	51.155487	55.07
4.520912	0.4	12.	-26.75	66.31	59.086317
4.371621	0.4	12.	9.1	74.48	55.087399
4.816943	0.4	12.	-17.95	50.95	59.583627
5.072423	0.4	12.	-15.319169	23.81	55.07
4.43542	0.4	12.	27.377984	62.06	55.07
5.216438	0.4	12.	4.211501	89.85	55.07
5.752205	0.4	12.	23.12	112.41	53.422933
4.890809	0.4	12.	13.34	124.186741	55.07
4.780984	0.4	12.	3.24	118.046696	55.9
4.821366	0.4	12.	-41.09	114.37	58.733465
6.008522	0.4	12.	-53.47	106.53	59.843569
4.860192	0.4	12.	-65.948038	98.02	56.81
4.456542	0.4	12.	-10.759192	128.1	56.81
4.679002	0.4	12.	0.3	128.1	57.484455
4.648804	0.4	12.	10.580934	109.47	56.81
4.383553	0.4	12.	-2.3	109.82764	56.81
4.481204	0.4	12.	3.24	102.352821	56.81
4.677109	0.4	12.	13.447645	95.08	56.81
4.833311	0.4	12.	22.79	86.903661	56.81
4.605301	0.4	12.	19.86	104.89	60.520754
4.471229	0.4	12.	-8.82	71.54	59.764527
4.876272	0.4	12.	-5.56	22.704081	56.81
5.162442	0.4	12.	-46.96	57.16	54.865211
6.19711	0.4	12.	-24.47	14.221237	56.81
4.620652	0.4	12.	-31.96	28.182758	56.81
4.395571	0.4	12.	-39.46	23.134049	56.81
4.965319	0.4	12.	-50.54	66.489757	56.81
4.446218	0.4	12.	-81.83	84.366548	56.81
5.966142	0.4	12.	-84.44	73.18	60.774294
4.806472	0.4	12.	-6.87	99.574902	58.93
4.530202	0.4	12.	-32.61	80.37	59.340393
4.668323	0.4	12.	-5.89	31.66	60.375106
4.415044	0.4	12.	-15.67	33.213162	58.93
4.728958	0.4	12.	-52.82	22.83	61.4642
4.877707	0.4	12.	-42.72	11.106815	58.93
5.268069	0.4	12.	16.6	59.522283	58.93
5.485238	0.4	12.	36.10817	85.93	58.93
4.498892	0.4	12.	-18.93	96.06	60.044255
4.534151	0.4	12.	-17.62	69.58	61.293691
4.517466	0.4	12.	9.43	51.27	59.750245
6.169244	0.4	12.	-26.75	126.08419	61.81
5.223405	0.4	12.	-15.67	126.8	65.733746
5.342633	0.4	12.	-5.24	106.2	66.618056
6.282266	0.4	12.	-7.84	118.074383	61.81
4.808332	0.4	12.	-11.76	78.08	65.748975
4.427173	0.4	12.	-73.572972	94.76	61.81
4.767794	0.4	12.	-64.23	28.06	60.273867
4.580294	0.4	12.	-85.847571	47.02	61.81
4.458881	0.4	12.	-44.67	19.23	65.928891
4.673263	0.4	12.	-22.19	27.11068	61.81
5.820831	0.4	12.	23.12	74.81	56.612195
4.445613	0.4	12.	29.64	56.180101	61.81
4.407663	0.4	12.	18.23	117.765418	61.81
4.384354	0.4	12.	-2.707516	87.56	63.55
4.707815	0.4	12.	-14.04	87.24	59.694009
4.395477	0.4	12.	-21.200427	82.99	63.55
4.461576	0.4	12.	7.673443	79.72	63.55
4.548026	0.4	12.	2.91	71.87	68.026728
4.574056	0.4	12.	-1.33	59.77	59.35335
4.746681	0.4	12.	-10.78	62.39	61.619418
4.655854	0.4	12.	36.594035	73.5	63.55
4.680559	0.4	12.	-16.328424	108.16	63.55
4.418154	0.4	12.	-18.6	116.99	66.636582
4.60145	0.4	12.	3.489344	45.06	63.55
4.659849	0.4	12.	-7.19	38.52	67.260581
4.383084	0.4	12.	-10.45	46.590758	63.55
4.549087	0.4	12.	-34.23925	18.25	63.55
5.019749	0.4	12.	-31.260349	34.27	65.3
5.34393	0.4	12.	-18.93	36.23	70.576756
4.612696	0.4	12.	-19.9	41.14	61.137407
5.919398	0.4	12.	25.996857	66.97	65.3
6.277582	0.4	12.	31.633553	100.64	65.3
4.696071	0.4	12.	-2.63	78.74	61.188115
4.761169	0.4	12.	15.3	69.553954	65.3
4.471533	0.4	12.	20.62825	49.96	65.3
4.525194	0.4	12.	-66.51	63.37	61.124329
4.614876	0.4	12.	-64.56	49.31	62.16649
4.457293	0.4	12.	-80.558957	40.48	65.3
5.213964	0.4	12.	-64.56	20.54	67.946397
4.449835	0.4	12.	-38.16	103.91	67.591388
4.618156	0.4	12.	22.14	94.43	64.055578
4.669683	0.4	12.	-41.09	39.727006	65.3
5.007572	0.4	12.	-53.618826	52.25	65.3
4.772138	0.4	12.	-30.01	112.077658	65.3
5.117704	0.4	12.	-21.21	60.1	65.634744
4.966532	0.4	12.	-76.94	56.896484	65.3
5.52955	0.4	12.	-89.65	57.81	61.143807
4.577878	0.4	12.	16.174742	82.99	65.3
4.657291	0.4	12.	1.28	98.02	66.1854
4.580224	0.4	12.	13.02	100.97	65.781614
4.448935	0.4	12.	-63.654972	57.16	66.96
4.392997	0.4	12.	-58.69	32.604233	66.96
4.510874	0.4	12.	-72.7	36.23	64.01634
4.840072	0.4	12.	-74.33	78.74	65.271844
4.97294	0.4	12.	-45.33	66.446092	66.96
4.427321	0.4	12.	-33.92	58.410234	66.96
4.555929	0.4	12.	4.435175	55.85	66.96
4.906896	0.4	12.	-46.3	91.81	65.253928
4.992686	0.4	12.	-23.16	104.24	70.479824
4.664584	0.4	12.	-56.41	91.81	64.862468
4.551196	0.4	12.	-58.69	73.83	72.906451
4.545027	0.4	12.	-28.836987	69.91	68.93
4.443532	0.4	12.	-63.525913	40.48	68.93
4.54825	0.4	12.	-71.829322	44.41	68.93
4.413701	0.4	12.	-71.07	53.89	72.084818
4.38028	0.4	12.	-63.9	67.021023	68.93
4.469846	0.4	12.	-37.83	84.62	65.689627
4.399911	0.4	12.	-28.7	81.263534	68.93
4.458248	0.4	12.	-27.73	90.956659	68.93
4.748198	0.4	12.	-32.61	39.18	73.653893
4.949749	0.4	12.	-46.3	30.67	64.984907
4.805837	0.4	12.	-54.159646	41.14	68.93
5.472973	0.4	12.	-92.86653	68.27	68.93
4.525717	0.4	12.	-69.44	73.83	71.948522
4.87078	0.4	12.	-63.58	85.6	66.749052
4.385819	0.4	12.	-37.18	95.08	68.062017
4.733862	0.4	12.	-12.360074	92.79	68.93
4.827667	0.4	12.	-3.367255	50.95	68.93
4.597377	0.4	12.	-37.842702	72.2	68.93
4.385399	0.4	12.	-21.21	74.81	69.177277
8.45606	0.4	12.	41.060857	62.06	68.93
4.397762	0.4	12.	-49.89	74.48	69.551598
4.576413	0.4	12.	-55.1	81.903601	68.93
4.952054	0.4	12.	-81.18	66.97	69.590801
4.52768	0.4	12.	-43.7	80.7	71.987061
4.610234	0.4	12.	-57.71	62.06	73.331381
4.550973	0.4	12.	-24.270061	45.71	68.93
4.544882	0.4	12.	-27.07	54.87	71.635885
5.250602	0.4	12.	11.06	41.417523	68.93
4.397406	0.4	12.	-2.63	63.364412	68.93
5.34774	0.4	12.	-45.65	99.99	72.757495
4.403909	0.4	12.	-51.19	107.18	76.5531
5.316746	0.4	12.	-44.35	113.39	68.612497
4.719372	0.4	12.	-62.93	99.66	67.906276
5.539882	0.4	12.	-89.33	40.172505	72.34
4.705713	0.4	12.	-60.32	16.62	76.359878
4.400936	0.4	12.	-51.84	15.27414	72.34
4.89713	0.4	12.	-82.16	28.39	67.450371
7.268375	0.4	12.	-27.793801	9.1	72.34
4.44132	0.4	12.	-23.49	20.018339	72.34
4.406821	0.4	12.	-15.34	24.14	69.494999
4.654808	0.4	12.	-7.19	24.79	77.763555
4.570228	0.4	12.	-39.13	52.718251	73.48
4.428277	0.4	12.	-47.28	57.16	71.710203
4.569619	0.4	12.	-6.87	73.28069	73.48
4.920833	0.4	12.	11.06	94.1	77.860716
4.768039	0.4	12.	5.73479	103.58	73.48
5.29291	0.4	12.	10.41	113.72	68.618477
4.729357	0.4	12.	-0.02	114.37	70.200576
4.612818	0.4	12.	-8.860366	118.62	73.48
4.370095	0.4	12.	0.3	123.243666	73.48
6.553789	0.4	12.	-5.56	135.517419	73.48
4.53057	0.4	12.	24.943907	108.81	73.48
4.629292	0.4	12.	15.95	107.83	75.802192
4.928528	0.4	12.	-30.66	97.7	75.237529
4.374161	0.4	12.	-39.932097	62.39	73.48
4.904615	0.4	12.	-15.34	54.810446	73.48
4.46188	0.4	12.	-42.462536	29.37	73.48
4.670262	0.4	12.	-33.352248	23.15	73.48
4.567546	0.4	12.	23.45	62.864209	74.99
5.370369	0.4	12.	15.62	59.12	70.138296
4.679337	0.4	12.	-15.67	29.04	77.819947
4.798893	0.4	12.	-56.41	92.550213	74.99
4.670032	0.4	12.	9.76	124.846583	74.99
4.894118	0.4	12.	-24.14	64.150401	74.99
4.830622	0.4	12.	-15.503332	69.58	74.99
4.601942	0.4	12.	25.4	82.33	70.620564
8.937528	0.4	12.	37.383397	88.22	74.99
9.000815	0.4	12.	-89.987867	82.99	74.99
6.000607	0.4	12.	-41.74	0.86669	74.99
4.386219	0.4	12.	-41.886125	44.08	74.99
4.675959	0.4	12.	-1.98	29.69	70.421141
5.331982	0.4	12.	-21.53	92.79	80.291622
4.563965	0.4	12.	9.138662	53.23	74.99
4.371448	0.4	12.	13.99	74.81	73.015241
4.543417	0.4	12.	6.17	87.89	72.574973
4.512927	0.4	12.	-49.941718	24.14	74.99
4.378391	0.4	12.	-39.46	119.881087	74.99
4.692769	0.4	12.	-21.53	49.31	79.340601
4.480798	0.4	12.	-77.802178	38.85	74.99
4.710511	0.4	12.	-50.21	84.29	77.994919
5.116913	0.4	12.	-69.12	91.16	73.892142
6.079162	0.4	12.	-79.893466	94.76	77.11
4.911741	0.4	12.	-3.93	107.131365	77.11
4.780467	0.4	12.	17.58	118.62	80.243987
4.832084	0.4	12.	-14.36	101.29	74.380819
4.585112	0.4	12.	-12.73	79.06	81.618392
4.383913	0.4	12.	-24.79	28.660111	77.11
4.509086	0.4	12.	-77.875128	49.64	77.11
4.682629	0.4	12.	-14.714445	129.41	77.11
6.258651	0.4	12.	-26.1	128.805718	77.11
4.626568	0.4	12.	-30.380209	75.79	77.11
4.882137	0.4	12.	-33.92	63.7	80.818977
5.68118	0.4	12.	-66.84	33.269515	77.11
4.645688	0.4	12.	-40.44	15.96	75.731261
4.41378	0.4	12.	-11.1	60.75	83.084773
4.945713	0.4	12.	1.272595	69.91	78.93
4.872963	0.4	12.	6.17	79.06	76.689391
4.814001	0.4	12.	-13.38	44.73	77.023801
4.469785	0.4	12.	2.91	46.37	75.30027
4.92784	0.4	12.	30.94	70.56	74.798061
4.38634	0.4	12.	26.7	78.582548	78.93
5.300489	0.4	12.	-13.38	108.49	83.39627
4.533096	0.4	12.	-10.13	122.55	83.405419
4.921795	0.4	12.	-17.3	118.011817	78.93
4.651774	0.4	12.	-22.84	108.970792	78.93
4.769536	0.4	12.	-49.56	116.195076	78.93
4.513735	0.4	12.	-61.787895	106.85	78.93
5.652139	0.4	12.	-41.74	23.81	82.353289
4.753757	0.4	12.	7.15	63.04	75.389696
4.68972	0.4	12.	-3.61	59.45	77.122306
4.653596	0.4	12.	-8.82	32.64	83.311635
4.594389	0.4	12.	-4.91	45.06	82.582967
4.501596	0.4	12.	-20.56	83.97	74.883358
6.221347	0.4	12.	6.82	26.528864	78.93
4.610081	0.4	12.	26.461217	42.77	78.93
4.388842	0.4	12.	-97.878782	44.73	78.93
5.351512	0.4	12.	-48.26	13.35	82.733542
5.684935	0.4	12.	-9.15	13.456972	78.93
4.621342	0.4	12.	-7.52	84.62	74.548187
4.941715	0.4	12.	-37.83	109.14	79.401928
4.523236	0.4	12.	20.19	87.08953	78.93
4.40759	0.4	12.	3.56	109.14	82.477523
4.899573	0.4	12.	-90.156877	31.	78.93
4.451271	0.4	12.	-81.83	23.81	80.750346
4.579117	0.4	12.	-57.06	29.69	76.965907
4.570075	0.4	12.	-57.06	44.08	78.69114
4.756818	0.4	12.	-32.94	30.02	83.237853
4.86021	0.4	12.	32.286099	52.58	78.93
4.784832	0.4	12.	41.689284	73.83	78.93
4.501512	0.4	12.	25.73	99.01	77.131571
4.451287	0.4	12.	14.32	101.62	84.916433
4.688834	0.4	12.	20.51	94.43	85.113538
4.440494	0.4	12.	0.3	82.	85.181611
4.40933	0.4	12.	15.3	47.241258	80.83
4.574589	0.4	12.	24.1	49.96	84.848572
5.023189	0.4	12.	-17.62	40.16	84.77487
4.716196	0.4	12.	-26.1	36.883552	80.83
4.615902	0.4	12.	-67.49	62.06	77.376543
4.764941	0.4	12.	-66.19	47.35	77.563419
4.856085	0.4	12.	-78.9	62.415259	80.83
4.657688	0.4	12.	2.628977	90.18	80.83
4.39994	0.4	12.	-4.26	97.7	82.916057
4.402119	0.4	12.	18.56	73.902388	80.83
4.626602	0.4	12.	13.67	66.31	82.102943
5.681906	0.4	12.	13.67	82.	86.275614
5.116445	0.4	12.	26.05	67.62	84.549599
6.423534	0.4	12.	34.334789	104.89	80.83
4.435379	0.4	12.	-58.855092	52.91	80.83
4.774832	0.4	12.	-41.41	36.23	79.860375
4.676143	0.4	12.	-88.534233	58.14	80.83
4.542154	0.4	12.	-84.24379	42.12	80.83
4.373986	0.4	12.	-59.67	35.25	84.379119
5.90511	0.4	12.	-63.58	23.755827	83.63
4.999767	0.4	12.	-75.648654	35.25	83.63
4.685761	0.4	12.	-65.86	55.85	87.962315
5.346577	0.4	12.	-79.56948	77.75	83.63
4.389383	0.4	12.	-46.63	68.27	80.587609
4.690373	0.4	12.	-21.86	58.79	84.64172
4.529542	0.4	12.	-70.1	83.64	82.15943
4.856915	0.4	12.	-1.	18.613343	83.63
5.459413	0.4	12.	-29.03	85.27	88.848297
4.67127	0.4	12.	-10.45	87.727335	85.6
5.083141	0.4	12.	-27.07	104.89	87.182462
4.412198	0.4	12.	-45.33	92.79	89.97676
4.746229	0.4	12.	-54.13	75.37765	85.6
4.955995	0.4	12.	-65.86	68.447719	85.6
4.413696	0.4	12.	-0.02	54.597088	85.6
5.074952	0.4	12.	-80.2	67.29	89.724112
5.156808	0.4	12.	-88.02	68.27	80.679666
5.512618	0.4	12.	-94.87	54.54	90.52755
4.469017	0.4	12.	-67.672897	40.16	85.6
4.513386	0.4	12.	-50.546056	32.31	85.6
4.740079	0.4	12.	10.73	43.1	89.317683
4.884596	0.4	12.	33.22	63.37	90.163884
6.332825	0.4	12.	41.175195	56.83	85.6
4.962208	0.4	12.	-37.5	90.83	81.987562
4.646062	0.4	12.	-38.956947	71.54	85.6
5.508473	0.4	12.	-44.02	104.56	86.923241
4.758761	0.4	12.	-48.91	96.06	81.902014
4.691318	0.4	12.	-39.287172	82.	85.6
4.940832	0.4	12.	-55.1	61.08	83.839723
4.386226	0.4	12.	-50.620982	42.12	85.6
4.429477	0.4	12.	-28.703818	44.73	85.6
4.861001	0.4	12.	-30.01	54.21	80.789746
5.038564	0.4	12.	-84.334886	50.62	85.6
4.444095	0.4	12.	-45.98	76.77	89.99587
4.488638	0.4	12.	-2.63	64.157958	85.6
5.478171	0.4	12.	-55.732907	106.2	87.57
4.384008	0.4	12.	-63.25	97.37	85.575194
4.564344	0.4	12.	-25.12	15.280845	88.78
4.448341	0.4	12.	-36.2	48.895417	88.78
4.667693	0.4	12.	-40.76	57.16	84.276596
4.450523	0.4	12.	-1.33	76.45	91.953846
4.4111	0.4	12.	-7.52	71.87	87.145629
5.659757	0.4	12.	8.45	93.45	90.837083
5.553862	0.4	12.	24.42	108.16	86.834711
5.173615	0.4	12.	11.71	111.76	88.500428
4.808789	0.4	12.	1.40279	115.68	88.78
8.273622	0.4	12.	1.93	128.787431	88.78
4.667199	0.4	12.	-31.039766	96.06	88.78
4.642214	0.4	12.	-51.84	85.242446	88.78
5.281367	0.4	12.	-62.6	80.202624	88.78
4.794343	0.4	12.	-93.89	34.6	87.412048
4.556544	0.4	12.	-7.84	24.115867	88.78
5.087077	0.4	12.	-16.32	20.87	84.021636
4.739787	0.4	12.	-12.08	51.6	84.938309
4.436628	0.4	12.	-18.6	69.91	90.962475
4.508634	0.4	12.	26.38	84.249739	90.22
4.859977	0.4	12.	31.27	94.76	89.794171
4.894515	0.4	12.	-46.63	50.29	89.044121
4.647888	0.4	12.	-41.09	32.237938	90.22
4.694487	0.4	12.	-40.76	3.149554	90.22
4.462004	0.4	12.	-37.330251	12.37	90.22
4.505376	0.4	12.	-57.185913	18.58	90.22
4.532278	0.4	12.	-82.467185	39.83	90.22
5.236052	0.4	12.	-75.817425	55.2	90.22
5.861861	0.4	12.	-40.44	121.770183	90.22
5.676789	0.4	12.	-56.08	94.76	92.397217
4.834047	0.4	12.	19.21	60.75	94.035704
4.906007	0.4	12.	13.34	56.83	87.017942
4.394641	0.4	12.	-14.69	32.369661	91.05
4.609398	0.4	12.	-28.05	74.16	89.479713
5.173085	0.4	12.	-28.38	63.7	90.934911
5.862264	0.4	12.	-17.3	99.01	92.95619
4.721348	0.4	12.	20.84	118.138716	93.1
4.59084	0.4	12.	-3.93	106.977406	93.1
4.603805	0.4	12.	23.13643	76.12	93.1
4.483558	0.4	12.	-69.12	91.16	92.758641
4.392765	0.4	12.	-78.9	47.35	95.003881
4.695155	0.4	12.	-76.29	31.925687	93.1
4.70933	0.4	12.	-40.11	22.367304	93.1
4.611213	0.4	12.	-25.77	26.42	89.996395
6.351374	0.4	12.	-55.1	124.33295	93.1
5.634952	0.4	12.	-72.778582	76.45	93.1
4.410812	0.4	12.	-1.33	31.265762	93.1
4.7649	0.4	12.	13.34	33.080206	93.1
4.436311	0.4	12.	-10.78	77.1	94.528232
4.768291	0.4	12.	5.84	67.62	90.43661
4.58399	0.4	12.	9.43	76.010162	94.01
4.465133	0.4	12.	34.202648	48.66	94.01
4.454904	0.4	12.	-1.533938	46.04	94.01
5.288533	0.4	12.	-80.53	22.191027	94.01
5.992784	0.4	12.	-58.69	28.400989	94.01
5.375496	0.4	12.	-46.49594	13.67	94.01
4.449872	0.4	12.	-9.8	64.35	92.385653
4.732223	0.4	12.	-11.76	55.337649	94.01
4.815316	0.4	12.	-38.714689	109.47	95.75
4.658132	0.4	12.	-55.1	112.08	96.91665
4.654142	0.4	12.	-63.667443	105.87	95.75
4.680182	0.4	12.	-77.446785	87.24	96.58
4.456952	0.4	12.	-66.51	62.846681	97.49
4.395176	0.4	12.	-71.73	69.25	100.834844
5.410048	0.4	12.	-88.657555	30.35	97.49
4.41325	0.4	12.	-88.050373	40.81	97.49
4.421436	0.4	12.	-28.05	34.002042	98.32
4.465477	0.4	12.	-19.487924	39.18	98.32
4.42282	0.4	12.	-12.08	44.448606	98.32
4.591655	0.4	12.	-9.657101	35.58	98.32
4.67494	0.4	12.	19.21	49.96	95.632683
4.45864	0.4	12.	27.567976	53.89	98.32
4.611446	0.4	12.	-1.	83.704731	98.32
4.593824	0.4	12.	24.880793	92.79	98.32
5.101825	0.4	12.	28.66	103.58	96.630409
4.843482	0.4	12.	-24.14	75.401425	98.32
4.452678	0.4	12.	-34.777485	61.73	98.32
4.430394	0.4	12.	-2.63	97.7	95.585992
4.532051	0.4	12.	13.34	106.582515	98.32
4.41436	0.4	12.	16.6	97.04	96.091139
4.377686	0.4	12.	16.688356	82.33	98.32
4.626279	0.4	12.	-20.893104	108.49	98.32
4.867018	0.4	12.	-57.39	50.62	93.716449
4.497087	0.4	12.	-69.12	46.69	94.039304
5.592391	0.4	12.	-38.81	40.81	95.450048
4.557489	0.4	12.	-48.300822	24.14	98.32
4.498201	0.4	12.	-14.69	14.98	95.691426
4.448623	0.4	12.	22.379831	37.87	98.32
5.209617	0.4	12.	4.809874	38.52	98.32
4.525703	0.4	12.	14.899392	68.27	98.32
5.507224	0.4	12.	42.024028	67.29	98.32
4.51616	0.4	12.	-22.19	91.522821	98.32
5.280013	0.4	12.	-17.3	82.99	100.10878
5.147308	0.4	12.	-81.366027	58.14	99.16
4.986986	0.4	12.	-91.28	60.43	103.635261
5.333111	0.4	12.	-82.684105	75.79	99.16
4.93229	0.4	12.	-63.9	19.701125	99.16
4.372655	0.4	12.	-58.04	39.5	96.783836
5.121637	0.4	12.	-50.87	67.95	101.991391
5.769209	0.4	12.	-44.35	61.41	94.480875
4.41527	0.4	12.	-21.295819	48.	99.16
4.569818	0.4	12.	-18.625865	60.43	99.16
4.674155	0.4	12.	6.82	49.96	95.08413
4.898383	0.4	12.	9.565408	59.77	99.16
4.625196	0.4	12.	33.22	88.27133	99.16
4.87959	0.4	12.	3.957139	22.17	99.16
4.564369	0.4	12.	-8.5	91.81	100.029607
4.395204	0.4	12.	21.16	103.91	102.965702
4.414988	0.4	12.	32.515674	63.04	101.96
4.928351	0.4	12.	-50.475452	79.72	101.35
4.920827	0.4	12.	-40.44	69.585475	101.35
4.45641	0.4	12.	-27.73	83.97	99.103086
4.920624	0.4	12.	-32.61	91.712548	101.35
4.948049	0.4	12.	-30.33	104.56	97.081216
8.949527	0.4	12.	-24.14	121.936051	101.35
4.417705	0.4	12.	11.06	121.723233	101.35
4.45108	0.4	12.	-27.030786	55.52	101.35
4.645312	0.4	12.	-27.4	41.46	103.522318
4.528517	0.4	12.	0.63	53.551039	101.35
5.064585	0.4	12.	-1.33	61.73	96.429113
4.524002	0.4	12.	14.732362	43.43	101.35
5.311842	0.4	12.	-56.73	58.72754	102.19
4.393095	0.4	12.	-41.429232	102.93	102.19
4.796976	0.4	12.	-41.41	81.35	97.809658
4.697918	0.4	12.	-11.43	110.84206	102.19
4.48	0.4	12.	8.471569	85.27	102.19
5.038898	0.4	12.	-52.82	33.62	102.879029
4.704473	0.4	12.	-64.56	51.498003	102.19
4.647786	0.4	12.	-71.73	43.188274	102.19
5.320592	0.4	12.	-81.5	65.	107.161194
5.135976	0.4	12.	-88.047963	50.62	102.19
6.054884	0.4	12.	-97.203577	43.1	102.19
4.55255	0.4	12.	-51.189455	100.64	103.02
5.07864	0.4	12.	-47.61	109.14	106.294356
4.429884	0.4	12.	-15.955613	21.19	103.85
4.44679	0.4	12.	-5.56	15.64	105.7367
4.412053	0.4	12.	-36.53	48.33	107.515357
4.802779	0.4	12.	-40.76	56.797804	103.85
5.280689	0.4	12.	0.467696	75.47	103.85
4.447883	0.4	12.	11.210489	95.74	103.85
4.803151	0.4	12.	9.76	110.45	106.233983
4.622758	0.4	12.	1.93	122.623832	103.85
4.449759	0.4	12.	-3.28	115.35	106.514878
4.425378	0.4	12.	-45.315143	93.12	103.85
4.797991	0.4	12.	-61.62	78.08	99.818428
6.419194	0.4	12.	-25.77	19.89	99.192601
5.07847	0.4	12.	-6.87	25.77	104.375632
4.399062	0.4	12.	-17.135919	12.04	103.85
4.417779	0.4	12.	-26.1	9.33703	103.85
6.016959	0.4	12.	41.674335	55.85	104.76
4.442978	0.4	12.	-8.466193	84.62	105.6
4.760777	0.4	12.	19.53	89.483032	105.6
5.45425	0.4	12.	25.4	81.02	102.743324
4.472194	0.4	12.	-12.73	69.58	101.303906
4.976597	0.4	12.	-20.23	70.89	107.387137
5.201173	0.4	12.	-45.65	47.68	101.030478
5.064039	0.4	12.	-50.87	55.85	110.341642
4.510964	0.4	12.	-64.23	43.43	109.153028
5.042959	0.4	12.	8.78	28.125709	105.6
4.402118	0.4	12.	-25.729516	96.39	105.6
4.875324	0.4	12.	-37.18	96.39	109.039437
4.575393	0.4	12.	3.56	102.056141	105.6
4.379962	0.4	12.	-8.5	101.266445	105.6
5.101327	0.4	12.	-38.00194	113.06	105.6
5.094414	0.4	12.	-60.64	100.6898	105.6
4.531573	0.4	12.	-55.1	92.506178	105.6
4.696887	0.4	12.	-70.75	82.66	101.397705
4.579138	0.4	12.	-49.24	85.93	109.465078
4.510448	0.4	12.	31.59	98.925119	105.6
6.03636	0.4	12.	31.467277	109.79	105.6
5.397257	0.4	12.	20.19	114.730228	105.6
4.436107	0.4	12.	-6.87	52.91	106.456954
4.589236	0.4	12.	-22.012669	33.62	105.6
4.571562	0.4	12.	-38.654615	35.91	105.6
4.407307	0.4	12.	-55.155658	44.08	105.6
5.287371	0.4	12.	-71.73	59.673467	105.6
5.016148	0.4	12.	-82.635202	36.89	105.6
4.590413	0.4	12.	-34.24	81.627756	105.6
4.495084	0.4	12.	11.06	52.884727	107.26
4.507565	0.4	12.	18.23	57.48	103.285508
4.447654	0.4	12.	-14.36	30.67	110.030281
4.546849	0.4	12.	-25.12	26.1	112.068307
4.541567	0.4	12.	-1.33	29.37	112.127367
5.08061	0.4	12.	10.41	38.838058	109.08
4.427071	0.4	12.	29.31	53.035913	109.08
4.520355	0.4	12.	29.31	38.727324	109.08
4.558836	0.4	12.	36.329556	47.35	109.08
4.388354	0.4	12.	24.1	63.7	108.506642
4.752387	0.4	12.	9.43	78.535242	109.08
4.553964	0.4	12.	18.88	78.08	111.235059
4.496113	0.4	12.	9.43	61.893117	109.08
4.861127	0.4	12.	6.5	69.91	113.601226
5.236481	0.4	12.	10.41	89.52	112.340642
5.117259	0.4	12.	-15.99	91.16	109.262334
4.518413	0.4	12.	-12.73	62.078907	109.08
4.709021	0.4	12.	-11.76	75.14	109.494034
4.945779	0.4	12.	-28.38	63.044518	109.08
5.144344	0.4	12.	-32.94	72.85	113.76479
4.650054	0.4	12.	-69.44	74.16	109.246329
4.573906	0.4	12.	-74.290179	90.18	109.08
5.522391	0.4	12.	-52.82	122.819937	109.08
5.050881	0.4	12.	-40.44	123.537482	109.08
4.633527	0.4	12.	-60.64	114.37	104.896619
4.478456	0.4	12.	-77.59	43.43	111.022488
4.663494	0.4	12.	-77.59	50.29	104.532488
7.171145	0.4	12.	-73.03	24.786041	109.08
5.03904	0.4	12.	-31.31	17.776235	109.08
4.88532	0.4	12.	-41.74	21.676477	109.08
4.528828	0.4	12.	-58.991468	28.06	109.08
5.185976	0.4	12.	-46.3	9.157846	109.08
4.503617	0.4	12.	-12.096132	45.06	109.08
4.785255	0.4	12.	-1.65	45.06	104.976903
4.395997	0.4	12.	19.135262	31.98	109.08
4.42004	0.4	12.	-5.24	67.95	111.834793
4.403528	0.4	12.	-15.67	53.89	106.071256
4.642486	0.4	12.	-24.143164	50.95	109.08
4.526143	0.4	12.	32.25	73.318789	109.08
4.864368	0.4	12.	-1.98	105.87	112.39695
4.483672	0.4	12.	-17.95	100.64	106.846464
4.60891	0.4	12.	-58.36	82.247389	109.08
4.434643	0.4	12.	-64.940596	92.47	109.08
4.469305	0.4	12.	1.93	91.49	107.88445
4.585843	0.4	12.	-54.13	113.06	112.685545
5.247127	0.4	12.	-67.70279	107.18	111.81
4.490601	0.4	12.	-63.9	57.747835	113.47
4.459105	0.4	12.	-72.38	68.6	117.626673
4.535428	0.4	12.	-23.49	77.1	117.94944
4.9372	0.4	12.	-37.090308	60.43	113.47
5.428111	0.4	12.	-5.241082	38.85	113.47
4.546452	0.4	12.	20.51	49.64	109.000807
4.426383	0.4	12.	15.95	68.314238	114.38
4.434009	0.4	12.	24.1	90.625523	114.38
4.694899	0.4	12.	30.94	85.27	110.450912
4.646918	0.4	12.	30.762466	102.93	114.38
4.813903	0.4	12.	43.33	74.079895	114.38
5.535976	0.4	12.	-1.33	82.558559	114.38
4.576395	0.4	12.	-17.95	82.	112.016133
4.6034	0.4	12.	-30.33	34.27	111.270311
4.499742	0.4	12.	-16.64	50.171687	115.29
5.926001	0.4	12.	-1.65	17.112254	115.29
4.857064	0.4	12.	-53.11663	64.68	115.29
4.798643	0.4	12.	-62.987442	67.29	115.29
6.903253	0.4	12.	-82.522034	74.81	115.29
4.644932	0.4	12.	-77.92	58.481477	115.29
4.651839	0.4	12.	4.22	36.23	118.080365
4.592499	0.4	12.	-6.21	92.47	113.175718
4.614117	0.4	12.	21.82	100.64	112.940681
4.798502	0.4	12.	12.36	103.26	114.159086
4.58363	0.4	12.	11.39	81.35	118.321445
6.206773	0.4	12.	-24.79	112.41	120.854163
4.948223	0.4	12.	-13.06	113.72	113.005364
4.833567	0.4	12.	11.71	117.67321	117.26
4.690927	0.4	12.	28.193969	63.7	117.26
4.434216	0.4	12.	5.84	56.024335	117.26
4.92099	0.4	12.	15.95	43.346715	117.26
4.392876	0.4	12.	21.82	35.842076	117.26
4.386928	0.4	12.	-26.75	40.777707	117.26
5.364726	0.4	12.	-24.47	87.481138	117.26
4.463297	0.4	12.	-32.61	95.377886	117.26
4.506478	0.4	12.	-3.732842	53.56	117.26
4.923823	0.4	12.	-17.3	38.85	114.626095
4.557907	0.4	12.	-37.813517	39.5	117.26
4.52379	0.4	12.	-51.19	27.41	115.608462
4.527333	0.4	12.	-54.45	37.361107	117.26
4.747823	0.4	12.	-57.678659	48.98	117.26
4.833649	0.4	12.	-43.37	70.23	113.393895
4.56536	0.4	12.	-46.96	77.43	120.509137
4.749171	0.4	12.	-56.08	74.81	118.031851
4.441634	0.4	12.	-41.09	87.56	113.256074
4.736163	0.4	12.	-24.47	103.91	113.814009
5.45831	0.4	12.	-36.427593	105.22	117.26
4.869312	0.4	12.	-12.41	104.643087	117.26
4.37028	0.4	12.	-2.3	63.04	119.924633
4.598027	0.4	12.	-22.51	58.14	115.538038
5.318841	0.4	12.	5.19	46.37	114.012229
4.710993	0.4	12.	-69.77	47.35	123.414307
4.705161	0.4	12.	-70.75	40.16	116.441894
4.701087	0.4	12.	-33.303448	51.93	119.15
4.42818	0.4	12.	-43.1737	54.87	119.15
4.684645	0.4	12.	-42.07	63.7	121.220688
5.023374	0.4	12.	-11.76	22.17	115.16552
4.777685	0.4	12.	22.79	73.216169	119.15
4.393979	0.4	12.	6.022668	108.49	119.15
4.473842	0.4	12.	2.91	118.3	121.84546
7.157854	0.4	12.	-6.21	126.420035	119.15
4.636858	0.4	12.	-5.598027	111.1	119.99
8.783052	0.4	12.	48.987711	60.75	119.99
4.734148	0.4	12.	-1.78619	73.83	119.99
4.371884	0.4	12.	-48.59	47.229255	120.82
4.374588	0.4	12.	-73.441564	82.33	120.82
4.52245	0.4	12.	-47.17353	88.22	121.65
4.522052	0.4	12.	-56.41	90.83	117.610206
4.982045	0.4	12.	-47.93	107.363263	121.65
5.064427	0.4	12.	-39.79	116.464976	121.65
5.018045	0.4	12.	-52.17	96.06	126.570063
4.487698	0.4	12.	13.02	110.78	125.342161
4.853512	0.4	12.	19.53	103.871233	121.65
4.589503	0.4	12.	18.56	56.976664	122.49
4.392644	0.4	12.	10.906672	50.62	122.49
6.520815	0.4	12.	-18.27	15.160675	122.49
4.509954	0.4	12.	9.76	29.04	119.888962
4.577705	0.4	12.	-9.8	35.928298	122.49
4.383217	0.4	12.	16.27	95.74	118.526007
4.726455	0.4	12.	-7.085167	98.35	122.49
4.866116	0.4	12.	-24.79	97.668643	122.49
5.151571	0.4	12.	-33.373835	82.	122.49
4.576823	0.4	12.	-47.036314	38.52	122.49
4.557468	0.4	12.	-51.988117	56.83	122.49
4.461234	0.4	12.	-62.959321	56.18	122.49
4.390357	0.4	12.	-65.1052	79.06	122.49
4.426324	0.4	12.	-38.16	32.31	124.834959
4.419814	0.4	12.	-61.8901	37.87	122.49
5.531096	0.4	12.	-63.9	22.779644	123.4
4.560737	0.4	12.	-71.338031	33.29	123.4
4.84635	0.4	12.	-15.01	66.64	119.893227
4.409967	0.4	12.	11.06	64.68	121.793832
4.48471	0.4	12.	21.82	65.33	124.342309
4.54209	0.4	12.	6.82	75.968262	124.23
4.535021	0.4	12.	-14.69	93.45	120.147308
4.521426	0.4	12.	-0.67	104.89	127.896218
4.375084	0.4	12.	19.407718	87.89	124.23
4.542475	0.4	12.	9.43	94.529187	124.23
4.835843	0.4	12.	36.48	67.092524	124.23
5.373302	0.4	12.	32.57	77.1	119.596498
4.411926	0.4	12.	31.27	45.14503	124.23
4.482469	0.4	12.	22.155806	41.79	124.23
4.560187	0.4	12.	-1.98	29.086928	124.23
4.609576	0.4	12.	14.65	36.609386	124.23
4.993296	0.4	12.	0.253084	46.69	124.23
5.665692	0.4	12.	-10.78	79.39	121.067037
4.718876	0.4	12.	-8.17	69.58	126.764359
4.458486	0.4	12.	-61.3	92.14	127.580298
4.46388	0.4	12.	-58.04	84.325195	124.23
5.369883	0.4	12.	-69.77	87.24	129.427985
4.375353	0.4	12.	-25.77	48.33	123.068788
4.475307	0.4	12.	-10.302787	54.87	125.06
4.509746	0.4	12.	-39.46	47.844919	125.06
4.657531	0.4	12.	-21.53	27.5906	125.06
5.167128	0.4	12.	-25.44	65.66	121.553291
4.512961	0.4	12.	-33.92	70.23	124.090802
4.624937	0.4	12.	-61.343333	69.91	125.06
4.869712	0.4	12.	-68.79	75.79	130.402951
4.426451	0.4	12.	-70.42	61.08	123.486306
4.572204	0.4	12.	-24.47	81.522852	128.55
5.023648	0.4	12.	-22.84	72.2	131.383882
4.575914	0.4	12.	-35.87	61.992519	128.55
4.527469	0.4	12.	-28.025684	56.18	128.55
4.492324	0.4	12.	-4.26	41.46	132.14807
4.699002	0.4	12.	-10.78	45.71	124.451778
4.472712	0.4	12.	-23.16	37.21	126.18707
4.859409	0.4	12.	27.03	67.62	132.584786
4.38557	0.4	12.	-18.27	88.779175	128.55
4.505334	0.4	12.	-27.776032	90.51	128.55
5.021282	0.4	12.	2.233094	67.95	128.55
4.443015	0.4	12.	-17.712089	99.66	128.55
5.159885	0.4	12.	3.56	86.58	123.869078
4.402439	0.4	12.	-56.41	109.47	125.26333
7.890714	0.4	12.	-0.67	14.766249	130.59
4.638547	0.4	12.	8.78	23.81	127.927495
5.014321	0.4	12.	-9.111165	28.06	130.59
4.424351	0.4	12.	-16.97	79.39	134.250278
4.702624	0.4	12.	-49.079614	82.33	130.59
4.563507	0.4	12.	-48.59	69.25	126.897235
4.448384	0.4	12.	-47.93	57.939611	130.59
4.958954	0.4	12.	-34.9	98.35	127.697818
4.600509	0.4	12.	16.023995	69.25	130.59
5.287175	0.4	12.	24.42	108.364071	130.59
4.83332	0.4	12.	29.31	100.31	135.241558
4.614282	0.4	12.	29.31	86.25	128.361562
4.688825	0.4	12.	42.68	71.22	135.073064
4.658799	0.4	12.	38.375274	82.66	130.59
4.404961	0.4	12.	21.49	89.52	132.643684
4.417227	0.4	12.	30.29	96.06	127.075888
4.436074	0.4	12.	0.63	94.361059	130.59
4.607641	0.4	12.	-3.61	77.43	129.302715
4.832176	0.4	12.	28.66	58.46	129.003217
5.39005	0.4	12.	24.142535	49.31	130.59
4.659805	0.4	12.	2.26	33.212793	131.43
4.466047	0.4	12.	20.399408	99.33	131.43
4.660827	0.4	12.	10.530895	101.95	131.43
4.538752	0.4	12.	-6.54	85.968237	131.43
4.415152	0.4	12.	-8.5	96.344153	131.43
4.673715	0.4	12.	12.04	82.66	128.557332
4.613959	0.4	12.	3.89	81.02	133.462519
4.377351	0.4	12.	25.73	76.12	127.417718
4.557088	0.4	12.	-40.11	76.45	127.277677
4.418254	0.4	12.	-32.156267	76.77	131.43
4.380872	0.4	12.	-56.41	63.04	128.819955
4.403978	0.4	12.	-64.56	64.68	134.290598
4.371605	0.4	12.	-72.121585	56.5	131.43
4.402298	0.4	12.	18.23	59.743856	131.43
4.990545	0.4	12.	-19.9	50.089068	131.43
4.382506	0.4	12.	-1.	57.48	128.444446
4.698544	0.4	12.	7.622672	53.89	132.41
4.436215	0.4	12.	4.160508	45.06	133.24
4.402117	0.4	12.	14.32	44.08	130.114323
4.560652	0.4	12.	37.982691	62.39	133.24
4.393177	0.4	12.	-2.63	62.72	135.639984
4.548191	0.4	12.	-39.321093	38.52	133.24
4.916072	0.4	12.	-29.603587	43.43	133.24
4.478539	0.4	12.	-45.	74.81	135.939945
4.371917	0.4	12.	-36.2	90.18	137.000769
4.429204	0.4	12.	-42.72	89.2	130.347239
4.450643	0.4	12.	-26.1	103.58	130.255518
6.084854	0.4	12.	-26.42	117.257025	133.24
5.657056	0.4	12.	-14.69	119.580456	133.24
4.780205	0.4	12.	-19.58	60.1	128.914017
4.697579	0.4	12.	-15.34	41.053014	133.24
4.451014	0.4	12.	-42.07	24.14	128.810111
5.060608	0.4	12.	-38.48	15.864533	133.24
5.469961	0.4	12.	-49.583651	18.58	133.24
5.038928	0.4	12.	-30.198832	22.5	133.24
4.445739	0.4	12.	-56.275563	30.35	133.24
4.417464	0.4	12.	-46.3	31.071582	133.24
4.599034	0.4	12.	-65.329752	49.31	133.24
4.692627	0.4	12.	-17.3	105.22	137.657974
4.837154	0.4	12.	-15.34	108.81	128.905128
4.664643	0.4	12.	3.56	114.310598	133.24
4.468517	0.4	12.	21.82	36.23	132.243956
5.363428	0.4	12.	-50.87	118.755154	133.24
4.377664	0.4	12.	-37.644056	69.58	133.24
4.379475	0.4	12.	-35.55	54.487482	134.23
8.715293	0.4	12.	45.069836	100.31	135.29
4.393366	0.4	12.	7.47	106.2	139.063932
4.557052	0.4	12.	-8.177476	105.22	135.29
4.540487	0.4	12.	-6.21	114.19672	135.29
5.57045	0.4	12.	-34.9	105.87	138.829588
5.881965	0.4	12.	-49.24	52.91	141.765039
4.765868	0.4	12.	-47.93	46.04	131.494249
4.863434	0.4	12.	-61.531489	86.91	136.12
6.452955	0.4	12.	-48.26	105.22	141.531609
4.597323	0.4	12.	16.577061	106.85	137.03
4.425009	0.4	12.	-52.341734	88.22	137.03
4.984807	0.4	12.	-25.12	61.319349	137.03
4.876507	0.4	12.	-29.03	33.353563	137.03
4.913896	0.4	12.	-9.727814	52.25	137.03
4.733371	0.4	12.	-42.72	62.72	137.733061
4.393561	0.4	12.	-55.570262	96.72	137.03
5.179476	0.4	12.	-60.32	105.196954	137.03
4.936968	0.4	12.	-39.46	116.33	140.499623
4.404763	0.4	12.	14.32	115.35	140.884447
6.026775	0.4	12.	-1.98	125.360238	137.03
4.512817	0.4	12.	16.27	51.177057	138.62
4.591112	0.4	12.	-17.95	23.48	134.218532
4.990665	0.4	12.	-23.81	23.48	142.783257
4.454195	0.4	12.	-26.10715	95.74	138.62
4.478376	0.4	12.	-3.262893	96.06	138.62
4.512423	0.4	12.	6.084917	96.06	138.62
4.510437	0.4	12.	-37.232418	80.37	138.62
4.788506	0.4	12.	-63.9	77.698303	138.62
5.039632	0.4	12.	-54.45	62.651638	138.62
4.589433	0.4	12.	-61.95	58.14	142.647278
4.539895	0.4	12.	-18.6	32.64	135.599457
4.632386	0.4	12.	-50.21	38.070929	138.62
4.512306	0.4	12.	14.97	94.1	139.265676
4.566748	0.4	12.	23.8724	56.18	138.62
5.062287	0.4	12.	34.53	74.19066	139.76
4.479262	0.4	12.	-13.06	94.497297	139.76
5.148465	0.4	12.	-0.35	104.56	144.739338
4.719234	0.4	12.	-59.67	92.79	144.295132
4.590343	0.4	12.	-0.02	52.462545	139.76
6.492254	0.4	12.	29.978459	42.44	139.76
5.21328	0.4	12.	19.86	26.101962	139.76
4.486028	0.4	12.	6.82	29.980523	139.76
5.48079	0.4	12.	8.78	63.7	136.340458
4.56618	0.4	12.	0.52759	75.14	139.76
4.454997	0.4	12.	-11.43	84.62	141.749954
4.61301	0.4	12.	8.78	87.304933	139.76
4.493997	0.4	12.	10.08	76.595862	139.76
4.891206	0.4	12.	-22.84	44.966608	140.74
4.574244	0.4	12.	-29.36	51.97794	140.74
4.580011	0.4	12.	-36.741951	46.04	140.74
5.233402	0.4	12.	-38.16	27.566581	140.74
4.885972	0.4	12.	-44.35	41.79	145.393408
4.388642	0.4	12.	-3.93	34.92	138.935642
5.526147	0.4	12.	16.6	39.5	144.228685
4.544399	0.4	12.	-31.246847	72.52	140.74
4.517889	0.4	12.	-5.56	58.79	144.276052
4.409719	0.4	12.	-21.86	78.648862	144.38
4.683386	0.4	12.	-20.23	87.24	141.234422
4.734632	0.4	12.	-28.05	93.45	149.086708
5.843515	0.4	12.	-70.42	84.065802	144.38
4.382729	0.4	12.	-5.579525	46.69	144.38
4.401303	0.4	12.	28.66	64.35	141.357102
4.45079	0.4	12.	21.49	69.91	140.303264
4.663765	0.4	12.	-21.21	33.729871	144.38
4.436535	0.4	12.	-13.38	28.06	142.258601
4.456898	0.4	12.	-36.53	58.804312	144.38
4.967019	0.4	12.	-19.58	69.58	140.697531
4.406116	0.4	12.	-8.17	27.08	149.461491
4.372214	0.4	12.	11.06	25.468854	146.12
4.445769	0.4	12.	-4.26	77.43	149.262315
4.537747	0.4	12.	2.26	91.540196	146.12
5.448543	0.4	12.	13.34	69.532592	146.12
4.439912	0.4	12.	23.45	49.96	145.521498
4.641304	0.4	12.	-47.93	83.329796	146.12
4.539171	0.4	12.	-47.61	63.102215	146.12
4.551716	0.4	12.	-51.882268	71.87	146.12
4.540509	0.4	12.	-19.869269	97.7	146.12
4.562155	0.4	12.	-15.399432	47.68	146.12
4.432574	0.4	12.	11.027471	101.29	147.11
4.600967	0.4	12.	19.86	104.412272	147.11
4.399108	0.4	12.	37.260447	92.79	147.11
5.194097	0.4	12.	43.479207	72.85	147.11
4.435437	0.4	12.	13.67	82.	146.086902
6.155831	0.4	12.	-74.701535	73.18	147.11
4.436175	0.4	12.	-30.99	31.909078	147.11
4.479239	0.4	12.	1.61	26.339897	147.11
4.38318	0.4	12.	21.248157	63.37	147.11
4.90505	0.4	12.	-40.11	105.190948	149.99
4.820383	0.4	12.	-27.07	103.054408	149.99
4.388401	0.4	12.	-36.53	94.76	153.749365
4.480484	0.4	12.	-45.98	92.667592	149.99
4.677823	0.4	12.	0.3	58.14	152.580355
4.591645	0.4	12.	3.89	49.987998	149.99
4.507583	0.4	12.	13.163173	47.35	149.99
5.345764	0.4	12.	23.696925	73.18	149.99
4.652726	0.4	12.	31.763111	80.7	149.99
4.431164	0.4	12.	-20.968527	41.46	149.99
4.40413	0.4	12.	2.26	41.14	146.079517
4.517738	0.4	12.	-34.24	41.14	149.082285
4.432399	0.4	12.	-43.7	56.5	150.872157
5.301069	0.4	12.	-38.81	69.147577	149.99
4.69664	0.4	12.	-46.63	75.47	152.96757
4.741492	0.4	12.	-27.728579	73.83	149.99
4.406844	0.4	12.	-17.62	58.79	146.079245
5.418059	0.4	12.	-10.13	102.789942	149.99
4.399202	0.4	12.	-7.19	86.91	149.211408
4.505517	0.4	12.	-15.99	84.292084	149.99
4.760432	0.4	12.	-37.83	88.22	145.92028
4.48371	0.4	12.	-31.64	54.21	152.091447
4.579731	0.4	12.	-20.597993	52.91	153.17
4.710874	0.4	12.	-5.89	50.319807	153.17
4.388307	0.4	12.	-11.76	58.530287	153.17
4.392692	0.4	12.	-47.93	48.521722	153.17
7.45426	0.4	12.	-43.7	29.394493	153.17
4.401827	0.4	12.	30.29	57.48	149.629119
4.832595	0.4	12.	10.73	53.23	158.331044
4.982787	0.4	12.	21.757359	56.83	154.23
4.546299	0.4	12.	-13.71	34.27	150.499755
4.619494	0.4	12.	-23.646808	30.02	154.23
5.042499	0.4	12.	-21.21	18.61158	154.23
4.928112	0.4	12.	-1.33	19.077348	154.23
4.770471	0.4	12.	-61.95	77.351169	154.23
4.52506	0.4	12.	-54.13	88.22	152.95697
4.835151	0.4	12.	-27.07	83.004693	154.23
4.612315	0.4	12.	-5.914962	94.43	154.23
4.42805	0.4	12.	17.337274	96.39	154.23
6.376262	0.4	12.	6.82	110.455876	154.23
4.570112	0.4	12.	39.143968	84.95	154.23
4.409867	0.4	12.	-52.078261	59.77	154.23
4.616545	0.4	12.	-60.143492	66.31	154.23
4.554618	0.4	12.	16.93	32.96	154.917628
4.516717	0.4	12.	8.78	61.73	151.567977
4.634513	0.4	12.	10.691113	73.18	155.14
4.697494	0.4	12.	-15.34	95.126114	155.14
4.479952	0.4	12.	-8.17	66.97	150.959311
7.141597	0.4	12.	-60.64	99.541968	155.14
4.428224	0.4	12.	-39.46	44.836595	156.88
4.765923	0.4	12.	-32.29	65.674114	156.88
4.81221	0.4	12.	10.73	89.85	153.891631
4.510608	0.4	12.	7.8	98.98848	156.88
5.339097	0.4	12.	30.366815	49.64	156.88
4.412294	0.4	12.	17.58	41.46	158.018901
4.402495	0.4	12.	-4.91	31.98	158.477775
4.634191	0.4	12.	5.19	25.914017	156.88
4.652735	0.4	12.	26.076884	96.06	158.09
4.456658	0.4	12.	27.36	86.996715	158.09
4.439738	0.4	12.	36.018215	76.77	158.09
5.000936	0.4	12.	-4.91	40.48	153.341581
4.735515	0.4	12.	-29.68	44.900027	158.09
5.012296	0.4	12.	-64.012679	87.89	158.09
4.532331	0.4	12.	-31.96	103.820757	158.09
4.998123	0.4	12.	-3.93	105.221784	158.09
4.695252	0.4	12.	40.07	96.72	155.512395
4.697734	0.4	12.	37.79	90.83	162.521165
5.03886	0.4	12.	-19.9	106.349595	158.09
4.807997	0.4	12.	26.30255	35.91	158.09
4.852005	0.4	12.	-7.84	48.	164.926292
4.382058	0.4	12.	30.62	65.	155.858061
4.596997	0.4	12.	23.362564	69.25	160.14
4.534867	0.4	12.	-14.88213	85.27	160.14
4.62298	0.4	12.	-22.51	77.43	164.130823
4.432613	0.4	12.	-32.018193	90.51	160.14
4.925946	0.4	12.	-22.19	90.83	164.843816
4.43837	0.4	12.	-23.544889	68.93	160.14
4.401183	0.4	12.	-10.45	73.561538	160.14
4.443781	0.4	12.	-6.21	59.77	162.584619
5.250742	0.4	12.	-70.061826	75.79	160.14
4.780341	0.4	12.	-36.85	55.195813	160.14
4.752302	0.4	12.	-15.99	26.1	159.358798
4.589716	0.4	12.	-16.390265	36.56	160.14
4.394831	0.4	12.	-49.24	70.89	161.051294
4.480532	0.4	12.	-3.28	83.31	157.804885
5.509202	0.4	12.	13.99	73.18	167.335192
4.421698	0.4	12.	-14.954494	54.21	161.88
4.454915	0.4	12.	-20.685473	47.35	161.88
4.737061	0.4	12.	13.67	26.511907	161.88
4.393923	0.4	12.	-8.82	20.495832	161.88
4.379595	0.4	12.	10.73	35.58	163.572998
5.210937	0.4	12.	7.15	65.743906	161.88
4.401254	0.4	12.	-47.61	83.31	157.755401
4.392822	0.4	12.	-54.78	80.17395	161.88
4.553537	0.4	12.	-24.47	97.37	157.441235
5.042339	0.4	12.	3.89	91.078499	161.88
4.459564	0.4	12.	20.19	78.774015	161.88
4.640923	0.4	12.	40.39	81.68	164.920143
4.48959	0.4	12.	18.56	63.37	165.531933
4.493997	0.4	12.	13.67	46.606301	165.44
4.809547	0.4	12.	5.52	48.	169.714471
4.446607	0.4	12.	24.42	73.18	169.501721
4.498547	0.4	12.	11.06	82.	161.481669
4.936681	0.4	12.	-6.21	87.56	166.658807
4.819102	0.4	12.	-15.01	82.	169.192824
4.417184	0.4	12.	-33.59	86.58	168.92254
4.49345	0.4	12.	-37.5	64.747917	165.44
5.01632	0.4	12.	-45.396531	57.48	165.44
4.390191	0.4	12.	-36.2	46.37	169.568711
4.390898	0.4	12.	-44.67	77.75	167.367892
4.371811	0.4	12.	-41.09	87.89	161.62687
4.736097	0.4	12.	-38.81	97.404892	165.44
4.487857	0.4	12.	-48.93421	90.83	165.44
4.453599	0.4	12.	-0.02	64.02	169.601416
4.503959	0.4	12.	2.245134	55.85	165.44
4.375938	0.4	12.	27.555418	61.73	165.44
4.571363	0.4	12.	32.57	70.725182	165.44
4.419034	0.4	12.	28.01	81.758239	165.44
4.649215	0.4	12.	28.01	92.14	167.977593
5.199668	0.4	12.	2.91	43.1	160.843014
4.763325	0.4	12.	-17.95	42.44	169.725526
4.400999	0.4	12.	-27.233413	39.5	165.44
5.992329	0.4	12.	-45.297311	41.14	165.44
4.49482	0.4	12.	-36.180318	35.58	165.44
4.403155	0.4	12.	-28.862577	28.06	165.44
4.553542	0.4	12.	3.606838	30.02	165.44
4.605362	0.4	12.	-4.257543	37.87	165.44
5.314714	0.4	12.	30.94	41.628515	165.44
4.803169	0.4	12.	43.26217	72.52	165.44
5.066714	0.4	12.	19.061618	99.66	165.44
4.462527	0.4	12.	-13.38	94.868452	165.44
4.695481	0.4	12.	1.28	81.35	169.553305
4.544425	0.4	12.	-28.7	70.23	167.712255
4.371911	0.4	12.	-33.577376	77.43	165.44
4.491046	0.4	12.	-9.15	29.04	167.804512
6.408491	0.4	12.	32.9	102.771752	165.44
4.383669	0.4	12.	10.893227	55.52	169.53
5.490757	0.4	12.	19.21	58.46	174.742385
4.853608	0.4	12.	28.66	53.89	173.843828
5.088109	0.4	12.	37.390322	61.73	169.53
4.829457	0.4	12.	32.57	85.6	173.485108
5.664814	0.4	12.	14.97	95.41	174.7974
4.738372	0.4	12.	18.88	81.68	174.24195
4.642051	0.4	12.	12.139448	86.25	169.53
4.819357	0.4	12.	-7.52	94.43	174.030645
5.393593	0.4	12.	-25.77	82.33	173.586067
4.903061	0.4	12.	-15.01	71.986299	169.53
4.382132	0.4	12.	-14.69	59.814807	169.53
4.577672	0.4	12.	-22.51	52.58	173.843331
4.661793	0.4	12.	-30.01	52.91	167.665067
4.740253	0.4	12.	-38.48	54.87	173.457646
5.416297	0.4	12.	-30.66	62.39	174.707717
4.748877	0.4	12.	-47.28	67.718116	169.53
6.281365	0.4	12.	-53.47	93.12	175.385814
4.742155	0.4	12.	-43.37	98.35	174.018289
4.499761	0.4	12.	-12.73	105.341831	169.53
5.679156	0.4	12.	3.24	99.984464	169.53
4.44532	0.4	12.	13.02	106.693705	169.53
4.406144	0.4	12.	-13.71	35.25	173.632511
4.549295	0.4	12.	-20.23	30.02	166.915189
5.631404	0.4	12.	-20.23	19.18871	169.53
6.762598	0.4	12.	-0.67	18.799527	169.53
6.125122	0.4	12.	-25.12	35.25	175.496704
6.822982	0.4	12.	-69.231635	83.64	169.53
4.684529	0.4	12.	-55.76	61.669496	169.53
4.728193	0.4	12.	23.12	53.23	165.496947
5.03776	0.4	12.	20.19	45.39	174.682719
9.654217	0.4	12.	6.17	38.19	180.339951
4.660995	0.4	12.	-4.26	77.1	176.289152
5.058798	0.4	12.	-15.67	89.2	176.32983
4.657666	0.4	12.	-19.9	99.001602	171.73
4.521946	0.4	12.	-10.78	65.	176.059069
5.440767	0.4	12.	5.84	60.43	176.838612
6.937335	0.4	12.	-38.81	79.72	177.285684
5.238201	1.	11.	-67.47	8.17	4.272184
4.305834	1.	11.	-47.26	12.323006	0.
4.622656	1.	11.	-51.5	21.58	-0.981265
6.895018	1.	11.	-38.46	27.14	-5.462454
6.109541	1.	11.	-71.05	30.08	-5.481276
4.504496	1.	11.	-49.87	47.1462	0.
4.817603	1.	11.	-18.58	62.45	-4.488114
4.373881	1.	11.	-15.97	81.08	1.11641
4.714973	1.	11.	-65.19	67.35	-4.234812
4.443607	1.	11.	-90.61	58.52	13.370692
4.707101	1.	11.	-71.7	76.83	12.287371
6.586728	1.	11.	-105.450838	38.91	16.66
4.304946	1.	11.	-78.55	18.31	16.958845
4.606043	1.	11.	-70.73	22.23	21.095095
4.352934	1.	11.	-82.79	26.48	16.665957
4.436449	1.	11.	-91.59	26.81	13.130604
4.384943	1.	11.	-0.65	105.28	13.207557
4.505166	1.	11.	17.925258	65.72	16.66
4.464939	1.	11.	-12.39	41.52	20.558821
6.425203	1.	11.	-70.4	-3.624039	19.32
4.394134	1.	11.	-66.49	6.87	21.221375
4.342232	1.	11.	-56.71	12.75	29.407053
4.926265	1.	11.	-80.83	10.994137	24.32
4.846739	1.	11.	-91.59	5.89	25.175965
4.416283	1.	11.	-42.7	23.21	28.576461
4.612521	1.	11.	-14.595652	113.12	30.
5.252277	1.	11.	-10.1	122.736156	30.
4.319396	1.	11.	-0.361296	106.91	36.89
5.109254	1.	11.	-52.47	10.14	47.76574
5.083278	1.	11.	-84.42	17.	47.366356
6.105913	1.	11.	-95.051121	5.23	43.86
6.712762	1.	11.	-58.02	1.96	37.72646
8.162459	1.	11.	-76.27	0.178464	43.86
4.878959	1.	11.	-91.59	30.707915	46.43
4.809567	1.	11.	-44.33	19.860018	46.43
4.867171	1.	11.	-10.76	107.24	50.226745
5.010445	1.	11.	-14.468031	118.68	46.43
7.42566	1.	11.	-14.99	132.397113	46.43
4.759413	1.	11.	-29.01	119.99	50.317446
5.342801	1.	11.	-87.669029	22.56	57.19
6.048451	1.	11.	-99.316815	11.77	57.19
5.322923	1.	11.	-100.39	28.699814	57.19
5.081693	1.	11.	-72.68	17.65	59.585466
4.434346	1.	11.	-35.2	106.755086	59.08
4.554145	1.	11.	-53.730493	12.42	59.08
4.463848	1.	11.	-59.32	4.788558	59.08
4.540711	1.	11.	-87.069032	11.12	59.08
4.81143	1.	11.	-97.13	49.730337	59.08
4.552036	1.	11.	6.19	64.404547	62.42
4.391799	1.	11.	-33.57	49.7	64.557124
4.52396	1.	11.	-96.8	55.91	69.938668
4.320239	1.	11.	-88.33	51.33	72.086235
4.290027	1.	11.	-93.87	30.929549	69.77
5.405358	1.	11.	-59.65	118.585276	75.52
5.196322	1.	11.	-29.99	117.951464	75.52
4.407922	1.	11.	-76.051076	28.12	75.52
4.715183	1.	11.	-73.941248	18.96	75.52
6.875721	1.	11.	-87.68	12.247552	75.52
4.719613	1.	11.	-67.14	10.73796	80.9
4.383612	1.	11.	-49.54	49.7	75.884889
4.685683	1.	11.	6.52	36.29	84.251969
4.869768	1.	11.	15.97	34.767211	80.29
4.360233	1.	11.	-4.89	37.27	76.322379
5.410176	1.	11.	-30.64	114.76	88.047671
5.670733	1.	11.	-88.107428	86.97	98.25
4.531145	1.	11.	-61.664412	88.27	98.25
4.743033	1.	11.	-59.32	68.66	94.138209
4.46005	1.	11.	-70.73	24.19	92.063342
4.314913	1.	11.	-33.178519	27.79	103.17
4.514193	1.	11.	-8.8	123.401991	103.17
4.572068	1.	11.	3.59	109.85	99.006979
4.676225	1.	11.	36.18	75.85	99.777898
4.419331	1.	11.	26.4	70.29	101.161872
4.542983	1.	11.	-65.84	33.35	105.297481
4.37596	1.	11.	-48.24	40.87	111.659388
5.356801	1.	11.	41.324446	86.97	116.81
4.516026	1.	11.	-32.92	114.43	113.903682
7.382015	1.	11.	-77.047443	99.06	116.81
4.511546	1.	11.	24.77	52.174649	116.81
4.920025	1.	11.	-45.96	16.723404	116.81
4.612707	1.	11.	-41.560363	27.46	117.64
4.397383	1.	11.	-36.05147	19.29	117.64
5.903782	1.	11.	-57.04	102.01	118.140459
5.814971	1.	11.	35.2	55.58	118.110624
4.298935	1.	11.	-31.94	25.868752	121.65
4.408563	1.	11.	-54.76	42.5	125.589671
4.387622	1.	11.	-54.40675	26.81	125.29
4.371515	1.	11.	-57.83593	17.33	116.43
4.297905	1.	11.	-64.53	86.214488	116.43
4.621024	1.	11.	39.695633	98.41	119.68
4.29084	1.	11.	-43.615689	101.03	130.82
5.202217	1.	11.	-40.09	111.116184	130.82
4.683568	1.	11.	35.2	89.58	136.039175
4.561671	1.	11.	22.13477	80.76	134.68
4.622835	1.	11.	-44.65	94.81	137.386872
4.564972	1.	11.	9.45	37.93	135.569291
5.218832	1.	11.	34.87	54.93	141.069598
4.356766	1.	11.	-56.973797	47.73	136.96
4.490653	1.	11.	-13.197749	61.14	136.43
4.477132	1.	11.	-13.217661	37.93	142.03
4.559896	1.	11.	-9.13	73.89	141.558188
4.352341	1.	11.	-29.66	83.99626	143.02
4.35472	1.	11.	-1.563135	83.7	143.02
4.570504	1.	11.	23.943494	96.78	143.02
5.413201	1.	11.	26.07	85.787397	143.02
5.288691	1.	11.	0.98	69.31	147.912385
4.426981	1.	11.	-60.62	69.62249	145.29
4.33132	1.	11.	-57.04	80.013008	145.29
4.597631	1.	11.	37.81	64.73	149.183335
4.8876	1.	11.	-28.36	62.77	148.285427
4.432197	1.	11.	-18.171472	65.39	152.86
4.87742	1.	11.	-15.32	74.54	151.595409
4.843477	1.	11.	-42.37	63.1	157.348549
4.468174	1.	11.	4.336985	81.74	152.86
4.422175	1.	11.	20.53	83.251806	152.86
5.599227	1.	11.	38.13	57.87	157.582117
4.621652	1.	11.	-36.83	83.952743	154.68
4.308485	1.	11.	9.13	37.210049	154.68
4.55741	1.	11.	18.896071	89.26	160.29
4.506928	1.	11.	-40.42	72.431956	161.12
4.299755	1.	11.	-58.67	71.93	162.492513
4.711009	1.	11.	0.33	74.22	156.888118
4.71293	1.	11.	-24.77	59.83	162.021641
4.418727	1.	11.	-3.59	72.25	167.185825