6.557308	0.4	12.	219.75	93.720913	0.15
5.383064	0.4	12.	195.63	105.712785	0.15
4.790347	0.4	12.	208.02	89.456185	0.15
4.692047	0.4	12.	174.44	93.221983	0.15
6.539464	0.4	12.	173.79	104.39	-5.517309
4.556405	0.4	12.	181.94	114.127159	0.15
5.024227	0.4	12.	157.17	110.28	3.13018
4.915005	0.4	12.	163.746335	120.74	0.15
5.626694	0.4	12.	154.56	82.646305	0.15
6.254071	0.4	12.	143.16	85.1	-6.077947
4.944377	0.4	12.	153.91	139.05	-1.47269
5.051489	0.4	12.	128.16	119.43	0.813703
5.178445	0.4	12.	157.82	149.19	3.600301
4.567466	0.4	12.	147.667844	168.48	0.15
4.689883	0.4	12.	155.54	160.503016	0.15
7.523436	0.4	12.	102.74	124.66	-4.363583
5.811091	0.4	12.	95.57	111.700907	1.51
5.626233	0.4	12.	104.7	104.39	6.391519
7.438951	0.4	12.	134.35	137.42	7.975743
4.452295	0.4	12.	138.27	112.652531	3.56
4.752998	0.4	12.	214.541416	114.86	3.56
5.553803	0.4	12.	207.69	123.03	3.896343
5.908847	0.4	12.	131.763686	153.76	3.56
6.717713	0.4	12.	181.102929	147.88	3.56
4.517924	0.4	12.	121.752283	105.38	-1.74
5.98009	0.4	12.	116.75	120.176776	-0.83
5.237495	0.4	12.	140.87	128.59	-0.026454
6.178983	0.4	12.	167.27	143.63	-2.189104
5.365296	0.4	12.	142.48479	148.86	0.68
5.582956	0.4	12.	138.27	163.9	-2.258615
10.609071	0.4	12.	168.9	170.460693	0.68
4.844096	0.4	12.	161.330259	130.22	0.68
6.410621	0.4	12.	184.55	133.17	6.518122
7.265348	0.4	12.	185.85	85.970578	0.68
6.069307	0.4	12.	146.74	102.76	6.859152
5.621293	0.4	12.	210.3	135.45	-2.18192
7.167707	0.4	12.	193.67	155.07	5.372374
7.003406	0.4	12.	222.03	126.477472	13.33
4.767019	0.4	12.	159.13	163.715046	13.33
5.454721	0.4	12.	87.75	128.315078	13.33
6.015456	0.4	12.	111.21	149.84	16.220566
6.864735	0.4	12.	167.27	125.200405	15.23
7.089753	0.4	12.	180.917738	106.36	15.23
4.695002	0.4	12.	199.54	95.57	10.844203
4.526282	0.4	12.	211.93	87.44724	15.23
5.887516	0.4	12.	221.05	101.12	16.359542
5.34609	0.4	12.	178.68	85.86051	16.06
5.264334	0.4	12.	193.318122	89.03	16.06
6.813905	0.4	12.	164.99	89.780429	16.06
4.608499	0.4	12.	146.41	82.16	19.532085
4.816031	0.4	12.	150.235218	94.26	16.06
6.139196	0.4	12.	136.33963	95.89	16.06
4.871542	0.4	12.	126.86	115.84	20.539336
6.037901	0.4	12.	159.13	112.57	15.118713
4.640351	0.4	12.	158.273299	133.82	16.06
6.189036	0.4	12.	169.293805	144.94	16.06
5.280786	0.4	12.	150.98	147.145352	16.06
5.260414	0.4	12.	144.78	161.662367	16.06
4.458651	0.4	12.	153.91	181.670291	16.06
4.618992	0.4	12.	215.51	147.007747	16.06
5.444147	0.4	12.	213.88	159.97	11.432505
6.09436	0.4	12.	201.436066	120.74	16.06
5.202205	0.4	12.	148.937525	122.05	16.06
5.216989	0.4	12.	145.76	136.897884	16.06
5.016985	0.4	12.	124.597663	130.22	16.06
5.704318	0.4	12.	102.09	125.65	19.731106
4.624707	0.4	12.	122.859873	103.41	16.06
5.829157	0.4	12.	185.53	119.76	11.724066
4.772991	0.4	12.	180.31	133.17	17.561766
6.000008	0.4	12.	201.853678	143.95	16.06
4.992214	0.4	12.	192.684111	132.18	16.06
4.483179	0.4	12.	194.	106.03	17.317784
6.656114	0.4	12.	208.67	102.43	21.29213
5.619862	0.4	12.	184.55	77.91	10.683252
4.65866	0.4	12.	159.13	74.97	17.374191
5.127853	0.4	12.	131.001107	74.32	16.06
6.242067	0.4	12.	76.67	104.39	12.681642
4.470922	0.4	12.	65.330129	112.24	16.06
7.332711	0.4	12.	129.79	155.404953	19.16
4.609881	0.4	12.	133.05	142.281691	19.16
5.072054	0.4	12.	119.69	183.51	23.131171
6.858146	0.4	12.	121.32	199.86	23.004146
4.664914	0.4	12.	151.96	208.322684	20.15
4.48006	0.4	12.	178.03	186.861133	20.15
5.008675	0.4	12.	183.24	194.3	15.754109
5.887604	0.4	12.	190.686436	152.45	20.15
4.386243	0.4	12.	160.340063	101.45	20.15
4.499932	0.4	12.	137.61	109.63	15.804924
4.591708	0.4	12.	90.35	155.72	18.815754
5.605066	0.4	12.	69.17	145.681619	20.98
7.474857	0.4	12.	105.02	164.273597	20.98
7.616394	0.4	12.	75.69	186.13	19.492273
4.435481	0.4	12.	84.024734	195.28	20.98
4.497259	0.4	12.	195.63	176.32	18.575287
5.471679	0.4	12.	204.433722	184.17	20.98
4.646933	0.4	12.	203.034523	168.8	20.98
4.390174	0.4	12.	204.401181	159.65	21.82
4.790776	0.4	12.	180.118339	171.74	21.82
5.576219	0.4	12.	171.19	160.590616	21.82
4.853501	0.4	12.	210.3	126.3	20.860838
5.281594	0.4	12.	215.19	112.24	23.903094
5.457122	0.4	12.	102.09	105.550809	22.73
4.762896	0.4	12.	51.258884	117.47	22.73
5.995769	0.4	12.	81.459961	141.34	22.73
5.108813	0.4	12.	72.75	132.935495	22.73
5.837308	0.4	12.	60.765864	125.32	22.73
5.827778	0.4	12.	50.59	150.82	17.353168
5.024052	0.4	12.	70.853201	160.3	22.73
7.02162	0.4	12.	167.811346	206.4	22.73
7.207051	0.4	12.	156.269363	193.98	22.73
7.112412	0.4	12.	135.099562	191.03	22.73
4.387564	0.4	12.	135.792102	176.98	22.73
5.675827	0.4	12.	135.01	208.04	25.921463
4.723837	0.4	12.	88.4	175.01	24.579
5.403252	0.4	12.	96.22	201.17	27.683949
4.907081	0.4	12.	68.679132	170.44	22.73
7.574767	0.4	12.	49.94	171.09	16.054435
4.795495	0.4	12.	48.64	135.45	24.018996
4.762699	0.4	12.	29.08	133.82	27.194089
6.823623	0.4	12.	37.087016	146.57	22.73
5.766513	0.4	12.	32.34	115.681301	22.73
5.746217	0.4	12.	101.76	93.28	20.933711
6.261236	0.4	12.	169.56	109.3	27.091032
5.612343	0.4	12.	134.68	165.285861	28.78
4.719574	0.4	12.	155.267808	166.84	28.78
4.596505	0.4	12.	89.38	120.41	24.929088
7.305307	0.4	12.	123.27	83.14	34.33322
5.207438	0.4	12.	224.96	117.034208	28.78
7.084845	0.4	12.	225.064584	154.09	28.78
5.083389	0.4	12.	208.527349	172.4	28.78
5.070754	0.4	12.	73.08	100.112291	28.78
4.76335	0.4	12.	64.28	105.7	31.19201
5.815894	0.4	12.	39.18	125.981301	28.78
7.684331	0.4	12.	50.59	105.05	30.977001
4.376241	0.4	12.	37.55	110.61	31.300002
7.161401	0.4	12.	96.87	138.07	24.458819
5.778217	0.4	12.	111.21	136.11	27.366823
5.036199	0.4	12.	123.27	149.28566	28.78
4.899145	0.4	12.	135.66	125.97	24.481596
4.420779	0.4	12.	143.48	178.94	30.788272
5.081154	0.4	12.	117.41	210.98	31.937991
5.746302	0.4	12.	158.8	217.19	27.27588
5.082362	0.4	12.	120.213148	165.86	28.78
6.223882	0.4	12.	62.	194.234836	28.78
7.337757	0.4	12.	84.16	223.715095	28.78
8.040189	0.4	12.	73.73	204.77	23.225163
4.775207	0.4	12.	124.171709	116.82	32.65
4.651372	0.4	12.	110.56	152.13	31.834418
5.659492	0.4	12.	150.777513	153.11	32.65
6.425487	0.4	12.	164.67	141.01	28.710773
6.039526	0.4	12.	193.35	145.572164	32.65
7.941127	0.4	12.	156.84	179.92	36.467712
5.248134	0.4	12.	144.13	165.21	35.744054
5.917327	0.4	12.	190.22272	165.53	32.65
6.116962	0.4	12.	216.16	160.3	37.883898
5.441883	0.4	12.	209.64	145.92	29.010095
7.570995	0.4	12.	195.993705	131.86	32.65
4.986768	0.4	12.	194.	118.20936	32.65
4.387412	0.4	12.	206.39	108.566301	32.65
4.99707	0.4	12.	206.924652	99.16	32.65
4.866943	0.4	12.	197.91	88.37	33.044073
4.726905	0.4	12.	211.541276	86.41	32.65
4.779223	0.4	12.	217.004684	95.24	32.65
4.818364	0.4	12.	223.01	105.987777	32.65
5.226465	0.4	12.	168.9	85.76	31.298742
4.789576	0.4	12.	179.33	92.393822	35.3
4.625423	0.4	12.	154.24	107.99	35.38189
4.930921	0.4	12.	151.3	92.739501	35.3
4.685668	0.4	12.	138.416105	90.99	35.3
5.556275	0.4	12.	128.682724	94.91	36.13
7.130174	0.4	12.	145.042703	77.91	34.16
5.273303	0.4	12.	161.302302	127.28	30.6
5.304104	0.4	12.	181.29	103.74	28.617591
6.148117	0.4	12.	107.3	117.168948	29.69
5.889316	0.4	12.	86.44	98.555232	28.78
4.403011	0.4	12.	87.167995	110.28	28.78
6.363072	0.4	12.	60.37	142.724035	28.78
4.862684	0.4	12.	62.32	157.03	31.739596
4.642209	0.4	12.	107.95	196.27	27.956514
8.608105	0.4	12.	144.186401	139.38	32.88
4.547103	0.4	12.	145.76	117.15	30.879557
6.060584	0.4	12.	177.933657	126.95	33.71
5.139217	0.4	12.	135.01	149.451364	35.68
6.195695	0.4	12.	179.01	182.17489	35.68
5.087523	0.4	12.	187.81	194.96	32.51999
4.844667	0.4	12.	185.186412	152.45	35.68
5.514511	0.4	12.	182.142916	140.36	35.68
4.479747	0.4	12.	164.99	80.85	39.484459
5.11221	0.4	12.	157.5	70.72	40.262034
5.226934	0.4	12.	164.99	72.03	33.13443
4.541543	0.4	12.	175.519519	75.95	36.51
4.997373	0.4	12.	196.653117	75.95	36.51
6.072394	0.4	12.	192.37	62.219611	36.51
4.846693	0.4	12.	181.61	66.733435	36.51
6.249466	0.4	12.	188.13	84.300653	36.51
4.575452	0.4	12.	217.47	89.03	40.780082
4.609049	0.4	12.	137.94	104.07	35.157534
6.145553	0.4	12.	127.84	140.690421	36.51
5.078419	0.4	12.	119.69	130.22	33.453313
4.6986	0.4	12.	95.57	161.28	35.187774
4.389849	0.4	12.	87.75	155.07	37.69653
4.397235	0.4	12.	69.49	143.92476	36.51
5.192705	0.4	12.	73.41	193.011011	36.51
4.745214	0.4	12.	44.669401	180.25	36.51
5.960205	0.4	12.	118.513593	187.11	36.51
10.133265	0.4	12.	219.12434	185.15	36.51
6.041713	0.4	12.	200.84	186.78	41.224351
4.673881	0.4	12.	224.96	142.32	34.244782
5.342147	0.4	12.	230.402381	124.01	36.51
8.287164	0.4	12.	164.67	117.15	39.724262
4.428933	0.4	12.	168.9	132.18	36.078793
4.842298	0.4	12.	190.09	175.689941	36.51
4.931209	0.4	12.	201.5	170.76	41.075243
4.419621	0.4	12.	165.64	194.804705	36.51
4.736219	0.4	12.	180.96	201.17	36.589469
5.771908	0.4	12.	162.672452	98.84	36.51
4.8722	0.4	12.	192.795378	101.45	36.51
4.935715	0.4	12.	180.64	116.16	35.138992
5.380987	0.4	12.	132.976917	74.64	36.51
6.447263	0.4	12.	119.69	104.07	31.807694
4.766611	0.4	12.	99.48	125.65	34.217058
8.303323	0.4	12.	107.511584	171.74	37.42
6.249441	0.4	12.	83.84	199.86	36.119886
4.682306	0.4	12.	76.01	172.4	34.744424
6.286178	0.4	12.	130.129427	195.61	37.42
5.249767	0.4	12.	121.97	203.79	41.918927
4.419761	0.4	12.	149.67	208.04	40.170795
5.728884	0.4	12.	170.86	169.31403	37.42
4.922885	0.4	12.	177.964488	161.28	37.42
5.683229	0.4	12.	162.714138	153.11	37.42
7.331985	0.4	12.	200.84	158.116404	37.42
5.0304	0.4	12.	215.19	140.26025	37.42
5.978791	0.4	12.	204.76	118.283912	37.42
6.894093	0.4	12.	105.35	78.89	30.818617
5.238533	0.4	12.	72.312816	114.2	37.42
4.887442	0.4	12.	49.94	170.44	41.82006
4.662472	0.4	12.	44.465758	149.51	38.33
4.859884	0.4	12.	34.62	149.023221	38.33
5.888323	0.4	12.	30.742632	137.74	38.33
6.745165	0.4	12.	76.99	153.76	34.237288
5.275035	0.4	12.	64.28	168.15	35.096531
5.669905	0.4	12.	64.28	179.26	42.772026
6.36694	0.4	12.	44.260971	137.42	38.33
5.849391	0.4	12.	50.92	123.161188	38.33
6.165058	0.4	12.	63.63	124.111481	38.33
6.211894	0.4	12.	79.018404	133.49	38.33
5.34229	0.4	12.	85.47	143.161814	38.33
5.815783	0.4	12.	97.368152	149.84	38.33
6.81799	0.4	12.	127.51	176.98	31.883916
5.366315	0.4	12.	149.789702	195.61	38.33
4.763966	0.4	12.	163.69	207.144585	38.33
5.179829	0.4	12.	172.16	215.788703	38.33
5.607348	0.4	12.	95.57	212.29	39.699519
5.906893	0.4	12.	95.9	196.92	38.808748
5.14427	0.4	12.	90.35	182.923401	38.33
4.857979	0.4	12.	85.79	171.09	33.718465
5.660036	0.4	12.	42.44	162.92	35.60943
8.021495	0.4	12.	47.01	193.98	34.264604
7.406722	0.4	12.	27.53928	192.34	38.33
7.469248	0.4	12.	32.34	173.38	36.808375
4.418087	0.4	12.	17.165897	141.34	38.33
5.342124	0.4	12.	23.825447	125.97	38.33
5.437289	0.4	12.	27.78	116.16	34.945479
4.736422	0.4	12.	217.79	119.43	37.292153
5.175179	0.4	12.	212.453789	129.9	38.33
6.815095	0.4	12.	134.68	214.437948	38.33
5.987756	0.4	12.	99.795282	104.39	38.33
4.584366	0.4	12.	100.759148	91.64	38.33
4.833961	0.4	12.	110.56	196.92	38.95945
4.577326	0.4	12.	172.49	102.587306	43.25
4.545201	0.4	12.	213.407287	110.93	43.25
4.791556	0.4	12.	159.78	217.52	45.696573
9.659989	0.4	12.	117.08	219.642736	45.37
5.918126	0.4	12.	84.49	218.472589	45.37
4.53335	0.4	12.	76.01	209.34	48.250913
5.341579	0.4	12.	100.13	115.84	44.042253
5.98177	0.4	12.	87.37418	120.74	45.37
6.346089	0.4	12.	79.6	108.32	50.010605
5.332974	0.4	12.	73.489632	98.18	45.37
5.793707	0.4	12.	63.63	104.07	46.03913
5.928666	0.4	12.	48.64	103.09	46.375858
5.75594	0.4	12.	34.29	106.478891	45.37
4.393931	0.4	12.	124.58	82.16	46.941471
5.534041	0.4	12.	155.87	166.84	44.619545
6.175596	0.4	12.	133.693332	176.98	45.37
7.45834	0.4	12.	131.1	159.32	43.03993
5.939596	0.4	12.	119.36	171.168627	45.37
7.080384	0.4	12.	102.300893	134.15	45.37
6.804624	0.4	12.	56.12729	156.71	45.37
6.541797	0.4	12.	48.31	115.51	48.681568
5.271555	0.4	12.	141.85	129.26895	46.21
5.573526	0.4	12.	184.22	103.09	43.582147
4.45004	0.4	12.	219.75	148.124976	46.21
4.996864	0.4	12.	160.83239	142.32	48.1
4.395794	0.4	12.	149.67	154.74	45.406603
4.516817	0.4	12.	139.57	165.53	50.571535
4.709389	0.4	12.	196.61	132.18	45.748696
4.431852	0.4	12.	195.3	146.24	47.733503
4.972088	0.4	12.	228.437324	116.49	48.1
4.446987	0.4	12.	225.94	107.056191	48.1
4.600134	0.4	12.	220.73	99.331431	48.1
5.015932	0.4	12.	208.34	93.61	43.455225
4.559464	0.4	12.	211.93	102.366815	48.1
5.773448	0.4	12.	209.32	81.18	42.730956
5.179217	0.4	12.	199.54	88.05	43.384536
4.467416	0.4	12.	203.45	100.47	50.754094
4.37279	0.4	12.	174.44	96.22	49.952611
5.382772	0.4	12.	119.69	116.82	50.644326
4.631809	0.4	12.	128.16	110.61	48.348529
4.973255	0.4	12.	111.402424	148.53	48.93
4.687817	0.4	12.	90.032041	135.45	48.93
7.696639	0.4	12.	92.64	83.14	46.755708
6.877866	0.4	12.	76.01	85.00525	48.93
4.956355	0.4	12.	219.439436	158.67	48.93
5.588633	0.4	12.	225.897282	167.82	48.93
4.854368	0.4	12.	154.040437	181.55	48.93
4.55813	0.4	12.	147.07	175.34	44.794877
5.776205	0.4	12.	152.61	119.11	54.566054
5.00453	0.4	12.	150.	135.78	47.028847
4.689788	0.4	12.	139.517175	140.68	48.93
4.586128	0.4	12.	130.12	125.65	47.62427
5.613831	0.4	12.	138.59	114.2	44.283056
4.911892	0.4	12.	185.2	127.61	45.464959
5.242434	0.4	12.	192.37	119.11	47.563207
5.047142	0.4	12.	184.399107	163.9	48.93
5.132028	0.4	12.	213.23	174.188085	48.93
4.864298	0.4	12.	209.97	152.700928	48.93
6.03094	0.4	12.	61.35	142.943237	48.93
4.964128	0.4	12.	57.76	188.740365	48.93
5.746501	0.4	12.	63.3	201.039616	48.93
7.291117	0.4	12.	19.067824	164.55	48.93
4.96627	0.4	12.	181.29	154.561591	51.13
4.659407	0.4	12.	185.022324	140.36	51.13
4.626962	0.4	12.	160.451552	104.39	51.13
4.707538	0.4	12.	151.362376	91.32	51.13
5.10713	0.4	12.	140.580241	87.72	51.13
4.789635	0.4	12.	143.951451	76.6	51.13
4.440139	0.4	12.	178.03	187.44	53.987368
7.101624	0.4	12.	190.41	201.17	44.299522
5.548269	0.4	12.	34.484616	162.26	51.13
6.704327	0.4	12.	41.79	128.26	49.178068
4.537406	0.4	12.	200.721366	78.57	51.13
10.194362	0.4	12.	117.73	65.6325	51.13
5.008417	0.4	12.	65.58	91.541625	51.13
4.496349	0.4	12.	45.05	94.419478	51.13
4.95612	0.4	12.	127.84	147.88	48.029131
5.125245	0.4	12.	110.89	161.28	56.021224
4.406512	0.4	12.	105.67	189.405161	51.13
5.950378	0.4	12.	223.66	136.166176	51.96
5.281052	0.4	12.	229.85	126.46082	51.96
5.817076	0.4	12.	129.14	93.687741	51.96
5.544863	0.4	12.	119.06257	133.17	51.96
6.283818	0.4	12.	176.07	78.029671	51.96
4.524353	0.4	12.	186.003374	72.68	51.96
4.803059	0.4	12.	195.3	71.05	47.234396
5.292131	0.4	12.	164.67	74.32	53.217504
4.634864	0.4	12.	159.439371	83.8	52.8
8.607804	0.4	12.	154.89	62.165523	52.8
6.185724	0.4	12.	131.42	74.630541	52.8
5.535221	0.4	12.	168.637778	114.86	53.71
4.758068	0.4	12.	165.64	127.20363	53.71
5.77092	0.4	12.	176.655956	129.24	53.71
5.198312	0.4	12.	167.6	148.53	54.865168
4.524444	0.4	12.	165.64	189.4	54.953497
5.618379	0.4	12.	150.	211.764666	54.62
5.196791	0.4	12.	141.85	203.13	50.691162
5.125377	0.4	12.	118.38	184.17	52.925001
5.157581	0.4	12.	120.67	197.9	55.215249
5.085194	0.4	12.	71.12	189.4	54.520555
5.592774	0.4	12.	69.572718	172.73	55.52
4.896847	0.4	12.	62.	186.13	60.284037
5.826599	0.4	12.	49.29	171.09	52.87693
5.155182	0.4	12.	41.14	184.114022	56.51
5.723123	0.4	12.	29.677696	187.44	56.51
4.648956	0.4	12.	47.98	195.693733	56.51
4.415914	0.4	12.	23.251375	145.26	56.51
4.655159	0.4	12.	31.04	136.071216	56.51
5.223511	0.4	12.	24.52	126.63	52.490956
4.412509	0.4	12.	61.822979	110.93	57.34
4.475256	0.4	12.	105.02	89.68	56.621031
4.927538	0.4	12.	103.257941	107.66	58.18
5.62906	0.4	12.	70.15	149.19	57.40989
5.531706	0.4	12.	200.972498	122.38	58.18
5.31707	0.4	12.	221.05	123.36	59.977387
6.737613	0.4	12.	214.53	91.379991	58.18
7.562464	0.4	12.	213.994213	187.76	58.18
4.867092	0.4	12.	175.42	208.258944	58.18
5.487422	0.4	12.	121.97	104.080233	58.18
6.62222	0.4	12.	98.83	179.92	53.087138
5.152258	0.4	12.	99.48	165.86	55.097691
7.515286	0.4	12.	82.53	190.05	59.852995
5.611531	0.4	12.	117.73	211.056652	61.51
5.225706	0.4	12.	87.1	221.44	60.669327
7.302507	0.4	12.	156.022947	221.77	63.93
4.586423	0.4	12.	165.32	213.190645	63.93
4.498118	0.4	12.	161.790689	201.82	63.93
6.209016	0.4	12.	180.96	207.71	70.845585
5.310035	0.4	12.	172.787063	194.96	65.98
4.848957	0.4	12.	164.01	169.78	65.302895
4.77719	0.4	12.	150.65	173.944843	65.98
8.717356	0.4	12.	138.59	162.552452	65.98
5.561704	0.4	12.	136.64	185.575051	66.89
7.178759	0.4	12.	156.19	162.26	59.910403
5.817784	0.4	12.	197.91	181.867685	66.89
5.594553	0.4	12.	181.61	170.11	64.702176
7.450118	0.4	12.	177.38	152.78	63.048416
5.80005	0.4	12.	189.76	160.63	63.029488
4.642544	0.4	12.	200.84	194.96	67.675272
6.171618	0.4	12.	188.683533	197.9	67.72
7.111164	0.4	12.	220.4	151.8	65.788671
8.952767	0.4	12.	210.95	165.324326	67.72
8.99809	0.4	12.	203.13	148.534533	67.72
5.351193	0.4	12.	209.97	107.01	72.685854
4.706216	0.4	12.	204.43	101.45	65.306843
4.528034	0.4	12.	196.474693	95.57	67.72
4.529698	0.4	12.	203.094741	87.72	66.81
6.209898	0.4	12.	224.591059	112.89	66.81
6.366304	0.4	12.	223.969139	97.86	65.98
4.720401	0.4	12.	171.51	96.87	69.044153
4.955994	0.4	12.	172.16	106.665718	65.98
5.66487	0.4	12.	146.41	123.68	63.963359
6.469473	0.4	12.	147.07	105.520535	65.14
6.120855	0.4	12.	156.52	148.2	62.151979
7.848925	0.4	12.	110.89	146.57	61.617345
5.074783	0.4	12.	89.853787	135.78	64.31
8.327995	0.4	12.	97.85	120.09	61.364119
5.491946	0.4	12.	81.445836	104.07	63.48
7.650396	0.4	12.	51.647526	120.41	63.48
5.293985	0.4	12.	30.71	112.89	67.265201
7.300279	0.4	12.	33.97	98.71261	62.65
4.88291	0.4	12.	60.69	158.67	58.38224
4.820437	0.4	12.	53.109201	164.55	62.65
6.081637	0.4	12.	150.701423	193.65	62.65
4.443437	0.4	12.	200.52	131.805496	63.48
4.722482	0.4	12.	150.	90.995414	65.83
6.977416	0.4	12.	182.069054	91.32	66.66
6.153636	0.4	12.	192.7	83.281594	67.49
5.190835	0.4	12.	199.87	72.274887	67.49
4.872918	0.4	12.	210.754297	81.18	67.49
4.72484	0.4	12.	122.3	90.34	70.47929
5.251532	0.4	12.	131.1	88.05	63.69043
4.8268	0.4	12.	120.34	80.85	69.038956
6.459624	0.4	12.	100.13	82.16	66.354316
5.015533	0.4	12.	63.95	92.95	65.331887
4.852926	0.4	12.	85.14	91.64	68.679326
7.937244	0.4	12.	77.32	79.257798	68.02
4.696261	0.4	12.	97.52	91.64	72.192977
5.966845	0.4	12.	85.14	120.91034	68.02
5.151371	0.4	12.	40.219853	130.22	68.02
4.695088	0.4	12.	53.52	133.17	71.043997
5.978023	0.4	12.	57.76	146.24	67.446333
4.690212	0.4	12.	37.23	161.28	66.067573
6.918971	0.4	12.	-2.528444	155.07	68.02
7.808454	0.4	12.	11.768676	108.64	68.02
4.855084	0.4	12.	57.76	174.135783	68.02
6.817245	0.4	12.	126.86	133.17	72.629849
4.617733	0.4	12.	117.844991	118.13	68.93
5.014372	0.4	12.	157.5	134.975336	68.93
5.704555	0.4	12.	167.6	122.7	67.720107
6.774792	0.4	12.	158.8	98.882052	68.93
4.728176	0.4	12.	167.27	150.17	69.804911
4.493855	0.4	12.	165.64	184.5	68.421249
4.783984	0.4	12.	187.135473	71.7	68.93
7.030125	0.4	12.	174.77	76.348473	69.84
6.89627	0.4	12.	160.371709	75.95	70.75
8.468107	0.4	12.	134.03	69.799835	70.75
4.39548	0.4	12.	146.41	75.3	74.328478
4.854489	0.4	12.	113.712259	181.88	71.66
4.471801	0.4	12.	144.13	210.65	71.700209
5.765159	0.4	12.	152.93	204.732292	71.66
4.96651	0.4	12.	175.42	186.37469	71.66
4.795754	0.4	12.	170.111944	175.99	71.66
5.519776	0.4	12.	68.94615	184.17	71.66
7.443113	0.4	12.	49.29	200.500065	72.49
4.567776	0.4	12.	37.19518	198.88	72.49
5.147814	0.4	12.	24.19	187.76	76.622594
5.315996	0.4	12.	37.23	175.793179	72.49
5.148062	0.4	12.	24.52	136.11	68.494788
6.285122	0.4	12.	29.08	124.34	68.688254
4.391754	0.4	12.	21.91	127.61	76.485431
4.650209	0.4	12.	18.32	120.148051	72.49
5.896589	0.4	12.	19.95	154.724529	72.49
4.731028	0.4	12.	31.04	156.38	75.312152
7.086463	0.4	12.	34.181663	143.95	72.49
4.722949	0.4	12.	63.185233	215.56	72.49
5.808782	0.4	12.	108.28	216.21	72.023329
5.152939	0.4	12.	117.519425	159.32	73.33
6.199139	0.4	12.	98.31892	183.19	73.33
7.848848	0.4	12.	115.035788	196.59	73.33
4.87199	0.4	12.	74.38	167.396015	73.33
4.451469	0.4	12.	72.844052	154.09	73.33
7.537264	0.4	12.	66.89	142.65	76.775001
6.086184	0.4	12.	66.56	110.50128	73.33
4.397655	0.4	12.	57.047569	101.78	73.33
5.190122	0.4	12.	47.01	100.281244	73.33
6.230662	0.4	12.	109.373621	105.7	73.33
5.678748	0.4	12.	125.88	108.330068	73.33
5.221729	0.4	12.	201.42378	121.4	73.33
7.127767	0.4	12.	209.32	183.560405	74.16
6.001371	0.4	12.	208.34	199.136387	74.16
5.665495	0.4	12.	184.626249	112.89	74.16
5.688582	0.4	12.	95.861476	163.9	74.16
5.148141	0.4	12.	131.719235	202.15	75.07
7.163959	0.4	12.	87.1	194.96	78.589119
4.68836	0.4	12.	85.774051	181.88	75.07
5.595036	0.4	12.	64.61	194.96	77.316586
6.968269	0.4	12.	72.228482	206.73	75.07
5.666249	0.4	12.	72.150773	129.9	75.07
6.387417	0.4	12.	120.01	98.51	80.384088
5.631532	0.4	12.	216.82	90.34	75.304465
5.695107	0.4	12.	96.22	114.149712	75.07
5.685855	0.4	12.	134.68	143.63	73.099057
4.699689	0.4	12.	120.34	208.04	80.965114
7.07039	0.4	12.	59.07	156.71	75.222786
7.025811	0.4	12.	87.42	219.48	78.63652
7.537508	0.4	12.	177.38	135.287987	78.7
7.665511	0.4	12.	198.809619	132.84	78.7
4.915849	0.4	12.	175.344152	104.72	78.7
5.084617	0.4	12.	180.209825	83.47	78.7
4.935575	0.4	12.	188.678384	92.62	78.7
5.746267	0.4	12.	138.404594	82.82	78.7
6.935057	0.4	12.	224.16084	128.59	78.7
4.947076	0.4	12.	212.88418	151.47	78.7
7.167519	0.4	12.	113.17	134.818683	78.7
6.758296	0.4	12.	83.343883	102.43	79.54
5.570095	0.4	12.	94.92	136.43	78.408901
6.501161	0.4	12.	148.351751	194.3	79.54
4.377913	0.4	12.	167.6	214.361556	79.54
5.054962	0.4	12.	158.8	210.32	81.40452
5.327413	0.4	12.	158.15	222.003759	79.54
5.01518	0.4	12.	146.727177	218.17	79.54
6.827358	0.4	12.	123.591442	219.81	79.54
4.933735	0.4	12.	106.	188.746328	79.54
4.962234	0.4	12.	51.24	118.743678	79.54
4.523031	0.4	12.	40.783858	115.18	79.54
4.645128	0.4	12.	36.25	102.43	75.20881
5.564983	0.4	12.	31.04	111.994976	79.54
4.786853	0.4	12.	72.43	92.984173	79.54
4.949431	0.4	12.	85.501423	84.78	79.54
5.301057	0.4	12.	15.06	134.945606	79.54
5.647197	0.4	12.	15.39	167.520621	79.54
6.236478	0.4	12.	36.567105	186.46	79.54
4.8813	0.4	12.	108.93	146.9	76.04631
4.739961	0.4	12.	147.07	104.120701	80.37
4.87578	0.4	12.	138.92	168.357404	81.36
4.80269	0.4	12.	132.4	159.97	78.090231
5.820393	0.4	12.	167.786109	197.25	81.36
5.695579	0.4	12.	196.28	199.966197	81.36
6.173273	0.4	12.	147.486668	120.74	81.36
5.755003	0.4	12.	151.850279	91.32	82.19
4.663937	0.4	12.	218.44	112.89	81.226638
4.728835	0.4	12.	217.47	98.51	82.146832
5.327535	0.4	12.	158.8	162.180206	82.19
9.05691	0.4	12.	134.03	186.109056	82.19
5.238489	0.4	12.	193.351432	179.92	82.19
6.421271	0.4	12.	168.25	101.12	87.280725
4.668294	0.4	12.	166.3	86.41	85.353197
4.931295	0.4	12.	157.17	80.353316	82.19
6.514962	0.4	12.	98.666336	124.66	82.19
4.475863	0.4	12.	149.02	168.8	84.173655
4.51207	0.4	12.	76.34	112.24	79.44195
4.894455	0.4	12.	202.15	95.403721	83.02
4.777648	0.4	12.	203.13	84.715002	83.02
6.688086	0.4	12.	205.08	73.427843	83.86
6.349	0.4	12.	192.070693	82.82	83.86
4.809948	0.4	12.	208.343224	103.74	83.86
4.403652	0.4	12.	141.041535	151.8	83.86
7.570999	0.4	12.	156.192603	144.94	83.86
8.090753	0.4	12.	57.76	173.82133	83.86
5.31625	0.4	12.	38.53	164.22	85.628171
5.757588	0.4	12.	53.52	131.891867	83.86
6.013292	0.4	12.	50.474717	144.94	83.86
5.942206	0.4	12.	39.18	125.165063	83.86
4.376196	0.4	12.	3.98	157.526303	84.69
4.909326	0.4	12.	82.21	118.78	83.408951
4.985095	0.4	12.	90.688778	111.26	86.58
5.749779	0.4	12.	100.49353	83.14	86.58
4.480401	0.4	12.	119.278667	86.09	86.58
4.914271	0.4	12.	128.16	80.2	89.176849
7.361877	0.4	12.	135.01	69.552826	86.58
4.55883	0.4	12.	171.19	120.41	88.837499
4.855341	0.4	12.	160.76	127.929651	86.58
5.066528	0.4	12.	162.303804	186.13	86.58
4.943209	0.4	12.	218.12	105.7	89.728118
7.183567	0.4	12.	114.47	181.868147	88.4
5.20612	0.4	12.	71.790318	183.51	88.4
4.499047	0.4	12.	23.611174	130.88	88.4
5.83302	0.4	12.	22.89	119.964363	88.4
7.357209	0.4	12.	13.753075	109.63	90.07
8.171518	0.4	12.	25.17	186.13	91.0723
5.701454	0.4	12.	40.49	198.88	84.531882
4.540884	0.4	12.	49.94	198.871309	89.16
4.431791	0.4	12.	72.43	224.06	86.701404
4.570975	0.4	12.	110.991019	221.44	89.16
4.894469	0.4	12.	106.208521	209.02	89.99
4.662352	0.4	12.	142.18	208.606469	89.99
4.982082	0.4	12.	150.33	201.802054	89.99
5.276651	0.4	12.	172.49	211.344705	89.99
5.49237	0.4	12.	183.9	208.36	87.563475
5.678303	0.4	12.	138.59	220.243421	89.99
4.571978	0.4	12.	204.344342	196.92	89.99
6.026596	0.4	12.	199.789229	174.69	89.99
7.10304	0.4	12.	189.76	165.874535	89.99
4.632242	0.4	12.	188.46	153.76	88.992206
5.853037	0.4	12.	167.27	155.07	84.819421
6.240288	0.4	12.	166.63728	172.4	89.99
4.494146	0.4	12.	161.41	138.4	93.693039
4.803837	0.4	12.	198.014285	121.72	89.99
5.652685	0.4	12.	212.9	169.338157	89.99
5.535361	0.4	12.	71.695325	139.7	89.99
5.059719	0.4	12.	79.6	154.42	87.810027
4.481176	0.4	12.	75.36	164.55	90.67039
5.366244	0.4	12.	116.1	108.919703	91.05
4.761692	0.4	12.	82.23323	96.87	91.05
6.363584	0.4	12.	48.995799	102.11	91.05
5.489991	0.4	12.	74.276765	109.63	91.05
5.313957	0.4	12.	36.58	151.47	96.209824
4.720424	0.4	12.	85.285814	183.84	91.05
4.442931	0.4	12.	83.18	193.764088	91.05
4.73451	0.4	12.	166.587721	112.24	91.05
4.735328	0.4	12.	130.44	201.619662	91.88
4.781636	0.4	12.	120.740966	204.77	91.88
5.069562	0.4	12.	117.033604	213.92	91.88
7.568386	0.4	12.	63.3	121.72	85.398711
4.606793	0.4	12.	190.41	188.581975	92.95
5.082719	0.4	12.	189.116262	200.52	92.95
6.366262	0.4	12.	84.81	219.609876	92.95
4.718553	0.4	12.	117.491891	137.42	94.31
5.66201	0.4	12.	137.61	148.411072	94.31
5.584424	0.4	12.	128.49	133.82	96.348787
7.70025	0.4	12.	148.524789	132.84	94.31
6.469644	0.4	12.	128.81	121.07	88.909892
4.98704	0.4	12.	170.905913	132.18	94.31
5.109447	0.4	12.	200.52	131.819408	94.31
6.28109	0.4	12.	218.542784	125.97	94.31
7.992381	0.4	12.	218.353588	148.2	94.31
5.279613	0.4	12.	145.44	82.16	92.593593
4.521039	0.4	12.	141.306951	95.57	94.31
4.398027	0.4	12.	15.06	151.15	91.375305
5.196383	0.4	12.	13.76	142.65	100.572496
4.862579	0.4	12.	30.06	106.032862	95.44
5.442385	0.4	12.	40.81	114.53	95.137256
5.204022	0.4	12.	54.5	114.53	98.562339
6.866202	0.4	12.	105.453753	144.94	95.44
5.403468	0.4	12.	91.97512	135.45	95.44
4.475153	0.4	12.	96.22	111.012472	95.44
5.843103	0.4	12.	145.11	103.41	100.984632
4.802418	0.4	12.	153.91	113.55	92.242745
5.622138	0.4	12.	186.83	101.12	99.300043
4.371224	0.4	12.	185.85	87.362327	95.44
4.970997	0.4	12.	160.43	216.118105	95.44
5.829356	0.4	12.	154.24	225.308909	95.44
5.90196	0.4	12.	150.	211.63	99.415145
7.555672	0.4	12.	153.91	190.076718	95.44
5.215858	0.4	12.	103.39	185.48	97.970575
6.138223	0.4	12.	66.521225	220.13	95.44
4.791194	0.4	12.	39.681184	186.78	95.44
5.223723	0.4	12.	18.98	169.113758	95.44
6.993101	0.4	12.	7.791233	174.69	95.44
7.33244	0.4	12.	60.04	157.36	89.920958
6.157091	0.4	12.	120.34	119.43	98.614875
5.530153	0.4	12.	156.499282	101.45	95.44
4.779415	0.4	12.	181.256145	154.09	95.44
5.640425	0.4	12.	180.580647	184.82	95.44
5.723339	0.4	12.	201.82	164.02106	95.44
4.477608	0.4	12.	200.908246	147.22	95.44
4.963102	0.4	12.	183.815974	122.05	95.44
4.586295	0.4	12.	190.41	111.359904	95.44
4.631586	0.4	12.	189.11	131.116519	95.44
4.372848	0.4	12.	127.52459	104.39	95.44
4.451458	0.4	12.	124.546651	95.24	95.44
4.741945	0.4	12.	105.436088	108.97	95.44
4.527221	0.4	12.	115.78	156.38	91.616219
6.742058	0.4	12.	63.3	102.76	97.607677
4.806096	0.4	12.	107.517376	90.34	95.44
4.940335	0.4	12.	93.29	101.965115	95.44
6.488918	0.4	12.	88.72	151.47	97.057562
6.722263	0.4	12.	47.33	164.55	94.390246
4.626995	0.4	12.	142.274274	181.23	97.41
4.451425	0.4	12.	156.19	163.57	97.480483
5.385236	0.4	12.	126.566311	157.36	97.41
5.906582	0.4	12.	130.12	183.727037	97.41
5.807413	0.4	12.	172.49	199.86	93.496399
4.371462	0.4	12.	98.18	207.38	94.416849
4.743839	0.4	12.	69.501094	176.65	98.25
4.433847	0.4	12.	36.25	176.65	96.452965
6.128785	0.4	12.	64.93	127.908071	98.25
6.137323	0.4	12.	97.85	124.66	100.912698
6.098855	0.4	12.	153.339835	88.37	98.25
4.804274	0.4	12.	164.99	83.074588	98.25
4.57565	0.4	12.	170.53	93.952308	98.25
4.932168	0.4	12.	197.61881	98.51	98.25
6.668917	0.4	12.	199.87	86.74	97.122146
4.398727	0.4	12.	209.64	92.014222	98.25
4.724534	0.4	12.	211.674593	133.82	98.25
5.050889	0.4	12.	148.310039	119.76	98.25
4.54825	0.4	12.	100.78	168.044923	98.25
4.439871	0.4	12.	119.36	165.978526	98.25
4.570336	0.4	12.	50.941167	136.43	99.16
5.08179	0.4	12.	75.36	134.8	102.746877
5.013462	0.4	12.	41.235605	130.22	99.16
5.030733	0.4	12.	58.41	175.671149	99.16
4.812548	0.4	12.	58.74	193.758716	99.16
4.509775	0.4	12.	204.317929	106.36	99.16
9.959572	0.4	12.	1.061353	158.01	100.14
5.406431	0.4	12.	36.9	167.350795	101.96
6.188036	0.4	12.	82.21	113.820647	101.96
5.404623	0.4	12.	121.33318	85.1	101.96
6.196728	0.4	12.	135.66	81.84	102.947339
4.87481	0.4	12.	167.27	116.532356	101.96
5.676314	0.4	12.	139.24	158.34	102.425563
5.509504	0.4	12.	161.407753	179.92	101.96
5.00511	0.4	12.	164.665077	190.05	102.79
4.957608	0.4	12.	136.64	192.133296	102.79
4.453298	0.4	12.	124.850256	192.02	102.79
4.378961	0.4	12.	19.63	133.263104	103.63
4.498351	0.4	12.	22.89	120.09	108.983104
4.972404	0.4	12.	14.326263	124.01	104.53
5.302301	0.4	12.	30.320333	129.9	104.53
5.946948	0.4	12.	26.47	191.225091	104.53
5.475886	0.4	12.	47.00654	196.92	104.53
4.968572	0.4	12.	72.526028	224.06	105.37
6.125092	0.4	12.	85.94304	214.9	105.37
4.81865	0.4	12.	84.81	229.61	102.484266
4.861328	0.4	12.	104.7	213.59	102.896811
5.093943	0.4	12.	108.28	223.867263	105.37
5.056355	0.4	12.	124.9	216.21	106.65711
9.831611	0.4	12.	138.27	223.790054	106.2
6.377036	0.4	12.	168.58	215.868672	106.2
4.908191	0.4	12.	70.8	203.703547	105.22
4.535354	0.4	12.	69.096074	182.86	105.22
5.349485	0.4	12.	159.13	140.03	109.815118
5.599585	0.4	12.	176.4	90.99	106.696891
5.233993	0.4	12.	187.48	83.941878	105.22
6.440233	0.4	12.	228.097366	106.68	105.22
4.623961	0.4	12.	198.56	119.43	100.619492
5.099298	0.4	12.	172.49	172.685945	105.22
5.299629	0.4	12.	20.28	158.99	109.662715
6.029091	0.4	12.	90.68	88.499396	105.22
6.441034	0.4	12.	65.91	149.19	102.619022
4.833974	0.4	12.	116.1	181.23	106.95056
5.927965	0.4	12.	58.41	209.67	109.916745
4.371272	0.4	12.	50.92	216.485421	106.05
5.075733	0.4	12.	39.992036	213.92	106.05
6.094611	0.4	12.	50.267314	151.15	106.05
6.446727	0.4	12.	165.64	162.59	105.945775
4.771685	0.4	12.	135.33	176.571792	106.05
4.890615	0.4	12.	197.91	173.05	106.922434
6.00265	0.4	12.	193.02	182.776919	106.05
6.694229	0.4	12.	217.648347	162.26	106.05
4.633222	0.4	12.	160.43	124.34	105.835421
4.932536	0.4	12.	140.87	124.058545	106.05
4.558234	0.4	12.	80.9	196.100023	106.88
5.503221	0.4	12.	81.23	180.9	112.080945
6.330663	0.4	12.	76.34	157.69	102.478638
5.64415	0.4	12.	66.89	171.486142	106.88
5.633389	0.4	12.	77.435784	97.86	106.88
6.058466	0.4	12.	136.31	111.59	101.378873
4.747943	0.4	12.	174.724376	112.89	106.88
4.690495	0.4	12.	175.75	102.161607	106.88
4.694732	0.4	12.	206.71	122.070307	106.88
7.693956	0.4	12.	214.86	99.043514	106.88
5.206531	0.4	12.	184.87	174.69	110.450252
7.974095	0.4	12.	192.37	160.542465	106.88
6.728905	0.4	12.	144.46	169.78	108.348759
5.07988	0.4	12.	95.319202	182.21	106.88
4.930478	0.4	12.	37.23	152.78	107.706493
4.691455	0.4	12.	68.52	112.89	107.838741
4.512389	0.4	12.	51.927548	124.34	107.79
6.366719	0.4	12.	35.620942	141.01	107.79
5.570028	0.4	12.	120.34	201.17	108.331336
5.569696	0.4	12.	135.98	203.13	105.798303
4.678047	0.4	12.	150.98	202.736034	107.79
7.230115	0.4	12.	117.039358	107.99	108.63
4.689461	0.4	12.	116.1	94.91	107.111786
5.738573	0.4	12.	184.55	209.358731	108.63
5.572541	0.4	12.	86.12	167.82	111.034657
7.108418	0.4	12.	96.736333	196.27	108.63
5.901884	0.4	12.	49.29	181.424312	109.46
5.220509	0.4	12.	131.628529	142.65	109.46
4.837855	0.4	12.	128.16	117.8	106.966675
5.226681	0.4	12.	171.51	129.24	106.415577
4.544089	0.4	12.	201.5	132.954819	109.46
4.398296	0.4	12.	192.7	123.36	110.516866
4.68812	0.4	12.	179.216431	141.34	109.46
7.00513	0.4	12.	189.44	145.92	116.406201
4.371422	0.4	12.	188.13	191.03	113.508967
6.17778	0.4	12.	200.52	195.28	105.985345
4.800593	0.4	12.	113.5	135.305529	109.46
4.971253	0.4	12.	123.93	136.43	112.564274
4.709899	0.4	12.	108.61	119.43	105.518759
5.190842	0.4	12.	71.684184	123.36	110.29
5.453921	0.4	12.	48.704108	102.76	110.29
5.56671	0.4	12.	143.81	93.93	109.929509
6.932494	0.4	12.	146.09	143.310713	110.29
4.52104	0.4	12.	136.96	150.846002	110.29
5.539708	0.4	12.	175.67647	157.69	111.13
4.969844	0.4	12.	153.91	214.9	113.620219
5.522955	0.4	12.	152.61	188.42	114.524416
5.276716	0.4	12.	174.44	180.57	115.587058
5.01898	0.4	12.	157.17	111.91	115.400495
5.260267	0.4	12.	145.11	104.39	114.725898
4.868806	0.4	12.	155.790026	97.53	111.13
4.504455	0.4	12.	91.33	145.572819	111.13
5.243971	0.4	12.	116.75	154.194154	111.13
6.13397	0.4	12.	102.09	136.43	109.219668
5.630952	0.4	12.	101.44	108.97	107.461774
7.185881	0.4	12.	87.42	105.08084	111.13
4.928153	0.4	12.	114.15	81.955352	111.13
5.919215	0.4	12.	58.74	115.18	113.644702
5.472042	0.4	12.	38.21	113.22	106.310003
4.734359	0.4	12.	47.66	113.22	115.007573
5.37253	0.4	12.	17.35	139.38	115.334427
5.717007	0.4	12.	23.536969	171.42	111.13
4.681373	0.4	12.	46.439793	168.8	111.13
4.385579	0.4	12.	57.76	162.394535	111.13
6.912554	0.4	12.	106.32	186.13	114.051623
4.858468	0.4	12.	143.48	207.71	115.08476
7.298392	0.4	12.	92.31	231.782238	111.96
5.834285	0.4	12.	187.16	96.92417	111.96
4.560411	0.4	12.	194.	107.01	108.055889
5.045825	0.4	12.	183.797146	109.3	111.96
4.457756	0.4	12.	214.86	125.494613	111.96
4.829233	0.4	12.	215.19	113.55	107.524447
5.778044	0.4	12.	205.08	154.616752	111.96
5.498641	0.4	12.	106.	157.69	106.56503
5.268355	0.4	12.	171.735084	205.42	112.87
5.380901	0.4	12.	154.89	162.352618	112.87
5.248961	0.4	12.	97.2	125.096836	113.7
4.924949	0.4	12.	88.021295	119.43	113.7
4.61557	0.4	12.	165.97	101.45	111.990608
4.97419	0.4	12.	197.91	95.24	110.526174
5.046253	0.4	12.	208.34	141.344316	113.7
4.447883	0.4	12.	160.284584	198.23	113.7
7.091358	0.4	12.	128.49	155.07	118.294945
5.064975	0.4	12.	119.04	219.81	116.903704
4.559112	0.4	12.	111.21	207.753417	113.7
5.332695	0.4	12.	57.76	133.49	109.553508
4.542074	0.4	12.	81.665205	146.57	106.58
6.156429	0.4	12.	86.011254	132.18	107.49
4.571516	0.4	12.	166.62	149.99958	111.73
5.097128	0.4	12.	156.84	149.84	113.970061
4.451199	0.4	12.	93.61	159.65	110.956652
5.126471	0.4	12.	183.57	130.494598	111.73
5.640347	0.4	12.	129.074792	103.09	112.56
5.483225	0.4	12.	102.743332	91.97	112.56
7.143942	0.4	12.	99.48	171.42	118.371201
4.564065	0.4	12.	109.26	166.84	112.848277
7.921656	0.4	12.	123.93	172.559266	114.23
5.517039	0.4	12.	155.54	174.005135	114.23
4.709929	0.4	12.	176.07	193.65	111.668911
4.781595	0.4	12.	93.61	206.07	115.477934
4.582723	0.4	12.	140.55	152.136442	118.78
5.639576	0.4	12.	125.55	84.636853	118.78
5.260265	0.4	12.	164.99	93.61	122.555128
5.873399	0.4	12.	155.54	88.744543	118.78
4.702524	0.4	12.	172.16	124.796325	119.68
5.286985	0.4	12.	183.57	123.183548	119.68
5.787481	0.4	12.	204.43	98.391664	119.68
4.408411	0.4	12.	194.33	101.78	119.019616
5.495062	0.4	12.	166.3	193.433917	120.52
7.026687	0.4	12.	122.3	187.76	122.638169
5.246741	0.4	12.	139.9	185.8	119.937755
5.942516	0.4	12.	134.03	195.634555	122.71
4.900696	0.4	12.	126.86	215.084862	122.71
5.021328	0.4	12.	103.39	207.521654	122.71
5.018942	0.4	12.	100.742734	219.48	123.55
4.468295	0.4	12.	108.28	226.108631	123.55
5.965674	0.4	12.	120.218558	201.82	124.38
6.237599	0.4	12.	88.274301	217.84	124.38
4.602574	0.4	12.	80.58	229.526024	124.38
5.524509	0.4	12.	184.22	207.961301	124.38
4.698308	0.4	12.	201.17	168.377161	124.38
7.285368	0.4	12.	164.67	172.4	123.713424
4.627031	0.4	12.	212.19414	134.8	125.21
6.260907	0.4	12.	206.06	125.411724	125.21
4.532646	0.4	12.	193.35	124.01	123.914146
4.527646	0.4	12.	157.82	124.66	124.086913
5.893168	0.4	12.	159.45	136.11	123.019428
4.873378	0.4	12.	174.12	112.89	120.745456
5.106253	0.4	12.	173.79	100.8	124.150949
5.217264	0.4	12.	180.64	88.341052	125.21
6.57205	0.4	12.	126.21	116.49	124.850497
6.299512	0.4	12.	138.92	115.51	118.938696
4.768736	0.4	12.	138.59	105.7	126.481963
7.166434	0.4	12.	62.832338	128.59	125.21
5.006374	0.4	12.	73.08	148.248526	126.05
4.445427	0.4	12.	65.91	154.759024	126.05
5.777116	0.4	12.	75.69	161.94	128.14121
4.391716	0.4	12.	74.71	172.73	125.385724
7.927119	0.4	12.	74.38	186.422308	126.05
4.769527	0.4	12.	92.64	181.23	127.233857
5.152014	0.4	12.	84.16	196.299972	126.05
5.072567	0.4	12.	95.57	197.25	124.466675
4.941724	0.4	12.	73.995535	200.52	126.05
4.880775	0.4	12.	57.56185	203.13	126.05
5.550722	0.4	12.	55.81	214.507725	126.05
5.855057	0.4	12.	33.883117	199.86	126.05
5.627371	0.4	12.	38.21	211.122996	126.05
4.840943	0.4	12.	40.391624	184.5	126.88
4.851662	0.4	12.	19.190208	184.82	126.96
5.812359	0.4	12.	27.636216	175.67	126.96
4.572845	0.4	12.	28.43	157.006918	126.96
4.837678	0.4	12.	18.	158.99	129.181447
4.917473	0.4	12.	9.785085	165.53	126.96
4.90305	0.4	12.	25.82	165.86	131.277565
5.924707	0.4	12.	19.95	139.7	130.602364
4.706184	0.4	12.	16.203989	129.9	126.96
4.999201	0.4	12.	19.63	118.437985	126.96
6.359276	0.4	12.	26.15	108.461215	126.96
4.743519	0.4	12.	52.22	112.57	129.14167
8.882456	0.4	12.	84.16	95.754143	126.96
5.132406	0.4	12.	90.03	109.63	131.583882
5.321437	0.4	12.	108.61	115.51	122.054892
4.772984	0.4	12.	111.349332	102.76	126.96
5.733969	0.4	12.	97.861605	101.12	126.96
5.048377	0.4	12.	146.41	95.875393	126.96
5.640092	0.4	12.	172.81	158.34	130.82032
6.120036	0.4	12.	172.49	184.195021	126.96
4.718217	0.4	12.	140.87	203.163646	126.96
5.290973	0.4	12.	108.480371	188.42	127.79
4.701894	0.4	12.	123.27	150.49	133.46535
4.899102	0.4	12.	144.78	147.22	128.213757
4.563446	0.4	12.	98.18	120.822269	131.2
4.724828	0.4	12.	88.72	121.034808	131.2
5.669591	0.4	12.	155.705425	105.7	131.2
4.500918	0.4	12.	181.94	110.61	132.016991
4.56773	0.4	12.	202.8	157.03	130.327607
5.090625	0.4	12.	158.47	190.794653	132.11
4.629868	0.4	12.	112.693953	206.73	132.11
6.412298	0.4	12.	90.03	230.023664	132.94
6.621137	0.4	12.	52.22	175.01	129.020234
4.737485	0.4	12.	46.797471	141.34	134.83
5.31817	0.4	12.	50.59	128.96854	134.83
5.074948	0.4	12.	90.03	171.427069	134.83
6.442083	0.4	12.	104.7	154.74	138.112109
5.961407	0.4	12.	112.450365	145.59	134.83
5.621464	0.4	12.	132.193913	172.73	134.83
4.846004	0.4	12.	125.863945	182.86	134.83
5.019452	0.4	12.	158.47	164.22	137.30624
5.225069	0.4	12.	171.232616	127.28	134.83
4.653182	0.4	12.	186.5	119.532717	134.83
4.969122	0.4	12.	190.09	98.600303	134.83
6.568783	0.4	12.	201.647619	102.11	134.83
5.503986	0.4	12.	199.54	122.266818	134.83
4.626377	0.4	12.	156.805218	95.24	135.67
4.41537	0.4	12.	165.32	95.24	132.626334
5.314394	0.4	12.	150.33	101.45	140.108978
9.447085	0.4	12.	137.94	84.408177	135.67
4.553068	0.4	12.	132.07	98.830014	135.67
5.086707	0.4	12.	189.44	146.24	133.426896
5.655193	0.4	12.	188.13	173.38	140.968492
4.446283	0.4	12.	165.64	195.307759	136.5
6.475833	0.4	12.	158.15	178.135428	136.5
4.727865	0.4	12.	170.21	207.203959	136.5
4.746771	0.4	12.	149.35	197.656383	136.5
5.745076	0.4	12.	145.76	157.69	131.784832
6.549284	0.4	12.	141.85	137.499396	136.5
5.326461	0.4	12.	135.01	125.97	138.689011
5.711194	0.4	12.	104.04	132.84	138.603209
6.911232	0.4	12.	83.51	148.86	136.544341
5.423462	0.4	12.	63.63	168.916444	136.5
5.87908	0.4	12.	76.99	118.45	122.031597
4.812745	0.4	12.	74.06	107.030022	127.79
4.926056	0.4	12.	66.24	113.887831	127.79
6.342691	0.4	12.	35.27	119.11	133.341943
4.589965	0.4	12.	40.81	129.580932	127.79
5.816555	0.4	12.	32.01	139.7	131.523519
4.723344	0.4	12.	43.34732	151.8	127.79
4.646495	0.4	12.	56.13	161.61	127.91815
6.309735	0.4	12.	59.493513	144.61	128.62
6.152766	0.4	12.	76.67	130.616287	128.62
6.866263	0.4	12.	94.211698	133.49	128.62
5.303678	0.4	12.	99.81	148.2	128.990868
6.465216	0.4	12.	88.4	160.3	127.33337
5.847046	0.4	12.	108.61	173.050594	129.46
5.333543	0.4	12.	118.06	164.331844	129.46
4.382254	0.4	12.	141.2	167.49	129.294161
5.5458	0.4	12.	148.37	183.768281	129.46
4.772481	0.4	12.	153.58	209.02	129.246435
4.994087	0.4	12.	153.91	218.880788	129.46
5.15858	0.4	12.	133.7	210.823345	129.46
6.852488	0.4	12.	116.601859	221.11	129.46
4.802922	0.4	12.	194.955013	190.38	129.46
5.33748	0.4	12.	180.64	190.38	134.003965
4.839088	0.4	12.	188.918792	197.9	129.46
6.077262	0.4	12.	201.5	180.57	130.877651
4.558784	0.4	12.	179.66	149.51	132.297085
4.859884	0.4	12.	191.39	137.234262	129.46
5.427606	0.4	12.	176.4	136.384195	129.46
6.469848	0.4	12.	164.01	150.17	129.039906
5.031485	0.4	12.	148.04	134.15	126.251312
5.969017	0.4	12.	147.39	121.734157	129.46
4.456176	0.4	12.	145.11	110.61	132.960227
5.234554	0.4	12.	164.67	112.595686	129.46
5.270101	0.4	12.	123.6	96.597812	129.46
6.556037	0.4	12.	118.06	108.64	134.10844
4.953121	0.4	12.	106.65	95.24	131.881875
6.064918	0.4	12.	115.78	129.5449	129.46
4.515264	0.4	12.	129.47	135.13	131.878093
4.980432	0.4	12.	175.75	167.49	125.735616
4.593714	0.4	12.	187.16	159.152457	129.46
4.538496	0.4	12.	201.5	146.998914	129.46
4.494276	0.4	12.	101.44	225.36	132.951813
7.993601	0.4	12.	109.91	237.205182	129.46
4.523992	0.4	12.	142.83	212.94	125.217567
5.269259	0.4	12.	118.06	175.449575	136.65
4.439686	0.4	12.	118.71	190.612926	136.65
4.652532	0.4	12.	87.42	205.75	133.84282
4.729544	0.4	12.	62.637073	180.57	136.65
5.49261	0.4	12.	202.8	168.431623	140.9
5.078167	0.4	12.	204.1	132.18	140.271933
6.792063	0.4	12.	158.47	121.07	135.800462
4.508748	0.4	12.	158.8	135.095568	140.9
4.833871	0.4	12.	174.12	114.200062	140.9
5.778643	0.4	12.	175.75	100.682468	140.9
5.065196	0.4	12.	133.38	113.22	136.830204
4.611256	0.4	12.	139.472562	105.38	140.9
4.683511	0.4	12.	125.55	112.24	143.924974
4.498299	0.4	12.	121.32	119.11	138.36055
5.29881	0.4	12.	66.89	123.644749	141.73
4.985723	0.4	12.	68.569834	150.17	141.73
4.781286	0.4	12.	71.943666	173.71	141.73
4.397552	0.4	12.	74.38	162.92	139.766408
5.177731	0.4	12.	91.98	182.885828	141.73
5.534333	0.4	12.	85.79	192.02	136.607965
5.551201	0.4	12.	100.112855	197.9	141.73
4.613846	0.4	12.	88.202216	210.65	141.73
5.102281	0.4	12.	100.46	215.56	136.752686
6.017352	0.4	12.	114.99068	199.86	141.73
5.850084	0.4	12.	120.324873	210.98	141.73
5.030248	0.4	12.	130.44	203.271363	141.73
4.984882	0.4	12.	131.75	188.956568	141.73
4.497465	0.4	12.	140.87	190.05	139.095996
4.852878	0.4	12.	166.886077	173.05	141.73
4.521427	0.4	12.	149.67	144.660761	141.73
5.050935	0.4	12.	170.86	149.19	142.287828
5.583945	0.4	12.	58.867248	131.86	142.56
4.570841	0.4	12.	18.32	134.8	141.978757
4.822379	0.4	12.	28.75	157.36	138.636279
6.072104	0.4	12.	25.82	168.712791	143.39
5.117659	0.4	12.	14.09	178.28	139.653156
4.439001	0.4	12.	39.84	170.70193	143.39
5.282969	0.4	12.	41.46	132.51	141.305827
5.113425	0.4	12.	77.97	114.2	139.200588
5.740655	0.4	12.	94.92	98.099329	143.39
4.8493	0.4	12.	139.9	117.911455	143.39
5.222928	0.4	12.	164.67	121.72	147.151576
4.721838	0.4	12.	167.6	133.17	144.332488
4.561098	0.4	12.	179.901147	125.97	143.39
4.868844	0.4	12.	75.69	151.8	149.047226
5.095644	0.4	12.	94.772346	112.57	144.23
5.099763	0.4	12.	73.566623	105.05	144.23
4.549037	0.4	12.	63.63	107.34	140.099694
4.439399	0.4	12.	54.5	107.807924	144.23
5.239783	0.4	12.	172.16	162.008332	144.23
4.637967	0.4	12.	177.444661	181.55	144.23
4.829928	0.4	12.	140.87	204.429591	144.23
4.727444	0.4	12.	104.197451	186.13	144.23
4.610147	0.4	12.	84.81	104.288505	144.23
4.856177	0.4	12.	32.34	122.38	146.598713
6.253219	0.4	12.	20.61	122.7	148.963307
6.906672	0.4	12.	33.430902	189.73	144.23
4.455988	0.4	12.	49.80483	193.65	144.23
8.19346	0.4	12.	35.92	216.448438	144.23
4.509203	0.4	12.	80.764338	216.54	144.23
5.428145	0.4	12.	110.434032	215.88	144.23
5.033169	0.4	12.	127.51	219.571697	144.23
4.577615	0.4	12.	68.52	140.68	143.459428
6.014773	0.4	12.	82.21	128.59	139.29012
4.643605	0.4	12.	86.77	140.252836	144.23
4.834675	0.4	12.	91.98	149.51	149.39531
4.49906	0.4	12.	100.46	168.15	141.727213
4.512751	0.4	12.	130.12	158.01	143.807831
4.762946	0.4	12.	136.64	168.407717	145.89
4.691472	0.4	12.	152.28	182.405917	145.89
5.410134	0.4	12.	143.16	179.92	142.095239
4.463877	0.4	12.	149.032397	166.19	145.89
4.530828	0.4	12.	130.703296	140.68	145.89
6.688835	0.4	12.	118.430898	138.07	145.89
5.866631	0.4	12.	150.33	126.538423	145.89
6.477238	0.4	12.	163.69	109.63	151.063811
6.454746	0.4	12.	188.79	132.18	140.156994
5.451846	0.4	12.	177.05	141.02783	145.89
5.934141	0.4	12.	179.01	170.44	150.603088
4.889754	0.4	12.	108.61	107.759604	145.89
5.426842	0.4	12.	55.835119	160.3	145.89
4.425115	0.4	12.	47.66	151.440967	145.89
5.55629	0.4	12.	29.655553	147.88	145.89
6.372824	0.4	12.	15.583131	148.2	145.89
5.203851	0.4	12.	75.04	197.9	150.205359
4.846807	0.4	12.	72.661942	207.38	145.89
6.03319	0.4	12.	152.28	209.639293	145.89
5.018633	0.4	12.	87.1	158.99	148.532049
5.712038	0.4	12.	79.007283	180.9	145.89
6.013483	0.4	12.	106.	176.32	149.69806
5.367797	0.4	12.	114.8	164.88	140.940625
4.900842	0.4	12.	112.84	124.130813	145.89
7.319902	0.4	12.	187.81	159.65	143.550149
7.070741	0.4	12.	198.24	146.57	143.026946
5.310291	0.4	12.	196.61	135.13	148.600668
7.190375	0.4	12.	196.711281	111.26	145.89
4.920544	0.4	12.	134.68	211.96	147.717221
4.504726	0.4	12.	112.84	224.71	148.314963
4.699272	0.4	12.	102.74	226.34	147.312384
4.81686	0.4	12.	58.74	147.88	145.008423
4.767374	0.4	12.	53.85	139.38	148.758118
4.876724	0.4	12.	70.8	115.84	148.323937
5.489527	0.4	12.	56.394856	118.45	145.89
4.44228	0.4	12.	25.49	113.88	143.107116
5.633444	0.4	12.	106.32	96.014887	145.89
7.113461	0.4	12.	120.01	98.447647	145.89
6.06386	0.4	12.	189.11	185.15	141.105583
9.223044	0.4	12.	181.29	191.69	154.159067
7.419872	0.4	12.	197.91	201.103307	145.89
6.14602	0.4	12.	156.52	153.44	142.713045
4.92051	0.4	12.	66.56	162.59	150.709352
4.441228	0.4	12.	91.98	191.36	146.834809
4.862347	0.4	12.	163.181169	165.86	148.47
4.537721	0.4	12.	99.81	123.68	144.632289
6.456259	0.4	12.	86.340284	119.43	148.47
6.157658	0.4	12.	96.87	138.72	148.042387
5.256272	0.4	12.	125.23	150.82	148.626816
4.997221	0.4	12.	115.45	154.09	145.257659
5.711354	0.4	12.	205.08	159.443372	148.47
6.786313	0.4	12.	89.38	223.876772	148.47
5.085935	0.4	12.	60.37	197.25	145.721415
6.794777	0.4	12.	53.52	215.23	143.239655
5.167631	0.4	12.	38.53	111.99947	148.47
4.780386	0.4	12.	152.93	106.314381	152.03
4.408719	0.4	12.	146.09	99.33625	152.03
5.155065	0.4	12.	138.59	138.4	152.344939
4.47285	0.4	12.	135.33	124.693695	152.03
4.399389	0.4	12.	159.45	179.459141	152.03
7.182891	0.4	12.	164.34	191.36	154.087604
4.995426	0.4	12.	192.04	177.17629	152.03
5.403262	0.4	12.	122.973075	180.9	152.03
6.776339	0.4	12.	122.3	167.330756	152.03
4.761576	0.4	12.	151.328469	158.34	152.03
4.69112	0.4	12.	143.81	148.2	153.033776
4.691738	0.4	12.	91.33	129.24	156.593698
4.436648	0.4	12.	90.03	173.975855	152.03
8.186807	0.4	12.	55.48	173.936242	152.03
4.468599	0.4	12.	43.75	140.005893	152.03
5.841365	0.4	12.	49.61	128.26	151.326561
4.421712	0.4	12.	108.61	145.91517	152.03
6.636979	0.4	12.	102.74	156.88239	152.03
4.520559	0.4	12.	114.15	193.993513	152.03
5.208543	0.4	12.	150.65	197.25	149.578445
4.912743	0.4	12.	46.68	182.86	156.846368
6.482888	0.4	12.	51.24	196.558512	156.42
5.540258	0.4	12.	159.78	137.09	153.433622
4.528355	0.4	12.	153.91	119.407921	156.42
5.548876	0.4	12.	143.16	110.728241	156.42
4.588787	0.4	12.	141.53	186.785372	157.26
5.314665	0.4	12.	135.33	194.3	153.789062
4.483072	0.4	12.	114.12437	204.11	157.26
4.844046	0.4	12.	103.988802	199.21	157.26
4.636565	0.4	12.	87.1	207.38	155.323477
4.515074	0.4	12.	101.318262	210.65	157.26
5.218498	0.4	12.	117.41	216.008453	157.26
4.499743	0.4	12.	76.34011	165.53	157.26
5.00572	0.4	12.	64.93	125.65	155.445467
5.171543	0.4	12.	149.35	138.283037	157.26
4.957478	0.4	12.	167.27	175.99	161.101794
5.618471	0.4	12.	185.53	145.42223	157.26
5.260952	0.4	12.	178.68	154.09	159.268883
5.717875	0.4	12.	131.75	109.892728	157.26
5.120404	0.4	12.	122.787435	118.45	157.26
5.742202	0.4	12.	118.38	107.853641	157.26
6.140237	0.4	12.	116.1	127.587777	157.26
4.509358	0.4	12.	76.115162	148.53	159.68
6.153021	0.4	12.	157.82	147.55	190.733153
4.556234	0.4	12.	153.58	159.97	189.127993
4.479533	0.4	12.	153.58	169.654302	184.6
5.347229	0.4	12.	146.09	176.65	181.953613
7.108882	0.4	12.	136.96	162.92	190.786879
7.096296	0.4	12.	146.74	190.71	178.915648
4.589958	0.4	12.	155.21	181.401143	185.06
4.651971	0.4	12.	166.95	168.373352	183.92
4.373277	0.4	12.	124.9	168.8	186.435189
4.907473	0.4	12.	117.490612	173.71	182.94
4.663629	0.4	12.	124.25	184.917561	182.94
5.732426	0.4	12.	131.1	178.61	187.752647
4.73645	0.4	12.	108.28	173.05	178.848852
4.500351	0.4	12.	108.28	158.615179	182.94
4.410973	0.4	12.	102.41	169.78	185.603856
6.353106	0.4	12.	99.48	154.09	188.493508
5.231242	0.4	12.	93.94	154.74	177.729447
4.786453	0.4	12.	85.47	149.51	180.622759
4.431219	0.4	12.	76.016016	145.92	182.94
4.406719	0.4	12.	67.54	148.86	178.581921
5.724926	0.4	12.	70.47	154.09	186.933178
5.061294	0.4	12.	57.733688	154.74	182.1
5.159917	0.4	12.	58.09	164.55	187.089653
5.798443	0.4	12.	59.940002	174.69	182.1
6.560059	0.4	12.	41.14	177.3	188.559004
4.424282	0.4	12.	44.4	181.55	178.476349
8.613081	0.4	12.	45.38	157.03	190.380629
4.663088	0.4	12.	41.14	149.51	179.140403
5.115627	0.4	12.	50.26	143.63	185.336144
5.166956	0.4	12.	68.84	138.72	186.707023
4.707024	0.4	12.	66.792932	165.53	182.1
5.038594	0.4	12.	76.34	169.153792	182.1
6.276101	0.4	12.	92.96	183.51	188.36285
4.372605	0.4	12.	89.38	192.254939	182.1
4.45303	0.4	12.	101.874913	193.32	182.1
5.731196	0.4	12.	100.13	204.680261	182.1
5.348593	0.4	12.	79.432244	197.25	182.1
6.197697	0.4	12.	85.217959	207.38	182.1
5.911212	0.4	12.	68.84	206.73	187.454596
5.28018	0.4	12.	117.41	141.01	176.378867
4.574482	0.4	12.	134.68	122.563611	181.27
4.868381	0.4	12.	135.01	132.84	179.762935
5.777805	0.4	12.	142.18	142.388263	181.27
6.388632	0.4	12.	175.459529	159.65	181.27
5.523946	0.4	12.	95.24	129.9	185.373459
5.561704	0.4	12.	91.33	116.165319	181.27
5.149643	0.4	12.	74.38	117.8	180.910933
4.701358	0.4	12.	62.32	130.88	176.774473
5.801999	0.4	12.	42.802565	134.47	181.27
4.746762	0.4	12.	61.67	141.01	177.752997
4.844354	0.4	12.	87.758948	162.26	181.27
5.395282	0.4	12.	94.27	175.67	178.121052
5.451339	0.4	12.	112.19	187.11	183.191591
4.851601	0.4	12.	135.129947	186.78	181.27
4.618957	0.4	12.	145.620173	165.21	181.27
6.553764	0.4	12.	164.34	178.28	178.003721
5.267107	0.4	12.	160.43	190.177354	181.27
4.5809	0.4	12.	145.76	153.981751	181.27
4.677879	0.4	12.	137.61	151.47	185.866231
7.851684	0.4	12.	129.14	142.65	188.747566
6.073577	0.4	12.	123.6	129.334621	181.27
7.895983	0.4	12.	108.61	133.49	186.287537
5.646071	0.4	12.	109.58	124.01	175.852539
7.882239	0.4	12.	106.	115.18	186.874314
4.800737	0.4	12.	106.	146.24	177.209765
4.41665	0.4	12.	128.16	150.82	176.862244
4.758981	0.4	12.	119.36	151.283907	180.44
4.564274	0.4	12.	115.13	164.261593	180.44
4.865927	0.4	12.	93.801	144.61	180.44
5.423636	0.4	12.	90.03	133.82	176.493492
4.639509	0.4	12.	80.61384	137.09	180.44
4.970542	0.4	12.	80.58	125.65	177.506403
4.91598	0.4	12.	71.441714	130.88	180.44
6.82431	0.4	12.	60.04	121.07	183.566498
4.752119	0.4	12.	50.26	128.59	176.106959
6.918665	0.4	12.	46.35	118.333242	180.44
5.707837	0.4	12.	31.69	145.26	178.254199
4.389229	0.4	12.	28.258462	161.28	179.6
9.141853	0.4	12.	16.545503	154.09	179.6
4.372893	0.4	12.	39.18	163.433429	179.6
6.075241	0.4	12.	22.746782	171.42	179.6
4.497031	0.4	12.	32.66	182.560992	179.6
4.463188	0.4	12.	75.04	183.750975	179.6
5.546362	0.4	12.	57.44	183.84	175.867086
8.213625	0.4	12.	53.52	201.323746	178.69
5.586808	0.4	12.	84.81	179.59	173.358628
4.535504	0.4	12.	70.47	199.822583	178.69
4.574326	0.4	12.	112.84	200.793822	178.69
5.126942	0.4	12.	126.21	195.509578	178.69
9.181223	0.4	12.	134.35	207.568592	178.69
5.60808	0.4	12.	163.36	141.571227	178.69
6.432173	0.4	12.	153.909248	131.53	178.69
4.959757	0.4	12.	159.78	151.15	171.865897
4.714847	0.4	12.	156.982717	160.96	168.62
4.979175	0.4	12.	166.62	167.49	172.837471
5.821149	0.4	12.	154.89	181.124437	167.79
5.749313	0.4	12.	145.11	177.63	162.04276
4.63649	0.4	12.	141.44147	168.15	166.88
5.97794	0.4	12.	120.557049	184.82	167.79
5.007497	0.4	12.	124.9	170.11	170.709321
4.468077	0.4	12.	115.65489	173.38	167.79
4.535952	0.4	12.	105.02	179.119623	167.79
5.14233	0.4	12.	106.481487	169.46	166.95
6.12845	0.4	12.	105.824875	192.67	166.95
5.773717	0.4	12.	88.07	195.612866	167.79
6.147137	0.4	12.	93.29	187.11	161.241515
5.601152	0.4	12.	79.6	202.8	165.291867
6.032037	0.4	12.	69.426763	209.67	166.35
5.431934	0.4	12.	83.18	212.61	170.119096
5.526588	0.4	12.	68.84	164.80821	166.35
5.089181	0.4	12.	59.39	164.88	161.34795
4.621902	0.4	12.	57.257713	156.38	166.35
5.539261	0.4	12.	45.05	162.402505	166.35
6.657326	0.4	12.	35.27	148.320767	166.35
4.615497	0.4	12.	70.15	141.01	162.166078
4.477023	0.4	12.	66.56	154.09	162.553195
4.87147	0.4	12.	73.08	146.24	171.162596
4.762972	0.4	12.	87.434049	149.51	166.35
5.544915	0.4	12.	100.168462	120.41	166.35
5.91924	0.4	12.	109.26	109.321912	166.35
4.665842	0.4	12.	83.84	117.47	169.261778
5.455443	0.4	12.	99.81	131.2	171.767379
6.159151	0.4	12.	176.07	172.525615	168.32
4.584681	0.4	12.	158.47	168.15	162.83988
5.037438	0.4	12.	146.09	120.74	162.148561
4.777059	0.4	12.	156.059022	121.4	166.65
6.659208	0.4	12.	165.074351	109.95	166.65
4.405344	0.4	12.	125.500084	105.38	166.65
4.635529	0.4	12.	135.98	161.94	160.189475
6.179532	0.4	12.	126.21	153.11	163.370555
4.765538	0.4	12.	133.05	144.498551	164.45
5.113556	0.4	12.	118.71	143.78058	164.45
4.783068	0.4	12.	96.87	150.17	168.041709
5.250203	0.4	12.	76.413102	131.53	164.45
4.675312	0.4	12.	84.16	140.68	165.60178
5.42197	0.4	12.	99.48	138.72	161.887115
4.77018	0.4	12.	113.82	161.94	166.1051
5.684216	0.4	12.	96.87	161.783703	164.45
4.642167	0.4	12.	95.9	175.440479	164.45
6.083377	0.4	12.	58.41	145.690989	164.45
5.333975	0.4	12.	64.61	132.698187	164.45
4.655247	0.4	12.	56.13	126.63	168.496797
4.982627	0.4	12.	40.793116	132.18	164.45
4.445696	0.4	12.	23.21	150.82	161.441506
4.661659	0.4	12.	26.8	164.915283	164.45
5.525342	0.4	12.	76.99	178.94	160.480114
5.101102	0.4	12.	135.404616	184.17	164.45
6.359201	0.4	12.	91.66	109.888499	164.45
4.905019	0.4	12.	70.47	117.47	163.414663
4.710428	0.4	12.	48.96	135.78	168.801824
4.456921	0.4	12.	142.610668	136.11	164.45
4.99287	0.4	12.	151.63	131.53	164.718465
5.700755	0.4	12.	165.358173	157.03	162.26
4.482438	0.4	12.	183.112051	162.26	162.26
5.082372	0.4	12.	193.02	162.619196	162.26
5.28464	0.4	12.	193.02	152.78	166.784798
5.165775	0.4	12.	165.32	123.68	160.980193
4.412797	0.4	12.	75.567016	157.69	162.26
4.65206	0.4	12.	131.42	203.79	157.907101
7.101756	0.4	12.	133.05	216.956786	162.26
5.206936	0.4	12.	143.81	203.46	161.931027
5.28031	0.4	12.	122.95	195.980197	162.26
4.786662	0.4	12.	53.366548	116.16	162.26
5.330743	0.4	12.	61.67	110.055207	162.26
7.313358	0.4	12.	32.66	120.359869	162.26
8.049325	0.4	12.	21.91	137.503385	162.26
5.288009	0.4	12.	66.744693	175.67	162.26
4.371972	0.4	12.	38.21	203.79	161.229341
5.132183	0.4	12.	36.9	211.96	167.215376
4.813945	0.4	12.	74.633837	218.82	162.26
8.038025	0.4	12.	107.3	230.413309	162.26
4.889454	0.4	12.	107.95	217.392295	162.26
5.118504	0.4	12.	125.23	205.75	167.299317
5.737185	0.4	12.	110.56	208.04	166.968657
4.612131	0.4	12.	149.583779	190.38	162.26
4.435736	0.4	12.	76.34	111.26	157.970966
5.147313	0.4	12.	76.99	120.74	156.391463
4.662444	0.4	12.	173.14	117.15	156.478437
4.791995	0.4	12.	182.524799	125.65	158.24
7.145234	0.4	12.	200.918015	121.72	158.24
4.739049	0.4	12.	35.92	146.460349	123.62
4.376227	0.4	12.	81.55	139.7	126.475787
6.567394	0.4	12.	28.1	127.041289	123.62
5.976968	0.4	12.	34.416936	164.88	118.7
4.83262	0.4	12.	58.41	174.69	117.611356
7.592575	0.4	12.	49.29	140.605997	118.7
5.739858	0.4	12.	55.600715	194.3	118.7
4.488451	0.4	12.	137.61	87.07	118.489895
4.832543	0.4	12.	109.435745	146.9	111.43
4.372157	0.4	12.	128.16	125.65	114.400263
4.83914	0.4	12.	134.938944	133.17	111.43
5.149051	0.4	12.	118.065807	123.68	111.43
5.556782	0.4	12.	131.42	91.387388	111.43
4.611199	0.4	12.	147.39	129.332062	111.43
5.600276	0.4	12.	197.91	146.24	106.146043
4.601791	0.4	12.	192.7	136.43	108.065746
6.476271	0.4	12.	67.21	104.07	117.303088
5.514237	0.4	12.	27.12	111.59	114.302184
4.418336	0.4	12.	18.98	182.21	111.893971
4.466112	0.4	12.	107.63	116.82	90.983561
4.960456	0.4	12.	106.32	130.88	89.563996
5.000528	0.4	12.	119.36	146.9	97.269748
4.745205	0.4	12.	148.37	156.05	89.165714
5.707086	0.4	12.	174.086549	145.59	91.66
5.413493	0.4	12.	186.18	144.28	92.094656
7.175268	0.4	12.	88.4	170.44	88.426955
4.873387	0.4	12.	101.11	155.958635	91.66
5.811337	0.4	12.	96.55	194.63	90.304418
7.644454	0.4	12.	111.54	195.61	94.942034
4.514658	0.4	12.	50.26	184.82	92.0664
4.714751	0.4	12.	41.96533	139.7	91.66
4.444101	0.4	12.	104.100306	98.18	91.66
4.552811	0.4	12.	112.19	79.55	93.494953
5.9467	0.4	12.	208.34	114.757307	91.66
5.765941	0.4	12.	178.539415	173.38	91.66
5.922458	0.4	12.	63.155135	207.38	89.16
4.754019	0.4	12.	87.1	206.73	84.417672
4.654426	0.4	12.	82.400956	138.72	89.16
5.545966	0.4	12.	80.760595	128.59	89.16
5.64562	0.4	12.	136.31	110.93	87.340077
4.957844	0.4	12.	61.376346	94.26	89.16
5.059475	0.4	12.	96.751729	138.07	11.36
4.50234	0.4	12.	94.7941	148.86	11.36
5.348012	0.4	12.	110.24	159.32	7.001704
4.733972	0.4	12.	119.04	165.53	10.198472
7.251477	0.4	12.	98.83	174.663203	11.36
5.634642	0.4	12.	101.232009	192.02	11.36
5.085444	0.4	12.	76.67	172.73	13.591919
4.992926	0.4	12.	62.	180.57	9.846502
4.670277	0.4	12.	59.07	163.062461	11.36
5.885335	0.4	12.	57.44	141.01	15.210521
5.723746	0.4	12.	39.18	162.699207	11.36
8.112836	0.4	12.	59.39	101.566732	12.2
4.446165	0.4	12.	106.	140.36	14.628864
5.330215	0.4	12.	121.465803	146.24	12.2
5.088795	0.4	12.	127.84	193.98	12.498589
4.462715	0.4	12.	144.78	198.825644	12.2
5.025247	0.4	12.	170.033851	195.28	12.2
4.766676	0.4	12.	166.62	184.5	12.444982
4.513015	0.4	12.	143.16	178.797539	12.2
4.817575	0.4	12.	186.18	170.44	8.11677
5.350126	0.4	12.	182.27	161.28	11.055486
5.659677	0.4	12.	189.494083	185.15	12.2
4.573294	0.4	12.	97.52	159.706878	12.2
5.580536	0.4	12.	84.81	166.51	7.250387
4.646758	0.4	12.	81.506046	152.45	12.2
4.687992	0.4	12.	91.07969	189.73	12.2
5.204817	0.4	12.	74.582015	137.74	12.2
4.769207	0.4	12.	63.63	132.849698	12.2
6.428859	0.4	12.	66.56	119.76	7.839884
5.800469	0.4	12.	77.97	118.610448	12.2
6.004858	0.4	12.	40.81	127.620014	12.2
5.969332	0.4	12.	110.24	184.5	7.390629
5.251092	0.4	12.	118.075666	176.98	12.2
4.491619	0.4	12.	151.3	190.308363	12.2
4.635289	0.4	12.	165.64	175.67	15.609348
4.713436	0.4	12.	178.984054	181.23	12.2
5.774674	0.4	12.	192.37	165.21	17.426793
5.10858	0.4	12.	188.13	143.3	13.252243
4.541618	0.4	12.	208.99	173.612144	12.2
7.550243	0.4	12.	200.954946	194.63	12.2
6.117008	0.4	12.	183.923429	205.09	12.2
5.07512	0.4	12.	115.376217	194.3	12.2
6.604896	0.4	12.	106.65	201.17	17.714286
5.355293	0.4	12.	135.66	202.856204	12.2
4.795061	0.4	12.	132.461683	183.84	12.2
4.464472	0.4	12.	81.88	177.96	54.85979
5.844179	0.4	12.	78.95	166.19	58.147716
5.531628	0.4	12.	85.47	155.07	51.404539
4.425172	0.4	12.	89.7	169.13	55.223742
4.676474	0.4	12.	72.988664	139.38	53.71
7.856753	0.4	12.	79.179208	128.26	53.71
5.018498	0.4	12.	66.24	123.36	52.848649
4.614068	0.4	12.	96.55	195.575452	53.71
4.795895	0.4	12.	88.4	202.48	51.724421
5.477783	0.4	12.	97.85	209.732496	53.71
5.493178	0.4	12.	132.4	213.597305	53.71
5.558246	0.4	12.	131.1	189.249742	53.71
5.076291	0.4	12.	166.876805	177.96	53.71
4.678488	0.4	12.	189.11	188.554234	53.71
5.058611	0.4	12.	196.062785	159.32	53.71
6.072366	0.4	12.	211.515778	135.13	53.71
4.503279	0.4	12.	196.28	108.034164	53.71
4.866635	0.4	12.	189.44	91.32	56.24855
5.175004	0.4	12.	86.77	208.69	15.620907
10.148903	0.4	12.	99.81	217.035906	19.85
4.790669	0.4	12.	52.117232	126.63	6.67
5.166007	0.4	12.	47.66	137.09	4.370809
4.558667	0.4	12.	43.647334	147.55	6.67
5.815423	0.4	12.	74.469211	158.99	6.67
8.272422	0.4	12.	55.48	169.78	-3.421974
4.803655	0.4	12.	46.35	157.516833	3.26
7.907684	0.4	12.	77.64	185.15	2.426778
5.096709	0.4	12.	77.32	198.642252	5.08
8.440898	1.	11.	194.25	123.940476	-1.06
4.738531	1.	11.	218.37	107.56	-1.55707
4.722461	1.	11.	162.219027	96.78	1.51
6.366274	1.	11.	136.89	96.925381	-0.45
4.412907	1.	11.	178.61	123.26	0.923701
4.370531	1.	11.	175.02	134.85444	-1.14
5.016403	1.	11.	195.88	142.119657	-2.5
4.333404	1.	11.	203.543842	147.78	-2.5
6.958459	1.	11.	114.08	131.843672	10.45
5.960484	1.	11.	107.804401	114.1	13.86
4.910744	1.	11.	123.706884	84.35	13.03
4.931709	1.	11.	174.560987	76.18	19.09
5.59719	1.	11.	186.819385	70.62	21.13
4.461789	1.	11.	196.655463	74.22	21.13
4.444734	1.	11.	205.99	78.79	22.664475
4.822801	1.	11.	215.11	135.68	17.658181
5.331946	1.	11.	222.28	141.57	22.594548
4.429458	1.	11.	224.99955	128.49	28.63
5.252813	1.	11.	111.14	90.24	30.348761
5.406083	1.	11.	114.4	93.51	19.912699
4.457313	1.	11.	90.61	88.93	33.180659
4.62896	1.	11.	31.29	161.062554	35.53
4.370207	1.	11.	100.71	187.038699	29.92
5.187219	1.	11.	198.980266	195.19	51.81
5.070168	1.	11.	11.327984	122.6	56.36
7.310368	1.	11.	3.41192	143.53	58.93
5.710937	1.	11.	14.01	152.36	55.479765
4.375964	1.	11.	10.1	121.371551	88.78
4.866532	1.	11.	45.3	207.571359	95.07
5.678129	1.	11.	30.116707	138.95	95.07
6.821181	1.	11.	27.38	159.22	94.348064
4.72363	1.	11.	25.1	149.74	102.508624
5.920655	1.	11.	14.34	151.7	120.693337
4.730076	1.	11.	6.52	181.45	120.502799
4.32824	1.	11.	18.25	197.47	122.520992
4.382701	1.	11.	22.16	191.92	116.928417
4.476846	1.	11.	29.01	188.97	124.688079
4.599946	1.	11.	30.31	196.82	116.407246
5.341187	1.	11.	23.14	206.987685	121.5
4.310399	1.	11.	24.489733	196.82	128.62
4.79387	1.	11.	50.19	196.49	133.138024
5.638283	1.	11.	39.44	200.598822	141.58
6.093176	1.	11.	44.33	181.34193	138.17
4.285639	1.	11.	55.73	185.38	146.68144
5.231936	1.	11.	72.03	189.395774	140.9
5.486379	1.	11.	66.49	212.252115	129.91
4.318945	1.	11.	67.79	217.42	143.75515
6.245436	1.	11.	76.730031	227.55	140.9
5.338989	1.	11.	101.69	208.59	145.548504
4.702123	1.	11.	48.89	203.772088	147.71
4.477586	1.	11.	60.610736	219.71	118.47
4.349208	1.	11.	81.48	206.3	120.37709
4.930177	1.	11.	63.23	184.611852	116.96
5.019635	1.	11.	144.095177	192.24	52.04
4.30258	1.	11.	177.96	81.08	112.977956
5.054972	1.	11.	174.37	80.43	104.010199
6.884085	1.	11.	171.44	70.516842	93.32
4.281956	1.	11.	190.34	207.28	77.232844
4.96675	1.	11.	210.467293	186.69	106.13
5.08425	1.	11.	207.94	176.22	106.882216
6.29634	1.	11.	55.08	98.022193	129.
8.007183	1.	11.	115.71	85.66	134.761131
4.958041	1.	11.	146.99	161.044609	120.37
7.192134	1.	11.	182.19	110.18	151.59213
5.057758	1.	11.	173.992549	133.72	156.27
5.638014	1.	11.	170.46	144.831843	166.12
4.314024	1.	11.	118.31	133.911129	166.12
4.955792	1.	11.	120.222502	123.91	166.95
4.48157	1.	11.	121.28948	113.78	166.95
4.345549	1.	11.	129.689507	118.03	166.95
5.150818	1.	11.	137.54	113.648098	172.56
4.345267	1.	11.	45.3	143.841108	171.73
4.403898	1.	11.	47.91	152.03	169.768496
5.292543	1.	11.	39.76	171.97	175.014519
4.473732	1.	11.	50.52	168.7	182.406478
5.253484	1.	11.	78.141287	159.22	179.98
4.796376	1.	11.	134.61	157.26	178.441211
5.011206	1.	11.	125.007065	160.2	180.89
4.286615	1.	11.	132.046845	167.07	180.97
4.679662	1.	11.	61.075077	191.59	168.7
4.44574	1.	11.	75.94	191.59	170.393822
4.846539	1.	11.	39.44	187.01	168.426313
4.648885	1.	11.	32.27	190.28	161.767451
6.12458	1.	11.	28.36	175.57	161.26198
6.543076	1.	11.	64.53	215.715749	155.44
6.273103	1.	11.	16.3	158.614361	155.44
5.518737	1.	11.	28.36	136.01	149.754726
4.746384	1.	11.	45.660138	117.7	154.53
5.636873	1.	11.	132.33	101.68	149.161513
5.72629	1.	11.	106.94564	118.35	153.92
4.362634	1.	11.	109.51	131.43	164.605842
4.852436	1.	11.	36.355584	166.74	134.68
5.15432	1.	11.	37.81	155.562038	144.61
4.640078	1.	11.	177.31	201.4	128.766487
7.654075	1.	11.	169.16	131.76	170.708669
5.169455	1.	11.	31.050549	178.18	148.7
4.58748	1.	11.	17.426409	174.59	148.24
5.6621	1.	11.	14.67	111.49	106.693952
5.135292	1.	11.	8.8	130.45	97.52061
5.540789	1.	11.	106.58	232.08294	98.4
4.28411	1.	11.	68.77	221.34	114.087199
4.620762	1.	11.	96.270056	220.36	94.99
5.075139	1.	11.	70.053764	206.96	117.94
4.995173	1.	11.	150.91	119.066843	-0.15
8.456224	1.	11.	171.44	80.43	-4.102933
4.935204	1.	11.	197.51	79.45	2.880318
5.465754	1.	11.	113.42	94.16	4.361402
5.047432	1.	11.	99.793162	96.12	0.61
6.047448	1.	11.	78.88	112.761046	0.61