6.996893	0.4	12.	167.275811	144.59	0.
10.456942	0.4	12.	157.19	126.61	-4.363642
5.575436	0.4	12.	180.66	130.199469	0.
6.587207	0.4	12.	207.71	119.537438	0.
5.925212	0.4	12.	204.45	132.82	-3.124049
5.250395	0.4	12.	205.43	142.3	5.138231
8.709705	0.4	12.	184.24	148.807375	0.
5.179264	0.4	12.	200.54	111.57	5.107093
5.356593	0.4	12.	167.3	163.55	3.700501
4.412383	0.4	12.	193.04	160.368287	3.18
6.115608	0.4	12.	207.327228	162.9	3.18
5.312806	0.4	12.	195.65	151.184302	7.95
5.049145	0.4	12.	193.04	136.09	3.211338
5.274064	0.4	12.	190.44	120.562188	11.06
5.156004	0.4	12.	172.18	140.552232	11.06
5.749711	0.4	12.	176.14646	158.32	11.06
5.475617	0.4	12.	202.558117	147.2	15.53
6.251166	0.4	12.	159.15	177.706297	15.45
5.812038	0.4	12.	156.21	145.453189	15.45
4.475207	0.4	12.	166.64	151.932636	15.45
5.848252	0.4	12.	159.8	130.86	20.621964
5.277992	0.4	12.	181.109287	126.28	15.45
6.861591	0.4	12.	197.433522	135.11	15.45
5.736035	0.4	12.	202.927164	121.05	15.45
6.952931	0.4	12.	212.93	135.48077	15.45
4.514398	0.4	12.	215.265306	192.32	15.45
5.54948	0.4	12.	172.324778	187.74	15.45
5.298534	0.4	12.	191.09	188.154356	15.45
6.604048	0.4	12.	203.8	180.718867	11.51
8.354702	0.4	12.	217.82	173.03	18.58865
7.239557	0.4	12.	182.257997	174.99	11.51
5.624304	0.4	12.	169.9	107.97	13.157909
5.24873	0.4	12.	124.6	164.53	12.811109
7.26803	0.4	12.	120.04	182.577684	10.3
4.626213	0.4	12.	118.664028	206.71	10.3
5.077446	0.4	12.	167.62	215.86	8.805404
4.688497	0.4	12.	176.540211	239.07	10.3
6.536868	0.4	12.	167.62	252.48	5.311425
9.024945	0.4	12.	154.26	243.98	16.933752
4.856201	0.4	12.	151.088036	210.96	10.3
4.676783	0.4	12.	142.2	222.73	13.825138
5.998357	0.4	12.	139.27	235.15	14.752385
5.495218	0.4	12.	197.962693	217.82	10.3
5.467956	0.4	12.	215.036813	236.13	10.3
7.09044	0.4	12.	197.93	236.13	17.108789
6.092556	0.4	12.	142.118603	257.38	16.13
5.594692	0.4	12.	160.78	269.48	21.32416
7.213596	0.4	12.	167.95	278.31	9.782056
7.150305	0.4	12.	213.25	269.48	12.655999
9.023301	0.4	12.	227.011728	277.33	16.13
6.123665	0.4	12.	212.6	283.78431	17.04
4.721327	0.4	12.	149.7	272.260802	17.04
4.625996	0.4	12.	143.18	278.96	17.677532
5.429749	0.4	12.	134.05	269.068362	17.04
5.616594	0.4	12.	122.64	269.432894	17.04
5.902377	0.4	12.	116.056061	278.96	17.04
6.06675	0.4	12.	115.47	168.45	23.492516
5.132716	0.4	12.	136.66	154.197568	17.88
8.969241	0.4	12.	129.49	141.480749	17.88
6.395302	0.4	12.	156.712918	110.91	17.88
5.954034	0.4	12.	124.27	110.59	22.404251
5.047991	0.4	12.	125.894898	99.8	17.88
6.441057	0.4	12.	120.36	121.7	18.134418
8.539132	0.4	12.	94.61	138.05	13.043082
5.778858	0.4	12.	73.43	131.51	20.163057
6.790069	0.4	12.	71.15	154.4	13.373935
6.186393	0.4	12.	71.15	167.47	12.061288
8.932184	0.4	12.	88.75	162.9	10.156185
6.042675	0.4	12.	71.8	177.28	23.887423
4.620289	0.4	12.	73.75	193.96	14.942948
4.699762	0.4	12.	78.64	214.853969	18.79
5.001938	0.4	12.	82.23	248.56	17.132034
4.391617	0.4	12.	107.	247.666489	18.79
6.640694	0.4	12.	124.6	242.34	17.528507
4.88207	0.4	12.	176.42	226.982809	18.79
8.335448	0.4	12.	215.588428	206.71	18.79
6.363986	0.4	12.	196.3	170.162458	18.79
5.04971	0.4	12.	203.132096	160.94	18.79
8.101294	0.4	12.	216.51	151.13	15.000314
6.735364	0.4	12.	158.17	297.92	15.471043
4.775218	0.4	12.	169.178037	290.41	18.79
4.908499	0.4	12.	189.351264	289.75	18.79
5.23139	0.4	12.	200.89751	287.46	18.79
7.685341	0.4	12.	106.67	229.59	26.432427
6.090486	0.4	12.	122.704252	217.5	22.27
4.975479	0.4	12.	106.02	202.13	19.439595
6.962669	0.4	12.	104.444853	186.76	22.27
6.193163	0.4	12.	109.28	132.16	28.399027
4.990638	0.4	12.	87.353232	121.7	22.27
7.051808	0.4	12.	147.321264	197.55	22.27
5.589686	0.4	12.	192.656575	197.23	22.27
6.858898	0.4	12.	178.38	246.617114	22.27
7.860028	0.4	12.	216.19	254.855391	22.27
4.463435	0.4	12.	188.16	151.079877	24.16
4.613586	0.4	12.	154.26	167.47	26.970038
9.344451	0.4	12.	204.13	106.69601	24.16
5.663782	0.4	12.	180.66	114.60368	24.16
5.784315	0.4	12.	109.28	149.950632	24.16
5.353772	0.4	12.	100.81	166.695403	24.16
7.500674	0.4	12.	83.86	144.405902	24.16
7.524355	0.4	12.	85.81	180.760916	24.92
5.109251	0.4	12.	90.38	233.19	26.543129
7.203006	0.4	12.	91.68	215.380652	24.92
8.795121	0.4	12.	83.198839	198.21	24.92
6.228123	0.4	12.	122.32	258.69	26.359692
5.423549	0.4	12.	138.283211	248.56	24.92
5.569109	0.4	12.	170.88	262.29	29.333306
4.63091	0.4	12.	128.51	175.65	25.761084
6.034836	0.4	12.	168.27	170.74	27.781872
5.51844	0.4	12.	169.9	157.34	27.410723
5.038764	0.4	12.	194.286155	184.8	28.48
4.543192	0.4	12.	206.603103	192.98	28.48
7.764384	0.4	12.	205.43	221.42	22.631258
6.80123	0.4	12.	210.64	232.86	30.304181
5.471165	0.4	12.	178.7	236.507849	29.47
4.855934	0.4	12.	159.8	241.912	30.3
7.34217	0.4	12.	145.13	238.012904	30.3
5.32299	0.4	12.	167.95	212.136724	30.3
4.748418	0.4	12.	135.35	229.27	33.63264
4.413837	0.4	12.	167.62	184.8	30.507569
6.752255	0.4	12.	178.7	139.03	28.188971
4.906924	0.4	12.	167.585303	141.65	31.13
6.850158	0.4	12.	147.09	141.65	25.661579
5.274227	0.4	12.	165.01	126.61	32.381444
4.782923	0.4	12.	179.36	126.61	28.892239
4.770273	0.4	12.	203.8	140.828229	33.63
6.564095	0.4	12.	224.041071	187.74	33.63
6.061237	0.4	12.	149.452725	259.67	33.63
6.70193	0.4	12.	143.603505	277.	34.54
4.860216	0.4	12.	137.059291	262.61	34.54
6.055105	0.4	12.	128.289385	272.75	34.54
4.701747	0.4	12.	109.61	255.1	33.380951
4.820373	0.4	12.	107.	245.29	36.19404
5.895733	0.4	12.	112.184382	286.48	34.54
8.213969	0.4	12.	127.53	292.997005	34.54
4.928826	0.4	12.	93.64	279.31983	34.54
5.356732	0.4	12.	165.99	287.105486	34.54
5.800072	0.4	12.	159.8	301.19	37.948707
5.055569	0.4	12.	159.47	270.909928	34.54
6.034347	0.4	12.	190.44	288.12	34.271266
8.032308	0.4	12.	178.003532	303.81	34.54
4.394611	0.4	12.	223.383463	276.02	34.54
5.167827	0.4	12.	207.070381	278.64	34.54
7.446473	0.4	12.	234.11	282.152649	34.54
4.601431	0.4	12.	225.24875	292.04	34.54
6.336469	0.4	12.	216.51	299.89	36.81449
7.366623	0.4	12.	207.39	264.581304	34.54
5.367042	0.4	12.	205.1	290.772164	34.54
4.458384	0.4	12.	223.03	206.71	30.212036
6.447185	0.4	12.	196.3	166.08776	34.54
5.220624	0.4	12.	205.76	154.07	38.528909
5.414091	0.4	12.	133.4	141.97	32.784128
5.122626	0.4	12.	132.75	159.95	40.251135
4.862648	0.4	12.	108.593085	169.44	35.38
5.365816	0.4	12.	118.41	115.605439	35.38
5.065308	0.4	12.	126.88	95.87	34.609507
6.549986	0.4	12.	162.08	89.737584	35.38
6.196351	0.4	12.	159.543144	110.26	35.38
6.14191	0.4	12.	147.553824	79.53	35.38
5.369978	0.4	12.	82.55	105.68	30.519841
7.235057	0.4	12.	73.75	128.327461	35.38
6.51489	0.4	12.	67.56	152.43	40.63964
4.608295	0.4	12.	72.08561	168.78	35.38
4.469458	0.4	12.	74.73	185.070583	35.38
5.042968	0.4	12.	76.69	216.19	34.57882
6.916708	0.4	12.	64.95	244.990935	36.28
5.322018	0.4	12.	78.32	227.68776	36.28
4.739104	0.4	12.	36.6	181.836202	38.1
6.624642	0.4	12.	41.812458	156.36	38.1
6.168849	0.4	12.	48.434275	130.86	38.1
6.521953	0.4	12.	51.92	143.61	32.64949
5.83393	0.4	12.	63.65	97.51	42.039799
4.505341	0.4	12.	109.61	128.57	39.298123
6.191214	0.4	12.	90.7	123.01	40.754073
5.211605	0.4	12.	90.38	139.664399	38.1
6.435567	0.4	12.	95.59	91.95	42.655363
6.389447	0.4	12.	208.565897	123.66	38.1
5.54531	0.4	12.	196.249014	124.97	38.94
4.62628	0.4	12.	186.53	198.21	37.279646
6.917462	0.4	12.	175.837689	115.49	39.77
4.53004	0.4	12.	190.44	153.567732	39.77
8.859851	0.4	12.	158.17	149.49	40.137871
5.522153	0.4	12.	111.89	158.966672	39.77
5.028749	0.4	12.	92.66	161.231239	39.77
4.562514	0.4	12.	83.86	152.173286	39.77
5.266121	0.4	12.	103.74	179.9	36.759253
5.671691	0.4	12.	111.24	190.69	42.431719
4.699293	0.4	12.	123.3	186.44	44.182377
4.960317	0.4	12.	67.72045	179.9	39.77
7.721828	0.4	12.	52.57	184.8	38.952999
5.790417	0.4	12.	104.72	228.889264	39.77
4.743594	0.4	12.	108.63	218.812916	39.77
5.365161	0.4	12.	101.672147	199.51	39.77
4.504964	0.4	12.	172.848364	224.04	39.77
5.720748	0.4	12.	222.126078	260.33	39.77
6.981322	0.4	12.	212.205682	250.52	39.77
4.701529	0.4	12.	219.77	195.59	40.84692
6.916387	0.4	12.	214.88	173.03	37.808049
6.238939	0.4	12.	214.340693	139.03	39.77
5.397889	0.4	12.	204.45	110.200264	39.77
5.080979	0.4	12.	145.78	174.67	36.809545
5.704231	0.4	12.	166.64	235.15	34.928185
5.059509	0.4	12.	170.23	250.174356	39.77
4.50052	0.4	12.	158.82	262.61	41.852384
5.398835	0.4	12.	115.799504	276.35	39.77
5.880091	0.4	12.	82.88	254.11	34.082641
4.659882	0.4	12.	73.1	235.48	41.515306
4.70319	0.4	12.	97.87	267.52	43.142041
5.029535	0.4	12.	184.24	277.98	44.307613
4.622044	0.4	12.	168.384686	272.75	39.77
4.428525	0.4	12.	183.92	225.34	41.389721
5.082532	0.4	12.	144.81	67.58056	39.77
5.643217	0.4	12.	133.73	68.08	40.657191
4.601211	0.4	12.	176.42	87.05	38.889788
4.718741	0.4	12.	167.95	99.8	38.180287
4.575402	0.4	12.	83.21	193.730082	41.44
5.073271	0.4	12.	99.83	209.98	44.156065
4.395169	0.4	12.	135.03	235.498693	41.44
4.94688	0.4	12.	148.896763	210.3	41.44
4.602986	0.4	12.	141.949018	195.92	41.44
5.214744	0.4	12.	192.39	261.31	41.649096
6.620884	0.4	12.	142.034767	302.5	41.44
4.408217	0.4	12.	132.75	286.15	44.839042
6.455562	0.4	12.	151.98	288.77	39.819069
4.419511	0.4	12.	197.993349	249.54	41.44
5.344142	0.4	12.	195.	237.423813	41.44
4.912056	0.4	12.	179.36	258.476902	41.44
4.480326	0.4	12.	182.005775	242.02	41.44
7.837998	0.4	12.	232.48	237.44	44.890723
5.146926	0.4	12.	202.17	209.488396	41.44
6.419283	0.4	12.	190.11	211.28	43.218999
6.301237	0.4	12.	175.12	199.84	36.503857
9.269842	0.4	12.	157.19	195.92	48.980456
8.088689	0.4	12.	146.163978	224.69	41.44
6.69166	0.4	12.	129.49	214.55	39.380804
4.673768	0.4	12.	124.396493	200.17	41.44
5.780227	0.4	12.	123.95	241.04	42.374681
7.491063	0.4	12.	116.12	226.32	48.100837
5.745877	0.4	12.	145.78	249.821056	41.44
4.544417	0.4	12.	131.332994	250.84	41.44
4.719091	0.4	12.	120.04	257.353964	41.44
6.087111	0.4	12.	150.02	129.678957	41.44
7.209613	0.4	12.	137.64	96.539045	41.44
6.365931	0.4	12.	141.55	118.76	47.528472
4.834546	0.4	12.	130.14	121.39146	42.27
5.381167	0.4	12.	106.852219	106.34	42.27
4.701272	0.4	12.	93.64	111.492545	42.27
6.655073	0.4	12.	108.95	145.57	37.227778
5.894842	0.4	12.	127.987755	172.05	43.1
4.474175	0.4	12.	169.9	157.01	45.62604
4.888055	0.4	12.	174.012687	178.59	43.1
6.111414	0.4	12.	183.59	184.694362	43.1
6.784659	0.4	12.	180.33	166.49	41.095022
7.30822	0.4	12.	163.06	169.964636	43.1
6.122919	0.4	12.	146.44	165.17356	43.1
6.297988	0.4	12.	121.01	151.78	47.537681
7.749233	0.4	12.	94.61	188.414333	43.1
6.951403	0.4	12.	84.84	176.900476	43.1
5.354086	0.4	12.	80.92	160.94	45.004416
5.609907	0.4	12.	73.75	140.66	40.868022
5.692561	0.4	12.	75.06	110.889603	43.1
4.426112	0.4	12.	57.78	115.49	46.778796
7.247547	0.4	12.	111.89	87.05	37.06326
5.094864	0.4	12.	146.76	105.03	39.811085
4.976173	0.4	12.	177.435393	101.43	43.1
4.464114	0.4	12.	193.04	101.1	43.965058
6.324602	0.4	12.	186.85	94.57	37.526125
9.080601	0.4	12.	202.76788	86.39	43.1
5.13035	0.4	12.	187.851053	83.45	43.1
8.695677	0.4	12.	222.903216	155.05	43.1
4.949477	0.4	12.	86.47	218.48	43.491754
5.525728	0.4	12.	76.36	203.44	47.326036
5.934968	0.4	12.	69.52	193.63	44.567996
6.497437	0.4	12.	90.38	231.742979	44.09
5.709942	0.4	12.	89.136257	250.84	44.09
5.055144	0.4	12.	195.	184.15	43.243295
4.972574	0.4	12.	218.059429	183.17	44.09
5.067475	0.4	12.	231.587364	181.21	44.09
5.460124	0.4	12.	227.92	170.834177	44.09
10.603384	0.4	12.	245.876874	170.74	44.09
4.832796	0.4	12.	220.103089	129.55	44.09
5.403355	0.4	12.	117.1	135.689821	44.09
5.815168	0.4	12.	98.52	168.45	49.210056
4.854669	0.4	12.	97.55	149.17	45.127991
5.571784	0.4	12.	101.65754	133.47	44.09
6.416527	0.4	12.	127.557104	107.64	44.09
7.207979	0.4	12.	137.64	183.49	51.109244
5.354045	0.4	12.	131.44	202.13	48.88225
5.685686	0.4	12.	220.350819	220.77	44.09
5.572357	0.4	12.	197.75164	224.36	45.98
6.143515	0.4	12.	174.873051	232.86	45.98
5.871472	0.4	12.	159.8	252.15	43.834294
4.728085	0.4	12.	156.87	239.73	43.387628
5.154936	0.4	12.	172.233699	212.92	45.98
5.598357	0.4	12.	203.250201	193.63	45.98
6.039251	0.4	12.	131.44	225.67	50.603948
4.719415	0.4	12.	169.58	141.944393	46.81
5.560846	0.4	12.	179.36	141.32	41.939877
5.700737	0.4	12.	186.85	131.18	43.280551
6.093929	0.4	12.	145.46	141.65	42.644851
8.018344	0.4	12.	162.08	122.03	44.612287
6.303649	0.4	12.	173.551144	130.2	48.56
4.608867	0.4	12.	144.81	258.703912	50.75
5.286329	0.4	12.	148.39	272.763986	50.75
4.662815	0.4	12.	131.554296	275.69	50.75
6.894166	0.4	12.	133.07	263.27	51.436442
5.837184	0.4	12.	189.79	163.091894	50.75
6.123901	0.4	12.	203.8	157.14362	50.75
5.484433	0.4	12.	136.33	147.78239	50.75
4.408336	0.4	12.	131.879695	161.92	50.75
6.56707	0.4	12.	115.47	116.47	51.945932
5.151475	0.4	12.	113.19	164.862685	50.75
6.870885	0.4	12.	224.33	204.993084	50.75
7.139438	0.4	12.	214.56	281.25	45.591344
5.433666	0.4	12.	222.38	275.04	54.523345
4.839772	0.4	12.	232.911319	283.87	50.75
4.831439	0.4	12.	223.68	287.08587	50.75
4.970889	0.4	12.	206.482774	271.77	50.75
4.74697	0.4	12.	190.76	287.46	49.401706
4.444006	0.4	12.	209.67	286.81	55.071031
5.019552	0.4	12.	200.196407	293.02	50.75
4.550803	0.4	12.	211.62	295.64	55.121171
5.974595	0.4	12.	173.955547	288.77	50.75
5.161731	0.4	12.	164.04	292.69	47.310062
4.429465	0.4	12.	162.41	302.18	52.917269
5.529266	0.4	12.	178.729083	300.21	50.75
4.72108	0.4	12.	192.72	300.245538	50.75
5.443031	0.4	12.	185.55	308.897675	50.75
5.434535	0.4	12.	113.137887	247.9	50.75
4.700018	0.4	12.	72.78	169.422084	50.75
4.912741	0.4	12.	62.63929	156.68	50.75
5.293692	0.4	12.	129.483106	90.64	50.75
7.062281	0.4	12.	157.84	97.282112	50.75
4.719338	0.4	12.	159.47	108.62	47.953381
5.629132	0.4	12.	150.67	81.537643	50.75
4.716423	0.4	12.	147.036511	70.7	50.75
5.633352	0.4	12.	75.38	214.55	48.400026
5.02403	0.4	12.	85.81	201.8	54.984909
5.146404	0.4	12.	77.99	226.	56.938707
5.150116	0.4	12.	171.286751	187.74	52.72
5.549497	0.4	12.	75.38	132.36518	52.72
5.999658	0.4	12.	33.01	144.920534	52.72
5.615153	0.4	12.	78.814394	104.37	52.72
7.871256	0.4	12.	71.8	83.775795	52.72
4.670337	0.4	12.	101.994068	74.3	52.72
4.71709	0.4	12.	121.67	96.53	55.364885
6.765576	0.4	12.	85.122395	123.01	53.56
4.984884	0.4	12.	110.664415	127.91	53.56
5.913256	0.4	12.	201.468443	131.18	53.56
4.598629	0.4	12.	62.02	246.92	50.776981
4.630914	0.4	12.	62.673038	233.52	53.56
6.37752	0.4	12.	89.00644	281.25	53.56
4.855115	0.4	12.	117.43	295.345112	53.56
7.552632	0.4	12.	133.4	304.984247	53.56
5.003964	0.4	12.	122.64	284.883136	53.56
6.165776	0.4	12.	103.74	286.325861	53.56
7.669603	0.4	12.	53.87	147.2	50.960886
8.033119	0.4	12.	56.81	128.57	51.099385
6.090377	0.4	12.	41.81	154.07	54.996005
9.335031	0.4	12.	32.69	178.59	56.178574
4.517658	0.4	12.	42.679585	195.59	53.56
8.374671	0.4	12.	40.84	209.	51.828595
5.336198	0.4	12.	212.93	123.705696	54.54
5.504472	0.4	12.	145.78	172.71	52.124448
4.421848	0.4	12.	126.23	185.965465	55.6
6.635022	0.4	12.	109.692121	181.53	55.6
5.404417	0.4	12.	114.846118	194.61	55.6
7.778949	0.4	12.	66.91	182.19	55.394064
5.005645	0.4	12.	161.710524	266.87	55.6
6.423538	0.4	12.	169.58	276.574191	55.6
7.181507	0.4	12.	181.64	268.189329	55.6
5.662339	0.4	12.	190.994756	278.31	55.6
8.331551	0.4	12.	209.527908	215.86	55.6
4.829216	0.4	12.	185.55	231.56	51.783611
4.940318	0.4	12.	166.302102	219.79	55.6
5.563207	0.4	12.	161.013962	233.52	55.6
6.246388	0.4	12.	165.67	246.27	54.240408
5.060844	0.4	12.	217.82	252.093682	55.6
4.654814	0.4	12.	224.224718	261.63	55.6
5.351024	0.4	12.	213.25	264.714737	55.6
5.413416	0.4	12.	194.822077	176.63	55.6
4.703694	0.4	12.	198.386712	147.53	55.6
5.421398	0.4	12.	206.41	141.97	52.175595
4.598382	0.4	12.	215.487772	135.11	55.6
4.726879	0.4	12.	226.29	138.768969	55.6
6.865189	0.4	12.	206.08	113.2	56.700063
5.031086	0.4	12.	185.55	113.53	52.677368
5.020866	0.4	12.	219.12	193.63	51.223279
4.861263	0.4	12.	228.24	192.535233	55.6
4.40988	0.4	12.	218.47	171.503277	55.6
4.862162	0.4	12.	88.09	150.283723	55.6
6.073657	0.4	12.	90.792689	160.94	55.6
4.483957	0.4	12.	120.749625	160.61	55.6
8.251887	0.4	12.	133.970364	133.8	55.6
5.536657	0.4	12.	174.79	87.05	50.780383
4.546248	0.4	12.	98.52	267.19	54.928677
7.140494	0.4	12.	86.14	262.773985	56.43
5.205006	0.4	12.	73.1	264.25	57.591879
6.499623	0.4	12.	74.323706	247.58	57.42
4.445479	0.4	12.	168.27	162.24	57.202152
4.518574	0.4	12.	176.75	182.19	60.482896
8.161709	0.4	12.	186.2	195.26	56.366135
5.23221	0.4	12.	178.373423	211.28	59.08
8.193473	0.4	12.	137.723103	237.77	59.08
5.006815	0.4	12.	113.52	272.435811	59.08
6.666281	0.4	12.	118.911082	256.08	59.08
6.821716	0.4	12.	107.	222.73	63.562686
6.907425	0.4	12.	92.01	224.324805	59.08
5.476563	0.4	12.	91.35	114.188671	59.92
6.381264	0.4	12.	61.532391	108.95	59.92
5.352164	0.4	12.	91.500765	90.64	59.92
7.328824	0.4	12.	109.28	91.323286	59.92
8.449118	0.4	12.	110.58	141.65	56.71007
6.407087	0.4	12.	235.929497	167.8	59.92
5.090056	0.4	12.	217.16	181.86	64.501059
5.19832	0.4	12.	227.27	178.92	55.94102
5.21442	0.4	12.	190.11	244.96	62.796934
4.370209	0.4	12.	177.34099	251.5	59.92
5.270942	0.4	12.	157.52	260.	63.480641
5.394686	0.4	12.	192.39	263.27	65.14097
4.885955	0.4	12.	235.74	291.520778	59.92
5.451741	0.4	12.	242.856685	281.58	59.92
5.471773	0.4	12.	227.50728	298.91	59.92
6.244772	0.4	12.	220.75	309.610413	59.92
4.72481	0.4	12.	166.783898	315.91	59.92
6.408476	0.4	12.	94.61	246.865559	59.92
5.335044	0.4	12.	69.84	195.59	60.214235
8.49519	0.4	12.	142.262467	198.86	59.92
6.648616	0.4	12.	120.821907	107.32	59.92
5.909412	0.4	12.	94.94	129.88	60.856531
4.866794	0.4	12.	165.01	153.145797	59.92
5.716973	0.4	12.	153.61	162.24	57.546044
7.167721	0.4	12.	149.04	126.61	56.517225
4.934454	0.4	12.	85.16	138.420815	59.92
4.700194	0.4	12.	78.64	181.86	62.155037
5.660309	0.4	12.	43.77	125.3	54.539819
5.188431	0.4	12.	39.86	114.187391	59.92
5.805156	0.4	12.	53.22	100.45	56.504873
5.239797	0.4	12.	137.64	71.843728	59.92
6.026414	0.4	12.	133.4	209.98	63.62528
4.379598	0.4	12.	147.41	218.15	63.445159
7.123335	0.4	12.	118.41	237.830525	59.92
5.282477	0.4	12.	213.9	242.67	57.392236
5.973352	0.4	12.	225.64	238.42	57.576862
4.991227	0.4	12.	235.754237	247.9	59.92
5.175186	0.4	12.	193.723184	157.67	59.92
5.034307	0.4	12.	132.42	112.405919	59.92
6.188121	0.4	12.	50.61	187.42	55.307119
4.438306	0.4	12.	198.26	196.339853	61.81
4.396392	0.4	12.	191.620412	184.15	61.81
5.26919	0.4	12.	151.65	248.56	64.988743
5.076243	0.4	12.	152.63	237.426495	61.81
5.599399	0.4	12.	136.66	287.184375	61.81
6.376246	0.4	12.	165.01	202.634203	61.81
4.859612	0.4	12.	165.673664	172.38	61.81
5.843462	0.4	12.	102.11	234.5	57.764586
5.437194	0.4	12.	175.44	140.34	67.675138
8.530336	0.4	12.	151.98	143.28	56.088804
6.489166	0.4	12.	159.8	127.59	67.50255
4.575466	0.4	12.	174.191635	126.61	64.39
5.847926	0.4	12.	191.09	128.232406	64.39
5.157922	0.4	12.	189.79	142.758522	64.39
6.788711	0.4	12.	186.692372	94.57	65.3
4.379796	0.4	12.	195.98	114.18	66.830667
4.984807	0.4	12.	195.65	103.39	67.489393
5.704179	0.4	12.	158.17	110.59	61.912001
6.296269	0.4	12.	132.42	91.195824	66.13
7.166445	0.4	12.	154.91	92.869042	66.13
5.4748	0.4	12.	170.23	96.074095	66.13
4.850003	0.4	12.	150.67	67.43	68.820413
4.604446	0.4	12.	149.37	79.092958	66.13
4.832831	0.4	12.	128.750034	145.9	66.13
5.281784	0.4	12.	142.595923	149.82	66.13
4.952584	0.4	12.	183.609641	164.53	66.13
6.463584	0.4	12.	225.151387	281.25	66.13
6.685574	0.4	12.	211.62	282.662331	66.13
5.071417	0.4	12.	218.875845	292.04	66.13
4.856227	0.4	12.	236.72	271.77	69.19515
4.94289	0.4	12.	207.532467	296.94	66.13
5.109935	0.4	12.	196.96	289.42	68.184605
4.932175	0.4	12.	180.99	297.031679	66.13
4.559775	0.4	12.	182.94	307.587356	66.13
4.513398	0.4	12.	192.72	307.08	63.409505
4.617597	0.4	12.	172.473039	285.83	66.13
5.771098	0.4	12.	143.775787	278.96	66.13
7.035035	0.4	12.	140.57	266.21	67.714737
4.624183	0.4	12.	129.81	275.661867	66.13
4.619927	0.4	12.	164.36	292.731921	66.13
5.313775	0.4	12.	153.175253	301.52	66.13
4.919444	0.4	12.	170.624092	301.19	66.13
8.303568	0.4	12.	72.45	170.09	68.485282
5.028915	0.4	12.	66.26	158.216242	66.96
4.404463	0.4	12.	114.174476	114.18	66.96
5.565752	0.4	12.	172.18	241.04	65.60292
6.731659	0.4	12.	89.07	200.17	69.058605
5.39244	0.4	12.	77.34	212.465237	67.8
5.850617	0.4	12.	72.78	226.7327	67.8
5.507006	0.4	12.	78.97	131.039981	67.8
7.126422	0.4	12.	69.19	120.728454	67.8
4.93829	0.4	12.	80.27	100.313905	67.8
5.506727	0.4	12.	68.54	97.799583	67.8
5.161048	0.4	12.	71.47	84.182252	67.8
4.878054	0.4	12.	103.41	73.393506	67.8
5.523353	0.4	12.	102.44	54.35	73.118385
5.402025	0.4	12.	105.04	41.021205	67.8
5.764455	0.4	12.	114.17	50.811286	67.8
10.076956	0.4	12.	72.078824	50.76	67.8
6.178995	0.4	12.	58.11	61.706903	67.8
4.926146	0.4	12.	174.570426	189.71	67.8
7.418496	0.4	12.	56.15	146.88	69.073786
5.32012	0.4	12.	55.83	132.49	65.640266
5.897391	0.4	12.	35.62	144.480315	68.78
4.812885	0.4	12.	38.23	157.34	68.344472
4.880104	0.4	12.	29.75	181.53	70.061991
4.471327	0.4	12.	43.44	198.212069	68.78
4.470315	0.4	12.	42.46	208.02	70.044218
5.647146	0.4	12.	59.41	243.33	65.069
6.378754	0.4	12.	53.121039	232.21	68.78
4.385093	0.4	12.	109.93	278.96	66.852817
5.21166	0.4	12.	123.171096	286.48	68.78
5.13893	0.4	12.	130.25507	303.81	68.78
5.270925	0.4	12.	144.48	306.945215	68.78
5.015579	0.4	12.	145.424724	294.33	68.78
5.057647	0.4	12.	120.915863	298.91	68.78
4.498534	0.4	12.	111.24	297.6	69.604452
7.12169	0.4	12.	94.29	281.758119	68.78
4.523978	0.4	12.	76.744508	283.54	68.78
5.26301	0.4	12.	106.35	287.852705	68.78
4.501153	0.4	12.	102.509391	168.13	68.78
4.689331	0.4	12.	132.42	169.44	67.547638
5.996452	0.4	12.	203.250269	159.95	69.69
4.630085	0.4	12.	202.67427	125.95	69.69
5.632323	0.4	12.	218.136533	166.17	69.69
5.158302	0.4	12.	228.24	208.34	71.015598
4.952208	0.4	12.	215.21	210.96	71.539264
4.426882	0.4	12.	209.511287	202.46	69.69
5.638713	0.4	12.	226.62	266.21	65.582412
4.8354	0.4	12.	33.01	132.266605	69.69
7.027071	0.4	12.	110.91	156.683888	69.69
5.424984	0.4	12.	140.24	252.824581	69.69
4.866248	0.4	12.	195.98	229.27	70.074482
5.571787	0.4	12.	123.3	200.526618	70.6
4.684417	0.4	12.	131.12	182.116641	71.43
5.430115	0.4	12.	146.76	170.571292	71.43
4.372217	0.4	12.	112.87	192.98	68.889413
8.139653	0.4	12.	105.37	180.162647	71.43
5.076701	0.4	12.	123.3	162.57	73.189348
5.692795	0.4	12.	145.78	152.43	76.63036
4.649813	0.4	12.	149.86018	133.47	71.43
6.939526	0.4	12.	131.565886	132.49	71.43
8.128363	0.4	12.	183.27	113.2	65.797646
4.61914	0.4	12.	207.06	110.26	71.98449
4.966925	0.4	12.	224.99	135.11	72.290524
4.606779	0.4	12.	214.88	135.11	75.310291
4.428247	0.4	12.	207.39	142.038375	71.43
6.681082	0.4	12.	196.3	143.93	74.235306
7.86228	0.4	12.	201.746252	174.34	71.43
4.847021	0.4	12.	204.45	211.94	74.708003
4.378626	0.4	12.	199.56	219.79	67.446336
4.893384	0.4	12.	171.86	217.17	67.720582
4.507351	0.4	12.	124.93	226.	73.241715
4.468489	0.4	12.	160.031189	267.52	71.43
5.600801	0.4	12.	154.91	275.04	65.984684
4.379072	0.4	12.	170.605515	275.04	71.43
5.198977	0.4	12.	184.57	274.34195	71.43
4.472995	0.4	12.	187.18	284.19	68.8537
5.022445	0.4	12.	210.64	264.520004	71.43
5.672233	0.4	12.	214.88	247.99015	71.43
5.068246	0.4	12.	219.934906	259.02	71.43
6.168329	0.4	12.	229.55	191.99	67.423097
4.970219	0.4	12.	219.185115	192.98	71.43
5.117692	0.4	12.	239.65	179.360032	71.43
6.92279	0.4	12.	240.241802	198.53	71.43
5.527036	0.4	12.	90.7	162.161207	71.43
5.586276	0.4	12.	85.812273	150.15	71.43
6.619318	0.4	12.	65.28	185.406088	71.43
5.19164	0.4	12.	61.69	204.774448	71.43
5.971865	0.4	12.	109.28	199.84	77.073129
5.147186	0.4	12.	160.677115	249.21	71.43
6.189624	0.4	12.	158.560885	234.5	71.43
4.762663	0.4	12.	118.08	134.13	68.926069
4.937343	0.4	12.	116.78	145.481686	71.43
7.589175	0.4	12.	109.709081	124.97	71.43
4.69865	0.4	12.	177.73	80.369307	71.43
4.99747	0.4	12.	128.51	81.479951	71.43
5.115608	0.4	12.	105.37	109.93	75.644129
6.026513	0.4	12.	178.32949	152.43	71.43
5.123838	0.4	12.	182.94	141.65	76.499238
4.460504	0.4	12.	100.413652	267.52	72.34
8.447611	0.4	12.	69.668286	266.21	72.34
5.051456	0.4	12.	83.86	264.25	73.017095
4.394186	0.4	12.	84.969494	275.69	72.34
4.622681	0.4	12.	85.49	254.059595	72.34
6.031808	0.4	12.	182.29	232.380651	72.34
4.513726	0.4	12.	168.6	229.92	69.781528
4.417487	0.4	12.	90.828429	212.92	72.34
4.757708	0.4	12.	126.55	256.4	76.126306
5.061158	0.4	12.	104.034628	244.31	72.34
5.760506	0.4	12.	125.346664	266.87	72.34
6.638097	0.4	12.	125.681177	103.39	72.34
4.907825	0.4	12.	114.591801	98.82	72.34
4.792118	0.4	12.	161.1	116.8	76.170356
4.817965	0.4	12.	181.96	120.39	76.731389
5.859935	0.4	12.	151.33	112.55	71.202287
6.050107	0.4	12.	186.2	177.105516	72.34
5.591591	0.4	12.	195.65	204.42	70.231739
5.603737	0.4	12.	173.81	184.15	79.145023
6.158374	0.4	12.	166.32	164.86	69.884866
4.612209	0.4	12.	183.27	195.052988	74.01
4.529064	0.4	12.	182.94	204.09	76.140296
5.396212	0.4	12.	133.73	239.928309	74.92
6.284751	0.4	12.	114.82	258.69	74.92
5.903266	0.4	12.	158.82	217.224828	74.92
6.820553	0.4	12.	153.93	202.46	69.944206
4.46691	0.4	12.	90.05	226.	71.510252
4.575162	0.4	12.	74.718892	244.63	74.92
4.530854	0.4	12.	146.76	121.687144	75.9
4.647064	0.4	12.	98.85	130.443263	75.9
5.09717	0.4	12.	108.531817	141.65	75.9
5.186796	0.4	12.	82.23	140.535675	75.9
4.407099	0.4	12.	81.979774	122.68	75.9
6.323042	0.4	12.	135.03	215.538969	75.9
5.855239	0.4	12.	141.629046	200.82	75.9
4.426238	0.4	12.	177.4	210.96	78.054249
4.524634	0.4	12.	228.9	241.36	75.248474
5.843695	0.4	12.	155.89	257.38	77.234675
4.423955	0.4	12.	121.087231	243.33	75.9
5.598132	0.4	12.	99.83	228.039305	76.73
5.586345	0.4	12.	78.32	181.324913	76.73
4.675837	0.4	12.	67.278083	196.57	76.73
5.534446	0.4	12.	52.57	191.01	75.245714
4.654231	0.4	12.	43.12	106.905308	76.73
6.008256	0.4	12.	42.14	123.038515	76.73
6.250292	0.4	12.	60.06	110.328981	76.73
4.966659	0.4	12.	72.100243	104.7	76.73
4.408002	0.4	12.	48.98	98.82	73.8216
5.710366	0.4	12.	114.82	88.529659	76.73
5.145686	0.4	12.	101.13	88.989757	76.73
8.814145	0.4	12.	137.41013	69.72	76.73
6.682204	0.4	12.	177.13836	99.47	76.73
8.459241	0.4	12.	218.486154	118.76	76.73
5.314876	0.4	12.	215.53	175.861992	76.73
4.864997	0.4	12.	225.64	181.933477	76.73
5.250499	0.4	12.	230.53	167.47	74.166419
4.960002	0.4	12.	156.21	156.505525	76.73
4.935138	0.4	12.	163.38	148.983486	76.73
6.661365	0.4	12.	191.800609	248.88	76.73
4.732875	0.4	12.	192.39	261.947749	76.73
5.298226	0.4	12.	195.147751	237.11	76.73
4.60691	0.4	12.	204.143232	223.38	76.73
5.750925	0.4	12.	139.92	96.53	75.601846
4.783526	0.4	12.	224.33	287.539274	76.73
5.615928	0.4	12.	235.778493	291.06	76.73
6.471462	0.4	12.	245.586368	282.89	76.73
5.049769	0.4	12.	223.03	305.125252	76.73
4.44202	0.4	12.	213.25	302.810591	76.73
5.406006	0.4	12.	162.73	309.04	72.03742
4.863259	0.4	12.	142.85	316.442001	76.73
5.892947	0.4	12.	171.21	315.91	80.040787
4.953085	0.4	12.	180.99	310.100842	76.73
5.44293	0.4	12.	191.15867	312.64	76.73
4.574083	0.4	12.	62.35	247.526113	76.73
5.041589	0.4	12.	50.938986	220.11	76.73
5.219958	0.4	12.	26.17	211.250007	76.73
4.936028	0.4	12.	17.252268	177.61	76.73
4.842314	0.4	12.	191.74	161.26	76.306963
4.570641	0.4	12.	148.07	233.84	80.894074
5.752469	0.4	12.	146.76	250.84	80.968429
5.828842	0.4	12.	176.1	253.79	80.028338
5.189225	0.4	12.	192.451366	188.73	77.57
4.913187	0.4	12.	199.56	196.975442	77.57
4.741208	0.4	12.	151.	142.93557	78.4
4.455291	0.4	12.	154.26	128.57	80.818953
4.372305	0.4	12.	172.640237	135.11	78.4
4.676208	0.4	12.	183.08211	130.2	80.14
5.539598	0.4	12.	195.449879	113.2	80.98
5.364733	0.4	12.	202.5	122.120338	80.98
4.894129	0.4	12.	219.77	183.17	85.618773
4.382714	0.4	12.	209.99	287.79	80.451162
4.859919	0.4	12.	202.5	298.25	79.45646
6.968029	0.4	12.	234.464249	276.67	81.89
6.223623	0.4	12.	166.32	281.875183	81.89
5.022112	0.4	12.	178.7	295.64	77.342612
4.848205	0.4	12.	187.877284	299.89	81.89
5.97241	0.4	12.	162.08	299.23	87.814167
4.45236	0.4	12.	155.24	294.98	77.549256
4.512729	0.4	12.	168.930924	293.67	81.89
6.178377	0.4	12.	140.9	267.089784	81.89
5.423341	0.4	12.	130.47	275.653686	81.89
4.786966	0.4	12.	139.686709	285.5	81.89
5.579679	0.4	12.	90.437995	247.58	81.89
5.294248	0.4	12.	182.94	164.86	82.572287
5.005426	0.4	12.	172.055386	161.92	81.89
6.060106	0.4	12.	117.75	106.271891	81.89
4.747049	0.4	12.	81.25	191.984255	81.89
5.86516	0.4	12.	82.88	237.89943	81.89
4.57299	0.4	12.	144.15	118.11	84.516295
4.724908	0.4	12.	166.186737	89.66	81.89
7.474648	0.4	12.	152.3	65.14	83.704018
4.969196	0.4	12.	148.72	87.560415	81.89
4.796081	0.4	12.	24.161476	153.74	81.89
7.805377	0.4	12.	17.69	164.2	75.850911
5.652894	0.4	12.	16.06	145.561274	81.89
4.561106	0.4	12.	31.03671	144.59	81.89
4.912154	0.4	12.	25.52	134.78	80.912839
5.407151	0.4	12.	237.7	207.986539	81.89
8.09419	0.4	12.	233.13	152.648714	81.89
5.700927	0.4	12.	241.28	171.513238	81.89
5.488358	0.4	12.	69.84	171.395264	82.72
4.646126	0.4	12.	65.61	156.018578	82.72
4.603414	0.4	12.	80.117251	164.86	82.72
5.328454	0.4	12.	147.07322	217.17	82.72
5.032271	0.4	12.	168.347181	239.4	82.72
4.549748	0.4	12.	132.42	146.55	80.184087
5.013434	0.4	12.	87.212612	133.15	82.72
5.289146	0.4	12.	161.405623	105.35	82.72
5.358283	0.4	12.	84.51	89.01	86.710096
4.711686	0.4	12.	113.52	73.786784	83.55
4.643073	0.4	12.	73.75	79.411089	83.55
4.946921	0.4	12.	72.366257	90.97	83.55
4.966293	0.4	12.	61.04	87.7	82.167745
9.360104	0.4	12.	55.264077	67.1	83.55
5.883016	0.4	12.	82.632808	58.93	83.55
4.966358	0.4	12.	69.513357	54.68	83.55
7.405255	0.4	12.	76.36	40.447003	83.55
4.950482	0.4	12.	108.3	53.06079	83.55
9.473958	0.4	12.	106.35	31.327894	83.55
4.622774	0.4	12.	117.43	42.25	81.696336
6.835598	0.4	12.	122.97	53.708853	83.55
4.371673	0.4	12.	150.67	51.614895	83.55
6.510363	0.4	12.	73.1	214.23	84.185707
6.136957	0.4	12.	87.531718	218.15	83.55
5.633673	0.4	12.	70.17	226.98	84.341721
4.622466	0.4	12.	83.21	204.09	86.886928
4.487726	0.4	12.	170.56	194.3741	83.55
5.205569	0.4	12.	145.78	277.668636	83.55
4.452998	0.4	12.	76.494077	134.78	83.55
6.899757	0.4	12.	72.12	118.868889	83.55
4.715929	0.4	12.	83.53	112.12908	83.55
4.592079	0.4	12.	115.15	115.16	87.98805
4.767231	0.4	12.	97.55	68.243006	83.55
5.699455	0.4	12.	157.84	78.22	78.481304
4.963064	0.4	12.	211.523402	104.05	83.55
6.226417	0.4	12.	191.74	97.18	87.169778
6.168357	0.4	12.	57.78	131.566253	84.39
5.143981	0.4	12.	54.681318	150.47	84.39
5.964629	0.4	12.	39.21	152.76	83.854055
5.682488	0.4	12.	41.49	194.942074	84.39
5.06225	0.4	12.	31.011289	186.11	84.39
5.296328	0.4	12.	36.697294	206.71	84.39
4.554842	0.4	12.	44.42	214.23	88.898378
6.297459	0.4	12.	62.02	234.5	79.438123
5.61087	0.4	12.	61.04	243.	88.720277
4.477606	0.4	12.	77.381339	251.5	84.39
5.269879	0.4	12.	98.547071	254.77	84.39
4.719268	0.4	12.	109.44614	277.98	84.39
4.783994	0.4	12.	120.576648	289.75	84.39
5.353514	0.4	12.	130.58661	294.66	84.39
5.918986	0.4	12.	141.55	297.27	80.492639
5.134936	0.4	12.	150.67	288.243795	84.39
5.791926	0.4	12.	105.7	294.98	89.245363
7.512272	0.4	12.	116.45	307.64898	84.39
5.990354	0.4	12.	129.49	305.44	90.152973
4.848159	0.4	12.	134.7	314.271659	84.39
8.243684	0.4	12.	146.44	304.46	92.471195
5.449789	0.4	12.	173.81	303.16	83.172904
5.096433	0.4	12.	95.59	294.030415	84.39
4.880335	0.4	12.	54.192253	257.06	84.39
5.051091	0.4	12.	78.506889	285.83	84.39
4.571219	0.4	12.	101.13	283.54	86.449842
5.322584	0.4	12.	47.03	234.232544	84.39
5.036924	0.4	12.	48.411105	244.96	84.39
4.37957	0.4	12.	98.85	170.09	86.524656
4.468797	0.4	12.	144.068311	160.94	84.39
6.864147	0.4	12.	118.08	184.15	87.938247
6.487543	0.4	12.	102.11	146.916589	84.39
6.201085	0.4	12.	69.273373	144.26	84.39
5.142962	0.4	12.	33.99	168.779489	84.39
5.251844	0.4	12.	135.863458	106.01	84.39
4.74643	0.4	12.	214.56	277.65	80.711512
7.060318	0.4	12.	209.01	156.03	82.779475
4.466366	0.4	12.	218.79	164.573118	85.22
5.28617	0.4	12.	206.41	186.44	83.983066
5.254664	0.4	12.	204.78	169.44	83.52857
4.695843	0.4	12.	193.077754	127.59	85.22
4.597553	0.4	12.	169.58	128.053035	85.22
5.744317	0.4	12.	163.71	138.7	84.985948
5.316121	0.4	12.	56.57928	166.17	85.22
5.763328	0.4	12.	44.09	179.404864	85.22
4.470822	0.4	12.	36.92	134.031562	85.22
5.197218	0.4	12.	89.07	100.78	86.001995
5.523364	0.4	12.	225.96	265.23	80.3286
8.116575	0.4	12.	128.538931	201.8	86.05
6.96434	0.4	12.	121.01	164.673279	88.02
4.389367	0.4	12.	117.935599	152.11	88.02
4.729599	0.4	12.	118.41	128.89	91.006805
5.674921	0.4	12.	144.441312	134.45	88.02
5.321241	0.4	12.	139.27	144.503728	88.02
4.580048	0.4	12.	127.53	103.72	90.617501
4.545418	0.4	12.	120.69	97.358325	88.02
6.760474	0.4	12.	130.79	85.08	84.240494
4.789824	0.4	12.	183.767904	123.01	88.02
5.264526	0.4	12.	154.26	116.47	83.882727
4.855571	0.4	12.	149.7	111.57	92.386078
6.034651	0.4	12.	171.188693	117.78	88.02
5.205853	0.4	12.	183.92	112.366315	88.02
5.294384	0.4	12.	215.192718	135.43	88.85
4.994976	0.4	12.	227.635049	131.51	88.85
4.518761	0.4	12.	185.55	139.03	87.861095
6.1681	0.4	12.	198.261156	142.95	88.85
5.089812	0.4	12.	183.92	150.15	88.13308
5.127918	0.4	12.	113.719887	195.59	88.85
5.022714	0.4	12.	127.055169	227.3	88.85
4.873803	0.4	12.	136.33	259.67	90.048317
5.871548	0.4	12.	156.54	271.77	84.265114
4.984345	0.4	12.	158.5	252.48	87.736387
4.534331	0.4	12.	169.25	227.924287	88.85
5.500806	0.4	12.	201.52	213.9	86.717166
4.819346	0.4	12.	197.28	204.75	84.047675
5.911349	0.4	12.	189.46	210.7083	88.85
4.544994	0.4	12.	211.3	193.63	89.702064
7.91535	0.4	12.	227.27	195.675133	88.85
4.925391	0.4	12.	189.13	183.723073	88.85
4.937154	0.4	12.	197.61	177.28	87.669708
5.403858	0.4	12.	178.725757	173.69	88.85
4.790583	0.4	12.	189.13	172.71	86.03939
4.699222	0.4	12.	152.3	242.67	88.300784
4.485224	0.4	12.	172.973457	264.58	88.85
4.767763	0.4	12.	176.1	274.38	85.321546
5.590863	0.4	12.	189.075224	274.71	88.85
4.51795	0.4	12.	183.27	284.19	90.124192
5.247088	0.4	12.	183.59	235.281951	88.85
4.913971	0.4	12.	98.85	262.29	93.642842
4.657722	0.4	12.	100.15	270.13	87.920184
6.041444	0.4	12.	83.53	275.37	92.093071
6.74726	0.4	12.	68.395157	267.85	88.85
4.838069	0.4	12.	61.018336	204.09	88.85
6.025991	0.4	12.	62.35	183.17	86.452197
4.86917	0.4	12.	85.49	155.38	90.223938
5.134519	0.4	12.	107.	179.9	92.731121
6.03384	0.4	12.	177.869299	218.8	88.85
5.855262	0.4	12.	216.19	218.470905	88.85
6.072232	0.4	12.	213.9	206.38	84.158229
6.228703	0.4	12.	153.61	169.11	84.751039
5.638196	0.4	12.	141.966425	173.69	88.85
5.853835	0.4	12.	128.84	174.67	84.248689
4.391547	0.4	12.	164.36	260.581892	88.85
5.107161	0.4	12.	164.04	272.75	93.448921
6.209996	0.4	12.	201.19	261.96	93.809366
5.178844	0.4	12.	210.64	258.69	84.444059
5.480132	0.4	12.	215.21	243.649676	88.85
4.652846	0.4	12.	219.77	255.325906	88.85
4.377724	0.4	12.	133.318014	219.46	88.85
7.000715	0.4	12.	176.1	81.117774	88.85
6.462532	0.4	12.	175.77	187.74	94.211654
5.673573	0.4	12.	210.64	146.55	94.72193
5.442898	0.4	12.	165.161422	164.86	89.76
5.73023	0.4	12.	128.51	251.83	91.764671
5.744907	0.4	12.	121.01	274.279339	90.67
4.550607	0.4	12.	166.64	213.57	94.872845
4.467154	0.4	12.	157.84	213.9	88.855142
6.341715	0.4	12.	164.36	201.48	90.039206
5.289255	0.4	12.	214.56	125.00233	90.67
4.428024	0.4	12.	202.82	126.876625	90.67
5.315584	0.4	12.	236.176768	185.78	90.67
4.874979	0.4	12.	232.909464	175.97	90.67
6.180035	0.4	12.	230.317956	234.82	90.67
4.493006	0.4	12.	229.22	282.23	92.307294
7.210979	0.4	12.	109.28	244.31	84.367061
4.650405	0.4	12.	187.473514	197.23	90.67
4.925185	0.4	12.	57.13	121.425478	90.67
4.700191	0.4	12.	46.35564	93.26	90.67
5.222442	0.4	12.	103.876759	159.95	90.67
5.113621	0.4	12.	117.75	257.71	92.054497
5.488966	0.4	12.	173.81	153.42	89.12819
4.732561	0.4	12.	37.24539	126.28	90.67
6.675415	0.4	12.	24.54	123.34	97.217071
4.411481	0.4	12.	19.32	194.16234	90.67
5.002206	0.4	12.	92.33	241.307394	90.67
6.416631	0.4	12.	156.87	228.94	87.079167
6.622729	0.4	12.	150.364122	187.42	90.67
4.5332	0.4	12.	218.79	155.05	94.985621
4.77607	0.4	12.	163.93181	178.26	90.67
4.525877	0.4	12.	161.1	189.05	94.165601
4.57872	0.4	12.	149.7	263.162246	91.73
6.548543	0.4	12.	189.13	224.083051	91.73
4.449683	0.4	12.	177.07	204.420411	91.73
5.631436	0.4	12.	140.9	201.8	97.131912
4.497062	0.4	12.	136.33	188.221544	91.73
4.933273	0.4	12.	118.73	244.63	95.73517
6.063178	0.4	12.	139.59	240.06	94.596869
4.535396	0.4	12.	130.47	240.06	87.988273
4.820407	0.4	12.	119.06	233.037013	91.73
4.782063	0.4	12.	104.39	234.17	92.646557
4.872512	0.4	12.	88.116673	229.92	91.73
5.423956	0.4	12.	121.01	213.57	88.476032
5.684641	0.4	12.	112.21	222.937285	91.73
5.402998	0.4	12.	105.7	210.63	93.392685
7.25847	0.4	12.	96.24	203.76	98.372672
6.257488	0.4	12.	95.674339	189.71	91.73
4.380102	0.4	12.	84.311627	174.01	91.73
4.532311	0.4	12.	115.15	171.4	95.741786
6.282752	0.4	12.	112.54	140.14486	91.73
4.561159	0.4	12.	97.22	138.082415	91.73
5.458444	0.4	12.	83.86	142.95	92.269413
5.370012	0.4	12.	98.52	126.28	96.057387
5.967835	0.4	12.	95.27	119.74	87.278417
5.035371	0.4	12.	83.86	123.406563	92.57
4.437606	0.4	12.	133.73	95.142174	92.57
4.516182	0.4	12.	180.348212	98.82	92.57
4.405129	0.4	12.	176.623477	107.32	92.57
4.514094	0.4	12.	183.27	89.66	96.848235
5.923785	0.4	12.	138.060589	72.33	92.57
4.765689	0.4	12.	138.29	47.81	91.907063
4.372848	0.4	12.	143.527804	55.33	92.57
6.158421	0.4	12.	133.73	60.673375	92.57
4.584176	0.4	12.	121.01	61.942629	92.57
6.042337	0.4	12.	90.7	48.75977	92.57
5.579456	0.4	12.	86.14	67.43	94.77162
6.579005	0.4	12.	69.19	69.06	96.081547
7.439869	0.4	12.	104.72	89.66	91.058875
4.776592	0.4	12.	117.504583	87.37	92.57
5.67996	0.4	12.	74.08	98.320063	92.57
7.786391	0.4	12.	61.147116	105.03	92.57
6.330145	0.4	12.	46.38	103.72	94.8648
5.869822	0.4	12.	45.07	115.49	88.898325
5.243674	0.4	12.	47.03	137.921509	92.57
6.393496	0.4	12.	70.17	196.57	89.930537
5.286738	0.4	12.	49.31	198.417829	92.57
5.039871	0.4	12.	52.89	181.86	96.188136
4.568147	0.4	12.	147.070663	154.72	92.57
4.394266	0.4	12.	159.15	157.67	95.042095
4.590194	0.4	12.	191.41	155.689844	92.57
5.162774	0.4	12.	196.3	167.548089	92.57
6.086517	0.4	12.	207.671587	178.26	92.57
4.815639	0.4	12.	165.01	150.47	95.548802
4.666766	0.4	12.	204.05091	222.73	92.57
4.387495	0.4	12.	201.488592	232.54	92.57
7.350776	0.4	12.	193.37	243.33	99.577926
4.604177	0.4	12.	180.656066	246.92	92.57
6.18565	0.4	12.	187.5	260.005827	92.57
6.9806	0.4	12.	228.24	246.27	97.828448
4.374112	0.4	12.	140.9	212.27	88.95746
6.381779	0.4	12.	99.5	221.789044	92.57
6.602649	0.4	12.	128.84	131.51	96.125435
4.841849	0.4	12.	128.18	118.11	93.849903
7.045656	0.4	12.	86.339765	253.79	92.57
4.634722	0.4	12.	64.3	218.48	93.336771
7.281836	0.4	12.	55.18	226.802061	93.4
6.013975	0.4	12.	53.87	210.96	95.814945
5.201801	0.4	12.	144.48	252.092936	93.4
4.889739	0.4	12.	169.087221	253.13	93.4
5.357269	0.4	12.	202.17	276.35	94.796959
4.712676	0.4	12.	188.48	294.66	96.37287
5.9462	0.4	12.	193.37	285.453825	93.4
5.375975	0.4	12.	212.6	270.13	91.092109
5.571048	0.4	12.	100.350098	109.93	93.4
6.830485	0.4	12.	48.668865	157.67	93.4
5.321352	0.4	12.	40.429896	167.47	93.4
5.617568	0.4	12.	28.45	202.46	91.268441
6.362072	0.4	12.	77.34	183.82	88.901633
4.944947	0.4	12.	127.21	153.628318	93.4
4.919621	0.4	12.	197.28	194.61	89.505305
4.381069	0.4	12.	225.96	175.32	97.501979
5.770794	0.4	12.	140.57	228.29	88.015891
5.115507	0.4	12.	150.67	144.59	98.858271
4.901532	0.4	12.	149.37	127.91	97.74717
5.499782	0.4	12.	174.47	134.45	93.005484
4.557384	0.4	12.	219.44	181.21	95.786712
5.743769	0.4	12.	183.59	130.86	98.802533
5.657577	0.4	12.	199.89	108.721691	96.2
4.51319	0.4	12.	204.45	121.7	98.125198
7.451217	0.4	12.	166.210339	90.97	97.04
5.163137	0.4	12.	149.04	84.293403	97.04
5.967952	0.4	12.	150.358505	66.12	97.04
4.653807	0.4	12.	144.81	118.43	100.672078
5.960058	0.4	12.	182.61	161.26	95.808367
4.42401	0.4	12.	172.165462	160.28	97.04
4.64945	0.4	12.	78.97	115.294831	97.04
4.882284	0.4	12.	113.84	102.563133	97.04
4.71246	0.4	12.	139.59	269.761038	97.04
5.27934	0.4	12.	153.546892	279.94	97.04
5.343734	0.4	12.	162.08	286.473151	97.04
6.006099	0.4	12.	174.747235	292.04	97.04
6.034569	0.4	12.	178.7	304.45122	97.04
4.654275	0.4	12.	140.224529	279.29	97.04
4.528755	0.4	12.	134.38	287.647255	97.04
7.139878	0.4	12.	80.317192	237.77	97.04
4.710565	0.4	12.	83.59971	209.65	97.04
4.704412	0.4	12.	106.559452	195.92	97.04
4.587223	0.4	12.	70.82	174.01	97.601217
6.225302	0.4	12.	68.87	185.46	99.069752
5.1089	0.4	12.	133.4	149.17	102.612886
4.669344	0.4	12.	65.93	159.000546	97.87
5.591542	0.4	12.	77.99	151.13	99.752365
5.280977	0.4	12.	118.535087	116.14	98.85
6.739896	0.4	12.	117.616629	74.3	98.85
5.596637	0.4	12.	83.275712	81.81	98.85
4.572114	0.4	12.	69.738564	80.83	98.85
4.4201	0.4	12.	211.531	101.1	98.85
5.431548	0.4	12.	157.84	76.489481	98.85
4.973159	0.4	12.	86.660096	134.13	98.85
4.647629	0.4	12.	73.1	123.01	97.736778
7.454992	0.4	12.	238.614898	156.03	99.69
5.744519	0.4	12.	56.15	137.32383	99.69
5.363474	0.4	12.	31.38	185.621139	99.69
5.39742	0.4	12.	114.82	151.78	107.548519
4.713397	0.4	12.	114.5	160.94	100.446501
5.92137	0.4	12.	87.455969	218.48	104.53
4.778888	0.4	12.	64.95	236.46	105.543577
5.310887	0.4	12.	65.28	244.96	99.790959
4.867529	0.4	12.	71.47	253.095273	104.53
5.236797	0.4	12.	59.41	249.21	108.219333
7.356716	0.4	12.	52.24	237.610615	103.25
4.391901	0.4	12.	49.64	253.79	107.891748
4.900282	0.4	12.	55.5	256.73	100.521225
6.037084	0.4	12.	102.188228	188.4	104.99
6.910248	0.4	12.	119.640607	184.48	104.99
4.587591	0.4	12.	158.6521	167.15	104.99
4.643706	0.4	12.	176.42	119.74	101.593659
4.721671	0.4	12.	149.37	104.736846	104.99
4.663694	0.4	12.	127.21	109.964584	104.99
4.724612	0.4	12.	135.35	103.958448	104.99
4.56098	0.4	12.	128.51	82.8	102.468879
4.789043	0.4	12.	118.41	89.768584	104.99
6.736024	0.4	12.	111.56	54.68	98.697641
7.404609	0.4	12.	110.26	46.83	110.961753
5.021067	0.4	12.	58.11	63.83	101.308399
4.735793	0.4	12.	68.452041	58.6	104.99
6.826343	0.4	12.	46.50786	69.06	104.99
5.522193	0.4	12.	59.563022	76.58	104.99
5.864292	0.4	12.	59.74	89.302011	104.99
5.896228	0.4	12.	48.579419	85.08	104.99
6.708105	0.4	12.	72.45	90.06076	104.99
6.016381	0.4	12.	37.847833	138.7	104.99
4.929018	0.4	12.	35.945437	149.49	104.99
5.544022	0.4	12.	23.921053	145.24	104.99
4.841228	0.4	12.	27.15	135.060078	104.99
6.492747	0.4	12.	30.08	158.97	98.599974
4.535327	0.4	12.	30.73	166.17	109.242916
6.655819	0.4	12.	42.46	189.796176	104.99
4.409307	0.4	12.	60.101665	202.13	104.99
6.293655	0.4	12.	78.97	195.722045	104.99
5.05695	0.4	12.	130.79	217.5	106.242271
7.591478	0.4	12.	128.18	229.926267	104.99
4.862634	0.4	12.	148.223526	226.32	104.99
6.464234	0.4	12.	165.67	236.46	99.00578
4.445024	0.4	12.	158.833539	244.63	104.99
5.05262	0.4	12.	166.32	251.195231	104.99
4.408154	0.4	12.	161.76	260.65	100.672771
4.543113	0.4	12.	151.71055	273.73	104.99
5.49143	0.4	12.	138.94	273.4	110.077244
5.575308	0.4	12.	128.32778	273.73	104.99
6.59317	0.4	12.	145.78	285.343588	104.99
5.114239	0.4	12.	151.513559	299.89	104.99
5.83786	0.4	12.	151.65	311.66	107.113805
5.291223	0.4	12.	164.36	313.62	100.219392
5.314447	0.4	12.	166.97	307.41	109.206595
5.486246	0.4	12.	168.27	297.545863	104.99
5.124198	0.4	12.	140.9	316.73246	104.99
4.882688	0.4	12.	140.191893	306.1	104.99
5.258502	0.4	12.	129.49	313.203922	104.99
4.743172	0.4	12.	121.99	304.14	101.10258
5.474425	0.4	12.	121.99	297.92	110.107205
4.822827	0.4	12.	122.32	292.69	100.279727
5.774834	0.4	12.	112.042791	303.81	104.99
4.944359	0.4	12.	105.37	296.29	109.740948
5.207723	0.4	12.	100.48	294.33	100.408422
4.850363	0.4	12.	92.33	282.523291	104.99
4.920807	0.4	12.	87.77	293.467287	105.82
4.626736	0.4	12.	79.95	278.31	107.574257
7.201258	0.4	12.	69.173645	270.79	105.82
7.082078	0.4	12.	100.147528	263.27	105.82
4.980571	0.4	12.	91.962721	272.42	105.82
6.03223	0.4	12.	106.964788	275.37	105.82
5.616196	0.4	12.	115.47	287.055453	105.82
5.872929	0.4	12.	116.12	261.929919	105.82
5.085413	0.4	12.	113.84	249.21	109.970938
4.740955	0.4	12.	123.62	252.48	103.62329
4.978994	0.4	12.	134.05	259.737615	105.82
4.409395	0.4	12.	163.279491	271.77	105.82
4.500349	0.4	12.	172.18	219.953039	105.82
5.259722	0.4	12.	158.484315	215.86	105.82
4.71479	0.4	12.	147.41	215.86	105.550716
4.987588	0.4	12.	158.856465	227.63	105.82
5.341067	0.4	12.	174.34577	229.92	105.82
4.457651	0.4	12.	200.87	200.872304	105.82
4.553386	0.4	12.	191.41	196.25	103.256652
4.486744	0.4	12.	181.563599	193.3	105.82
5.492584	0.4	12.	191.371188	182.19	105.82
4.452103	0.4	12.	188.81	169.871439	105.82
4.453327	0.4	12.	180.66	177.822193	105.82
5.828682	0.4	12.	175.12	169.11	106.493268
4.387153	0.4	12.	203.15	153.639043	105.82
6.545425	0.4	12.	201.52	142.95	110.337007
4.615746	0.4	12.	210.97	148.929035	105.82
5.009466	0.4	12.	209.34	138.05	102.982898
4.673559	0.4	12.	191.09	133.8	110.458161
4.415279	0.4	12.	188.48	139.68	101.417206
4.804149	0.4	12.	188.793323	148.84	105.82
4.98567	0.4	12.	179.68	153.09	103.241505
4.635173	0.4	12.	220.1	140.657438	105.82
5.861346	0.4	12.	198.91	126.149564	105.82
4.824943	0.4	12.	185.87	121.247753	105.82
4.398266	0.4	12.	216.51	131.025103	105.82
4.776989	0.4	12.	213.58	168.13	102.486662
4.725045	0.4	12.	220.861653	186.11	105.82
4.888177	0.4	12.	231.83	189.163588	105.82
5.618305	0.4	12.	210.32	178.218795	105.82
5.17292	0.4	12.	202.966658	186.76	105.82
4.795795	0.4	12.	210.32	191.99	110.131867
4.842595	0.4	12.	207.06	195.26	101.332602
5.0127	0.4	12.	215.097844	200.17	105.82
4.434356	0.4	12.	216.678957	211.61	105.82
4.77943	0.4	12.	212.6	220.198399	105.82
5.506786	0.4	12.	144.48	140.321431	109.76
4.601029	0.4	12.	156.87	147.86	111.696318
5.047163	0.4	12.	151.	153.42	104.864757
5.009613	0.4	12.	141.22	155.7	105.773426
4.803459	0.4	12.	137.627593	163.55	110.6
4.733596	0.4	12.	156.54	174.67	110.911895
5.960344	0.4	12.	148.72	186.11	112.096159
5.094525	0.4	12.	141.22	200.887407	111.43
5.303362	0.4	12.	161.617873	201.15	112.34
4.837439	0.4	12.	179.98798	202.46	112.34
4.803952	0.4	12.	176.42	213.688907	112.34
5.103293	0.4	12.	189.22991	210.3	113.32
4.471116	0.4	12.	195.98	196.395109	113.32
4.435235	0.4	12.	201.84	206.144902	113.32
6.404649	0.4	12.	201.84	222.4	113.07402
5.147918	0.4	12.	209.260678	212.92	113.32
5.430042	0.4	12.	189.79	226.32	110.481248
5.772866	0.4	12.	184.37437	237.44	113.32
5.480475	0.4	12.	180.99	250.52	112.515293
5.105038	0.4	12.	191.492361	245.94	113.32
5.580497	0.4	12.	186.85	260.	111.62238
4.856222	0.4	12.	207.71	261.548333	114.16
7.282217	0.4	12.	210.64	245.217389	114.16
5.865928	0.4	12.	198.59	267.899852	114.16
4.602036	0.4	12.	191.41	277.757946	114.99
5.601561	0.4	12.	179.03	277.65	110.409713
6.290241	0.4	12.	180.66	286.48	121.077724
5.197266	0.4	12.	167.42155	288.44	115.82
9.95566	0.4	12.	236.18732	240.71	116.65
5.001434	0.4	12.	209.99	170.352027	116.65
4.965264	0.4	12.	203.704144	159.3	116.65
5.052413	0.4	12.	181.64	159.95	116.592821
5.027347	0.4	12.	191.09	162.9	112.853108
9.785375	0.4	12.	204.172462	117.12	117.49
7.117866	0.4	12.	179.36	104.37	113.780751
4.907729	0.4	12.	159.047288	102.74	114.08
5.039293	0.4	12.	154.063348	113.2	114.08
4.836772	0.4	12.	140.9	116.47	115.66707
4.696491	0.4	12.	149.37	121.7	111.707264
4.458598	0.4	12.	128.84	138.290682	113.17
4.593618	0.4	12.	118.41	133.737835	113.17
4.488967	0.4	12.	109.28	131.18	112.373488
4.401118	0.4	12.	100.574061	126.28	113.17
5.113166	0.4	12.	122.32	124.64	118.073021
4.493444	0.4	12.	126.23	128.89	109.515904
4.385192	0.4	12.	88.75	123.757333	113.17
5.728021	0.4	12.	92.66	112.55	117.897828
5.906296	0.4	12.	81.25	114.855996	113.17
4.754301	0.4	12.	78.97	154.95988	113.17
5.6555	0.4	12.	73.01922	172.05	113.17
7.64459	0.4	12.	81.227047	183.82	113.17
5.777303	0.4	12.	108.268426	196.9	113.17
4.730794	0.4	12.	82.855205	204.42	117.94
4.465296	0.4	12.	80.27	214.291977	117.94
4.680094	0.4	12.	98.52	216.19	122.540574
5.132822	0.4	12.	94.29	221.75	113.399194
6.004283	0.4	12.	103.74	227.96	120.437126
5.723198	0.4	12.	115.15	229.489817	117.94
5.077947	0.4	12.	127.86	229.42852	117.94
6.574675	0.4	12.	120.36	240.921143	118.78
6.522836	0.4	12.	129.81	250.19	119.822296
4.982716	0.4	12.	141.84463	263.27	118.78
5.685705	0.4	12.	150.510147	256.73	120.44
4.539588	0.4	12.	160.78	248.56	116.659744
4.721635	0.4	12.	161.302549	236.46	120.44
6.197701	0.4	12.	151.65	228.29	116.315632
4.460411	0.4	12.	151.823789	242.67	120.44
4.6249	0.4	12.	153.61	274.38	121.495942
4.694675	0.4	12.	160.45	264.597264	120.44
4.414249	0.4	12.	134.796757	276.02	121.35
6.159329	0.4	12.	143.5	290.73	124.813932
4.460724	0.4	12.	134.38	284.994452	121.35
6.235991	0.4	12.	124.27	291.284103	121.35
6.007765	0.4	12.	121.67	307.417278	121.35
4.450464	0.4	12.	136.01	299.309918	121.35
6.258285	0.4	12.	137.64	314.48104	121.35
5.325562	0.4	12.	151.65	308.71	122.495699
5.826214	0.4	12.	101.78	149.932439	106.88
5.863668	0.4	12.	106.35	172.05	104.158541
5.453843	0.4	12.	89.723726	165.84	106.88
6.640296	0.4	12.	88.42	143.28	109.766918
4.766379	0.4	12.	137.31	186.44	105.671199
4.637821	0.4	12.	122.97	173.36	105.272829
5.370835	0.4	12.	123.95	163.754082	108.63
4.528244	0.4	12.	184.061485	92.28	108.63
4.474693	0.4	12.	182.593126	82.8	108.63
4.726535	0.4	12.	172.84	78.22	106.548359
10.005721	0.4	12.	154.81219	54.02	108.63
4.912662	0.4	12.	140.329465	50.1	108.63
7.248787	0.4	12.	121.34	62.53	109.385896
4.62481	0.4	12.	140.57	79.450601	108.63
4.809004	0.4	12.	102.685555	69.39	108.63
5.152968	0.4	12.	84.84	65.247428	108.63
5.500452	0.4	12.	105.507671	91.95	108.63
4.526471	0.4	12.	127.53	100.072297	108.63
4.823144	0.4	12.	135.194936	90.32	108.63
5.651974	0.4	12.	73.86613	103.07	109.46
7.420119	0.4	12.	44.42	103.073294	109.46
4.549247	0.4	12.	54.379886	124.97	109.46
4.80946	0.4	12.	39.21	128.346259	109.46
5.879653	0.4	12.	27.644223	124.64	109.46
4.926767	0.4	12.	43.109873	118.43	109.46
5.474287	0.4	12.	32.69	113.86	108.689881
5.779668	0.4	12.	57.78	112.524627	109.46
6.181061	0.4	12.	45.4	155.05	108.545821
7.220403	0.4	12.	58.44	158.044647	110.29
6.466485	0.4	12.	55.18	189.97731	110.29
4.592693	0.4	12.	50.61	179.9	114.447174
5.528254	0.4	12.	41.81	169.908722	111.2
5.471342	0.4	12.	25.84	196.25	108.385904
5.239567	0.4	12.	63.	216.52	108.932758
5.18559	0.4	12.	53.55	220.953644	112.03
4.446647	0.4	12.	60.06	230.712045	112.03
4.373423	0.4	12.	48.04109	228.94	112.03
4.472766	0.4	12.	45.07	217.5	115.905331
4.428164	0.4	12.	34.804622	216.52	112.03
5.206008	0.4	12.	29.1	206.38	115.801001
7.203193	0.4	12.	42.79	205.695593	112.03
5.061364	0.4	12.	64.95	207.36	114.002799
4.923091	0.4	12.	165.289703	158.97	112.87
8.136672	0.4	12.	152.63	160.94	115.632828
4.621243	0.4	12.	179.68	132.736874	113.7
5.469347	0.4	12.	167.3	96.167056	113.7
4.705724	0.4	12.	166.64	85.74	113.264875
7.260416	0.4	12.	221.4	176.317096	113.7
5.878958	0.4	12.	218.79	204.09	119.571516
5.995946	0.4	12.	226.62	211.170784	113.7
6.778217	0.4	12.	98.2	101.1	118.508072
5.081288	0.4	12.	116.12	102.41	111.83836
5.186858	0.4	12.	117.43	112.708001	114.53
4.826104	0.4	12.	77.99	79.687288	114.53
4.514033	0.4	12.	68.87	82.986416	114.53
5.286723	0.4	12.	122.270932	77.24	114.53
5.627743	0.4	12.	111.092346	75.93	114.53
6.594994	0.4	12.	157.887262	70.04	115.37
6.279816	0.4	12.	148.764374	85.74	115.37
4.949041	0.4	12.	93.96	50.43	113.762591
5.447197	0.4	12.	86.79	48.79	122.903654
4.826605	0.4	12.	132.1	208.34	118.966904
4.72805	0.4	12.	167.95	266.21	114.663425
6.360121	0.4	12.	98.979005	169.44	118.4
4.38909	0.4	12.	104.96145	181.53	119.23
6.669597	0.4	12.	94.033955	200.17	119.23
6.085322	0.4	12.	83.53	251.939823	119.23
4.856287	0.4	12.	83.21	240.71	123.06173
4.465802	0.4	12.	88.09	233.19	117.42286
4.678588	0.4	12.	95.92	234.82	123.723034
4.51248	0.4	12.	93.64	225.67	123.002648
6.155093	0.4	12.	107.65	260.233696	119.23
6.536506	0.4	12.	102.575404	247.25	119.23
4.443891	0.4	12.	119.38	256.4	116.178287
4.797137	0.4	12.	143.83	280.160808	120.06
4.561709	0.4	12.	126.55	267.676006	120.06
5.257058	0.4	12.	117.75	272.1	120.789125
4.711178	0.4	12.	84.84	267.781275	120.06
8.483466	0.4	12.	71.348721	264.58	120.06
4.81746	0.4	12.	90.7	274.38	124.15857
5.146764	0.4	12.	103.74	297.163223	120.06
6.718404	0.4	12.	89.809789	285.83	120.06
5.600436	0.4	12.	102.76	284.52	115.584476
5.171267	0.4	12.	61.529206	238.75	120.06
5.067829	0.4	12.	68.962051	247.25	120.06
5.389016	0.4	12.	50.94	238.341547	120.06
4.998969	0.4	12.	56.425742	251.17	120.06
4.51325	0.4	12.	45.724439	191.01	120.06
4.891362	0.4	12.	30.41	185.13	119.695864
7.28878	0.4	12.	18.02	182.28322	120.06
8.700866	0.4	12.	16.39	198.999052	120.06
4.641762	0.4	12.	58.11	135.11	123.705567
5.369823	0.4	12.	29.43	130.125089	120.06
5.715795	0.4	12.	34.97	140.01	119.327266
4.424687	0.4	12.	24.287719	145.57	120.06
5.224075	0.4	12.	40.51	157.328714	120.97
6.771628	0.4	12.	26.646947	161.92	120.97
5.230353	0.4	12.	49.31	99.061883	120.97
5.930611	0.4	12.	58.827838	89.33	120.97
4.917696	0.4	12.	71.47	90.371354	120.97
5.892417	0.4	12.	117.1	92.6	123.967217
4.514095	0.4	12.	126.55	104.37	121.124808
4.512173	0.4	12.	137.964454	104.37	120.97
4.583897	0.4	12.	147.09	108.3	122.771683
6.147802	0.4	12.	171.408902	118.11	120.97
5.860026	0.4	12.	190.49635	131.18	120.97
5.107527	0.4	12.	187.5	143.040956	120.97
4.86784	0.4	12.	175.44	140.318871	120.97
6.583636	0.4	12.	177.73	152.76	125.599111
5.062509	0.4	12.	166.32	144.91	118.134921
4.766811	0.4	12.	182.94	170.701888	120.97
4.733721	0.4	12.	182.61	181.265213	120.97
7.365333	0.4	12.	187.220363	192.98	120.97
5.289365	0.4	12.	196.63	179.24	116.508502
5.477623	0.4	12.	207.485857	194.28	120.97
4.675371	0.4	12.	208.69	183.17	125.293179
7.029918	0.4	12.	121.490387	149.17	123.62
5.559363	0.4	12.	109.28	146.55	121.230483
6.743062	0.4	12.	110.58	159.63	121.378411
4.781866	0.4	12.	110.26	175.235137	124.53
5.206042	0.4	12.	127.21	174.01	121.328533
5.284598	0.4	12.	99.380978	188.73	124.53
6.847869	0.4	12.	119.06	188.624592	124.53
5.476428	0.4	12.	157.84	207.03	128.38868
4.881311	0.4	12.	147.41	209.25432	125.37
6.009855	0.4	12.	142.727891	219.79	125.37
5.336641	0.4	12.	155.89	216.19	121.161608
4.381551	0.4	12.	157.84	224.867373	125.37
5.489279	0.4	12.	168.642094	219.46	125.37
4.420485	0.4	12.	164.04	229.92	129.705724
4.927437	0.4	12.	180.83206	223.05	125.37
4.409124	0.4	12.	175.169857	230.57	125.37
5.044694	0.4	12.	169.9	255.952421	126.2
4.481308	0.4	12.	197.61	252.042174	126.2
4.461191	0.4	12.	200.54	240.707697	126.2
4.857801	0.4	12.	218.790363	215.86	126.2
4.687709	0.4	12.	142.714447	142.63	126.2
5.523708	0.4	12.	152.566764	150.47	126.2
4.84207	0.4	12.	163.695721	151.45	127.03
4.613505	0.4	12.	143.18	156.358196	127.03
4.442785	0.4	12.	156.54	172.19082	127.03
6.389086	0.4	12.	151.33	190.36	125.512339
4.491383	0.4	12.	142.85	200.82	130.541747
6.261933	0.4	12.	169.9	194.61	121.158105
5.123885	0.4	12.	136.398827	167.47	127.03
5.293094	0.4	12.	129.81	183.82	129.033759
5.150088	0.4	12.	130.47	95.979145	127.03
4.866994	0.4	12.	136.775634	80.18	127.03
4.742048	0.4	12.	147.41	79.295693	127.87
7.395283	0.4	12.	158.5	85.498971	127.87
7.302737	0.4	12.	188.157737	90.32	127.87
7.540161	0.4	12.	142.53	51.41	128.280647
4.414253	0.4	12.	154.444848	53.37	128.7
4.673004	0.4	12.	112.87	126.120807	128.7
4.428137	0.4	12.	103.74	126.28	132.317345
4.691545	0.4	12.	95.92	126.61	124.355182
4.387536	0.4	12.	91.03	132.977239	128.7
4.749915	0.4	12.	87.950968	143.61	128.7
4.58922	0.4	12.	112.958439	136.41	128.7
6.83434	0.4	12.	140.9	126.409173	128.7
6.074388	0.4	12.	127.53	131.543265	128.7
4.551801	0.4	12.	152.542073	120.07	128.7
4.777642	0.4	12.	195.98	201.613384	128.7
4.913446	0.4	12.	202.5	208.02	132.640317
5.940818	0.4	12.	201.19	214.23	122.908608
5.541826	0.4	12.	201.639053	225.34	128.7
4.876986	0.4	12.	162.08	243.531176	128.7
4.699309	0.4	12.	180.01	251.5	126.432612
4.782602	0.4	12.	183.92	244.96	133.471507
5.512408	0.4	12.	195.	235.81	133.960478
5.807133	0.4	12.	190.44	239.73	123.948019
6.872394	0.4	12.	163.13295	274.06	128.7
5.352644	0.4	12.	73.75	206.377079	128.7
4.694964	0.4	12.	63.32	205.73	124.700927
4.464618	0.4	12.	64.63	193.96	125.709684
4.614144	0.4	12.	59.74	187.42	132.916066
4.726756	0.4	12.	51.26	185.46	126.030912
4.506129	0.4	12.	44.277836	179.9	129.68
4.448258	0.4	12.	44.523794	170.42	130.52
5.084791	0.4	12.	66.58	167.8	133.762542
4.455628	0.4	12.	72.78	186.11	130.666239
5.791218	0.4	12.	83.21	185.13	131.637186
6.287877	0.4	12.	81.9	153.359997	131.35
4.507743	0.4	12.	78.658654	110.59	131.35
4.533904	0.4	12.	64.829084	108.3	131.35
4.759454	0.4	12.	68.87	99.8	132.394982
4.472749	0.4	12.	58.048831	115.49	131.35
4.557479	0.4	12.	62.35	125.690681	131.35
4.987738	0.4	12.	77.719306	120.39	131.35
5.875524	0.4	12.	91.35	118.386169	131.35
6.770864	0.4	12.	89.572654	102.09	131.35
4.507876	0.4	12.	100.15	99.14	134.591677
5.548703	0.4	12.	107.	97.51	126.97319
4.441831	0.4	12.	112.87	106.34	132.615014
4.71658	0.4	12.	116.45	114.798434	131.35
7.062497	0.4	12.	182.61	108.95	135.46895
4.649259	0.4	12.	175.526227	100.45	131.35
4.56161	0.4	12.	165.493641	97.51	131.35
5.885432	0.4	12.	173.560855	89.01	131.35
6.062991	0.4	12.	160.78	108.627909	132.18
4.635636	0.4	12.	145.417557	91.95	132.18
5.475684	0.4	12.	159.47	67.76	129.781696
7.428832	0.4	12.	173.600642	74.62	132.18
6.175458	0.4	12.	84.18	62.153665	132.18
4.954721	0.4	12.	119.71	77.24	127.248384
4.581062	0.4	12.	129.49742	71.68	132.18
6.580897	0.4	12.	127.86	58.869192	132.18
4.629032	0.4	12.	107.65	46.18	128.496073
5.067492	0.4	12.	102.76	54.247529	132.18
5.464189	0.4	12.	115.066028	38.33	132.18
5.76522	0.4	12.	104.215531	35.06	132.18
4.73204	0.4	12.	130.79	151.45	134.624125
4.657612	0.4	12.	127.21	160.811676	132.18
4.91254	0.4	12.	150.35	159.946961	132.18
6.21624	0.4	12.	162.725206	162.24	132.18
6.347589	0.4	12.	176.475499	167.15	132.18
4.541939	0.4	12.	189.63246	163.88	132.18
4.37692	0.4	12.	195.	218.629168	132.18
4.484042	0.4	12.	178.05	205.514406	132.18
4.679142	0.4	12.	178.05	214.88	131.272802
6.177791	0.4	12.	192.72	259.872965	132.18
6.591247	0.4	12.	203.8	270.46	129.037675
6.035321	0.4	12.	191.41	274.831157	132.18
6.566399	0.4	12.	177.4	277.909422	133.02
5.137768	0.4	12.	151.267971	290.41	133.02
8.981602	0.4	12.	165.99	289.936173	133.85
6.492032	0.4	12.	148.844631	266.87	133.85
5.381505	0.4	12.	125.667608	269.81	133.85
4.422085	0.4	12.	130.47	260.65	137.820011
4.696037	0.4	12.	129.81	249.21	132.14676
5.703796	0.4	12.	130.14	238.216463	133.85
5.040709	0.4	12.	126.88	226.415084	133.85
4.530237	0.4	12.	117.43	240.38	129.886923
5.739254	0.4	12.	112.87	229.59	130.900109
6.899039	0.4	12.	96.9	214.55	140.318723
5.234465	0.4	12.	65.28	219.46	131.77577
6.331236	0.4	12.	55.18	208.33017	133.85
4.448289	0.4	12.	53.55	222.07	137.036708
4.531254	0.4	12.	80.6	226.254265	133.85
5.244682	0.4	12.	74.430039	235.81	133.85
4.746032	0.4	12.	84.84	255.42	130.00136
4.755934	0.4	12.	95.59	254.60446	133.85
6.284614	0.4	12.	100.056443	264.9	133.85
4.573653	0.4	12.	107.	273.73	135.044356
4.822066	0.4	12.	115.47	287.021222	133.85
4.500889	0.4	12.	44.09	226.	132.538151
6.612378	0.4	12.	33.860981	218.8	134.68
4.5571	0.4	12.	91.35	224.587349	134.68
4.405372	0.4	12.	93.563624	236.13	134.68
4.82768	0.4	12.	80.27	248.23	137.883351
4.42951	0.4	12.	117.75	245.94	138.645145
4.902207	0.4	12.	120.04	253.79	132.347489
4.946807	0.4	12.	108.95	254.11	136.47996
4.456874	0.4	12.	100.15	173.779023	134.68
4.571218	0.4	12.	103.089099	183.49	134.68
4.890124	0.4	12.	100.15	197.55	137.23539
5.66804	0.4	12.	87.44	200.831399	134.68
7.233712	0.4	12.	133.73	208.802635	134.68
6.356461	0.4	12.	120.36	210.3	140.945996
4.669602	0.4	12.	108.63	204.42	136.17043
4.674338	0.4	12.	150.477489	235.81	134.68
4.416866	0.4	12.	130.14	113.541244	134.68
4.534179	0.4	12.	139.27	115.49	132.124881
4.448354	0.4	12.	124.6	120.72	135.093807
5.010958	0.4	12.	107.993456	84.76	134.68
5.590466	0.4	12.	83.090584	91.3	134.68
5.671927	0.4	12.	92.01	53.04	139.937424
10.328376	0.4	12.	45.411889	86.07	134.68
5.487397	0.4	12.	62.9791	74.3	134.68
5.033238	0.4	12.	58.76	100.78	133.048611
4.675605	0.4	12.	48.66	107.693366	134.68
6.546341	0.4	12.	44.42	130.2	137.519886
5.53211	0.4	12.	34.64	131.51	129.568822
4.860026	0.4	12.	71.15	128.816692	134.68
4.930796	0.4	12.	76.69	138.479054	134.68
4.568011	0.4	12.	140.9	191.025239	134.68
4.772068	0.4	12.	126.55	197.199849	134.68
4.549604	0.4	12.	170.56	264.58	136.717788
5.377534	0.4	12.	138.29	224.04	135.703726
6.208095	0.4	12.	166.857811	201.8	134.68
4.766724	0.4	12.	156.409115	196.57	134.68
4.878424	0.4	12.	165.01	123.01	133.421659
5.088814	0.4	12.	152.96	137.551852	134.68
4.463463	0.4	12.	164.010787	134.78	134.68
4.854326	0.4	12.	132.42	84.1	134.849064
5.650688	0.4	12.	114.17	61.54	135.082005
5.929573	0.4	12.	107.65	73.793562	134.68
5.385446	0.4	12.	99.393033	65.14	134.68
4.752811	0.4	12.	90.774763	40.95	134.68
7.197926	0.4	12.	75.792051	77.89	134.68
6.750119	0.4	12.	56.318014	175.32	134.68
4.426151	0.4	12.	80.208897	174.99	134.68
4.445978	0.4	12.	102.76	233.565164	134.68
5.316118	0.4	12.	101.46	244.31	138.661431
4.479158	0.4	12.	33.34	174.805956	134.68
7.028713	0.4	12.	20.212828	172.71	134.68
5.056335	0.4	12.	25.84	195.59	129.924098
7.186348	0.4	12.	43.984192	197.88	134.68
5.740181	0.4	12.	108.95	218.901297	134.68
5.003119	0.4	12.	58.165222	251.17	135.97
4.96108	0.4	12.	64.95	242.238244	135.97
5.160308	0.4	12.	60.72	232.54	132.858575
4.677138	0.4	12.	64.95	263.207637	135.97
7.858376	0.4	12.	74.41	273.148983	135.97
4.784169	0.4	12.	76.69	257.965199	135.97
4.862427	0.4	12.	86.47	262.94	136.876894
5.257097	0.4	12.	90.823198	272.1	135.97
5.811115	0.4	12.	99.83	279.62	141.258657
5.326458	0.4	12.	117.16107	276.02	135.97
5.093984	0.4	12.	115.47	263.6	131.193576
4.798185	0.4	12.	157.19	256.995259	135.97
5.116205	0.4	12.	145.699023	255.42	135.97
5.088346	0.4	12.	152.3	246.27	131.471677
6.5561	0.4	12.	56.81	134.306772	135.97
4.636037	0.4	12.	33.01	143.28	134.627276
5.552328	0.4	12.	44.485729	151.13	135.97
4.440463	0.4	12.	39.253627	163.22	136.8
5.630134	0.4	12.	190.028593	129.88	136.8
6.631729	0.4	12.	146.76	106.99	139.357718
5.164222	0.4	12.	137.31	102.74	133.205903
4.409871	0.4	12.	122.64	107.286557	136.8
4.499811	0.4	12.	166.64	144.384902	136.8
5.319544	0.4	12.	178.763633	179.57	136.8
5.807925	0.4	12.	185.55	191.468203	136.8
4.93295	0.4	12.	194.069374	177.94	136.8
4.982619	0.4	12.	201.52	189.38	135.524909
5.245254	0.4	12.	63.034805	91.62	138.77
5.80943	0.4	12.	79.29	102.902148	138.77
5.332016	0.4	12.	119.71	152.11	138.997022
5.449487	0.4	12.	159.15	106.99	144.722225
5.297933	0.4	12.	117.34882	175.32	139.61
5.372725	0.4	12.	117.1	186.503609	139.61
5.813283	0.4	12.	115.47	161.59	143.957476
5.388223	0.4	12.	108.3	147.682988	139.61
4.604033	0.4	12.	97.55	147.2	143.079983
4.799668	0.4	12.	161.76	211.28	144.584728
5.07545	0.4	12.	165.67	217.5	135.425556
4.405445	0.4	12.	169.25	223.05	143.538614
4.945007	0.4	12.	178.874818	220.44	140.44
5.081367	0.4	12.	161.76	230.87946	140.44
5.274925	0.4	12.	156.21	223.05	135.538604
6.476932	0.4	12.	148.39	215.208356	140.44
6.899198	0.4	12.	174.796014	232.86	140.44
5.456054	0.4	12.	200.54	245.632715	141.35
4.965112	0.4	12.	189.79	250.127375	141.35
5.48503	0.4	12.	181.96	260.33	139.06353
5.141199	0.4	12.	158.5	173.69	144.416488
4.444032	0.4	12.	164.556215	194.61	142.49
7.326771	0.4	12.	149.37	186.76	144.153818
6.050213	0.4	12.	136.33	182.683185	142.49
4.828917	0.4	12.	143.5	156.127405	142.49
4.380361	0.4	12.	160.78	138.530378	142.49
4.658666	0.4	12.	164.69	149.17	147.044885
4.853043	0.4	12.	156.097513	151.13	142.49
5.119562	0.4	12.	141.87	138.459213	142.49
5.109714	0.4	12.	93.64	186.11	139.705577
5.991392	0.4	12.	122.32	91.95	137.427374
6.36349	0.4	12.	136.357662	91.95	143.32
4.654433	0.4	12.	128.18	99.8	146.232541
4.716655	0.4	12.	114.480263	99.47	143.32
6.913721	0.4	12.	146.999485	81.16	143.32
5.30595	0.4	12.	162.08	82.8	141.266479
5.442026	0.4	12.	158.5	90.97	148.669599
5.176253	0.4	12.	161.750638	251.83	143.32
5.618671	0.4	12.	74.08	209.98	139.350079
4.514524	0.4	12.	63.32	204.75	147.521735
4.739104	0.4	12.	66.763265	194.28	144.15
4.749928	0.4	12.	153.689465	204.09	144.15
5.771833	0.4	12.	196.96	203.44	149.123878
5.54117	0.4	12.	198.59	217.82	141.918786
5.064701	0.4	12.	180.33	242.953715	144.15
4.960417	0.4	12.	175.772729	253.46	144.15
5.499294	0.4	12.	158.82	269.81	141.401967
4.60869	0.4	12.	155.188682	118.76	144.15
4.38806	0.4	12.	144.15	119.049103	144.15
4.613259	0.4	12.	133.727203	120.72	144.15
5.001229	0.4	12.	131.77	136.74	143.119476
5.98952	0.4	12.	116.45	134.78	139.686726
5.890506	0.4	12.	119.06	142.95	149.979519
4.931045	0.4	12.	82.88	144.59	141.296679
6.421106	0.4	12.	83.53	155.847167	144.99
5.342941	0.4	12.	106.02	191.431069	144.99
4.424451	0.4	12.	164.04	241.04	143.856545
5.184253	0.4	12.	129.49	72.96367	144.99
4.395633	0.4	12.	91.03	129.417183	144.99
4.392253	0.4	12.	107.65	130.951349	144.99
4.624265	0.4	12.	67.89	168.13	147.134859
6.485141	0.4	12.	56.989848	188.07	145.82
5.001043	0.4	12.	47.03	180.88	142.136362
4.407356	0.4	12.	37.58	153.090145	145.82
4.813544	0.4	12.	37.9	184.8	149.936761
4.672868	0.4	12.	33.01	191.67	142.623095
5.085338	0.4	12.	25.19	185.13	141.617155
5.69663	0.4	12.	18.02	178.59	149.143192
4.915665	0.4	12.	34.97	200.82	147.542402
4.642427	0.4	12.	49.31	206.939508	145.82
4.569987	0.4	12.	37.9	210.199924	145.82
6.768819	0.4	12.	44.09	222.146473	145.82
4.386309	0.4	12.	125.25	129.496035	145.82
4.826704	0.4	12.	178.38	155.38	143.771731
4.376873	0.4	12.	134.411222	193.3	145.82
4.473689	0.4	12.	142.290033	202.46	145.82
4.762531	0.4	12.	95.513268	99.47	146.65
5.228107	0.4	12.	105.04	96.2	143.998148
4.700568	0.4	12.	110.58	106.01	150.008685
5.686601	0.4	12.	94.29	83.970032	147.49
4.903037	0.4	12.	86.47	105.683892	147.49
4.8836	0.4	12.	63.303319	104.37	147.49
5.049847	0.4	12.	73.75	98.82	147.598619
5.043764	0.4	12.	71.47	109.61	152.409145
4.887862	0.4	12.	76.04	88.299239	147.49
5.801685	0.4	12.	62.35	82.22176	147.49
5.580748	0.4	12.	62.02	68.78635	147.49
5.469383	0.4	12.	54.52	92.28	150.365097
5.054162	0.4	12.	52.89	103.483557	147.49
7.549119	0.4	12.	39.436829	98.82	147.49
4.575765	0.4	12.	81.25	63.389103	147.49
6.691828	0.4	12.	108.63	41.547714	147.49
6.555503	0.4	12.	100.81	51.41	152.665713
4.915082	0.4	12.	119.38	86.307976	147.49
4.516615	0.4	12.	146.11	90.97	150.286811
4.533438	0.4	12.	149.556659	163.22	147.49
4.837378	0.4	12.	171.603075	164.2	147.49
4.394576	0.4	12.	183.558359	167.8	147.49
5.254142	0.4	12.	190.76	158.97	146.336793
6.37662	0.4	12.	130.79	155.214996	147.49
5.021246	0.4	12.	124.730982	187.74	147.49
5.559743	0.4	12.	160.13	280.609603	148.39
5.084049	0.4	12.	128.84	242.34	146.92431
5.051233	0.4	12.	119.06	233.52	147.028563
7.422148	0.4	12.	127.53516	258.36	149.3
5.068279	0.4	12.	112.881524	269.15	149.3
4.404761	0.4	12.	100.284447	264.25	149.3
4.527131	0.4	12.	91.03	265.88	150.708713
4.475363	0.4	12.	82.88	254.77	150.579661
5.437977	0.4	12.	127.86	271.97609	150.14
5.078497	0.4	12.	149.816029	265.88	150.14
5.000342	0.4	12.	174.835718	263.6	150.14
4.608266	0.4	12.	118.73	251.17	154.600211
5.38504	0.4	12.	111.89	255.1	146.57584
5.472371	0.4	12.	107.740525	229.92	150.14
4.911748	0.4	12.	106.35	242.252901	150.14
4.76681	0.4	12.	92.57617	222.4	150.14
5.1114	0.4	12.	83.372749	227.96	150.14
5.120207	0.4	12.	71.038804	216.52	150.14
4.784283	0.4	12.	61.04	213.982584	150.14
5.406483	0.4	12.	54.2	222.07	154.265129
4.679621	0.4	12.	84.312645	204.09	150.14
5.780099	0.4	12.	96.876801	195.92	150.14
6.042803	0.4	12.	81.556488	186.76	150.14
4.881594	0.4	12.	102.44	173.69	148.804157
6.086708	0.4	12.	118.41	208.67	154.497986
4.536979	0.4	12.	133.73	207.245966	150.14
4.717974	0.4	12.	133.041046	216.84	150.14
4.608727	0.4	12.	139.27	226.388376	150.97
5.412454	0.4	12.	157.138373	194.28	150.97
4.895831	0.4	12.	124.6	120.72	153.735318
5.18642	0.4	12.	153.61	137.54179	150.97
5.099285	0.4	12.	140.962766	113.2	150.97
5.063575	0.4	12.	82.064839	140.34	150.97
4.748384	0.4	12.	72.12	140.938616	150.97
4.823986	0.4	12.	74.41	130.86	154.271001
4.970733	0.4	12.	67.56	123.853259	150.97
5.434732	0.4	12.	61.231011	135.76	150.97
5.195596	0.4	12.	54.2	125.63	153.791547
5.193995	0.4	12.	45.308061	132.49	150.97
4.700533	0.4	12.	80.92	113.063041	150.97
4.857762	0.4	12.	78.32	123.01	149.901527
4.604918	0.4	12.	92.33	119.473955	150.97
4.900101	0.4	12.	97.22	107.64	154.592874
4.596393	0.4	12.	82.55	164.2	152.506456
5.785878	0.4	12.	74.66688	241.36	151.8
6.963302	0.4	12.	88.75	240.06	149.940316
5.144851	0.4	12.	100.48	250.376738	151.8
4.495284	0.4	12.	95.27	211.699014	151.8
4.529468	0.4	12.	39.584673	141.32	151.8
4.65022	0.4	12.	25.84	142.63	155.342712
4.600301	0.4	12.	59.74	103.39	156.282848
5.796571	0.4	12.	107.65	88.03	155.115902
4.851039	0.4	12.	145.78	103.708928	152.64
4.940545	0.4	12.	41.49	163.22	150.595966
4.548308	0.4	12.	46.196156	174.01	152.64
6.720154	0.4	12.	153.61	253.767274	153.47
5.588364	0.4	12.	86.14	91.486119	155.14
4.556001	0.4	12.	93.262435	144.91	155.14
4.670393	0.4	12.	102.76	150.15	156.778172
4.523308	0.4	12.	118.73	152.76	153.993825
4.424797	0.4	12.	123.040086	160.94	155.14
5.295163	0.4	12.	108.253569	161.92	155.14
4.732291	0.4	12.	115.579128	174.34	155.14
4.773536	0.4	12.	151.888325	238.42	155.14
5.976872	0.4	12.	116.45	261.96	157.19091
4.526537	0.4	12.	150.697516	213.9	156.04
4.38991	0.4	12.	164.36	211.470702	156.04
6.584294	0.4	12.	155.89	222.73	150.771856
4.455719	0.4	12.	172.18	215.720074	156.04
4.542651	0.4	12.	177.07	226.965741	156.04
5.529427	0.4	12.	168.93	231.56	151.589149
5.256311	0.4	12.	162.41	228.61	160.550741
4.442463	0.4	12.	153.93	105.03	159.617787
4.974709	0.4	12.	104.39	140.99	152.623053
4.874384	0.4	12.	152.544451	182.51	156.95
6.79304	0.4	12.	179.03	244.389366	156.95
4.472382	0.4	12.	135.037889	234.17	156.95
5.160455	0.4	12.	121.34	238.044948	156.95
4.835181	0.4	12.	98.046454	227.3	156.95
4.921252	0.4	12.	86.739208	194.61	156.95
5.692307	0.4	12.	142.53	150.34643	157.86
4.635773	0.4	12.	141.55	138.7	157.467614
5.400118	0.4	12.	160.78	141.700274	157.86
4.985941	0.4	12.	167.95	149.49	159.850284
5.587921	0.4	12.	159.15	171.4	161.11286
7.381533	0.4	12.	169.9	200.154681	157.86
4.509731	0.4	12.	148.72	201.48	154.760765
4.92837	0.4	12.	135.336847	106.66	157.86
4.662799	0.4	12.	128.51	114.84	161.661536
5.331723	0.4	12.	121.34	88.771097	157.86
5.409825	0.4	12.	98.52	179.635099	157.86
4.489919	0.4	12.	97.676719	189.71	158.7
4.905417	0.4	12.	166.51371	250.84	158.7
4.827671	0.4	12.	155.465386	270.13	158.7
5.832494	0.4	12.	62.35	202.46	160.567164
4.761699	0.4	12.	63.	191.34	162.294388
4.40094	0.4	12.	72.45	208.958816	159.53
4.401866	0.4	12.	81.924185	209.98	159.53
4.42294	0.4	12.	145.78	245.522676	159.53
4.589987	0.4	12.	151.625664	113.86	159.53
4.629091	0.4	12.	141.539495	121.38	159.53
6.098059	0.4	12.	151.98	125.999188	159.53
6.78426	0.4	12.	133.587618	95.22	160.36
4.710238	0.4	12.	122.954363	101.1	160.36
6.133729	0.4	12.	110.718685	100.78	160.36
5.721613	0.4	12.	133.207053	77.89	160.36
4.52375	0.4	12.	88.607313	127.26	160.36
4.677936	0.4	12.	108.3	126.28	158.904143
4.449075	0.4	12.	133.4	136.09	163.739844
4.764532	0.4	12.	123.62	147.256445	160.36
4.70674	0.4	12.	86.14	150.15	158.820973
7.008234	0.4	12.	93.64	160.31037	160.36
4.754892	0.4	12.	75.06	197.23	157.93956
4.674368	0.4	12.	139.27	214.23	161.651724
5.049362	0.4	12.	158.76993	244.63	160.36
5.408154	0.4	12.	160.45	214.55	164.560075
5.277338	0.4	12.	158.17	205.07	159.915386
5.060247	0.4	12.	157.19	191.99	162.298155
5.039446	0.4	12.	37.25	160.084057	161.2
5.071206	0.4	12.	43.12	186.781711	161.2
5.698803	0.4	12.	30.668296	190.69	161.2
6.27313	0.4	12.	48.33	205.73	160.725881
4.419527	0.4	12.	53.834149	186.76	161.2
5.201663	0.4	12.	128.84	194.61	158.150118
4.798063	0.4	12.	131.44	200.5	165.862902
4.731503	0.4	12.	139.59	204.42	159.798333
4.805911	0.4	12.	143.467165	230.9	161.2
6.070342	0.4	12.	127.53	133.47	155.246599
4.653774	0.4	12.	116.12	141.594083	161.2
6.673916	0.4	12.	58.137352	113.53	161.2
4.451909	0.4	12.	80.6	168.894354	161.2
6.027738	0.4	12.	74.41	153.09	162.712793
6.348004	0.4	12.	135.03	181.53	157.161059
5.253535	0.4	12.	135.68	191.01	165.532183
4.653442	0.4	12.	119.71	128.549986	162.03
5.728729	0.4	12.	111.89	133.8	167.511706
5.551458	0.4	12.	129.49	160.532786	162.94
5.126938	0.4	12.	142.665032	166.17	162.94
6.023294	0.4	12.	147.41	157.34	168.7021
4.967537	0.4	12.	167.021823	161.92	162.94
6.103823	0.4	12.	92.964606	98.49	162.94
4.814363	0.4	12.	86.548641	108.3	162.94
4.775298	0.4	12.	76.04	99.14	166.739466
5.078432	0.4	12.	69.52	109.61	163.882582
4.636141	0.4	12.	93.64	86.39	165.219155
5.523217	0.4	12.	60.998187	88.03	162.94
4.889982	0.4	12.	64.63	72.01	160.226419
5.815038	0.4	12.	59.74	144.26	161.986852
4.716378	0.4	12.	106.35	190.36	163.152912
4.453017	0.4	12.	129.49	258.36	168.377119
5.152685	0.4	12.	119.931547	277.33	164.6
5.643431	0.4	12.	101.275773	261.96	164.6
5.778285	0.4	12.	143.83	89.01	167.634266
6.100613	0.4	12.	69.52	162.24	169.583015
4.433895	0.4	12.	100.81	205.73	163.074186
4.8291	0.4	12.	89.72	204.42	163.96648
5.555332	0.4	12.	61.409597	214.88	165.51
5.378194	0.4	12.	90.833237	218.48	165.51
5.28659	0.4	12.	108.51486	226.	165.51
5.185557	0.4	12.	127.21	239.627535	165.51
4.813853	0.4	12.	117.75	251.17	166.770297
4.916914	0.4	12.	149.37	266.175463	165.51
6.031946	0.4	12.	85.420466	140.99	166.35
6.352216	0.4	12.	77.638787	130.86	166.35
5.447204	0.4	12.	66.268	134.78	166.35
4.58521	0.4	12.	74.73	142.185936	166.35
4.397682	0.4	12.	67.56	124.64	164.312167
4.928408	0.4	12.	92.990052	120.07	166.35
4.666795	0.4	12.	81.9	119.74	168.872159
4.96294	0.4	12.	55.18	130.86	166.143963
5.565806	0.4	12.	43.12	130.53	162.601308
5.568254	0.4	12.	47.68	176.858365	168.01
5.284548	0.4	12.	47.241339	164.53	168.01
5.558002	0.4	12.	37.58	169.44	166.340261
5.396442	0.4	12.	141.22	105.159973	168.01
4.760313	0.4	12.	149.37	175.343649	168.01
7.098857	0.4	12.	135.03	173.36	172.991515
4.915368	0.4	12.	102.11	115.061492	168.01
5.019731	0.4	12.	114.82	107.97	168.882068
8.957494	0.4	12.	96.57	104.37	176.39864
5.769186	0.4	12.	106.640976	179.24	168.01
6.441404	0.4	12.	94.053225	171.72	168.01
5.155376	0.4	12.	152.379435	225.02	168.01
4.498872	0.4	12.	143.80238	220.11	168.01
5.248287	0.4	12.	152.3	209.32	171.46659
4.707357	0.4	12.	113.52	234.28135	168.01
5.043657	0.4	12.	100.15	238.75	168.147139
7.061016	0.4	12.	87.77	246.803996	168.01
4.81978	0.4	12.	116.78	209.034819	168.01
4.73915	0.4	12.	124.309282	185.78	168.01
4.882032	0.4	12.	98.2	197.035696	168.01
8.284476	0.4	12.	86.79	157.67	174.957748
4.379782	0.4	12.	126.88	122.03	167.56632
6.549964	0.4	12.	170.23	260.943494	169.
5.091774	0.4	12.	154.26	255.1	173.137909
4.929272	0.4	12.	131.322075	267.85	169.
5.155793	0.4	12.	84.51	184.8	167.658248
6.444753	0.4	12.	113.19	162.24	167.228674
5.956618	0.4	12.	120.205199	173.36	170.74
5.882771	0.4	12.	115.8	156.041503	178.77
5.817474	0.4	12.	100.345803	142.63	178.77
5.188851	0.4	12.	97.87	130.988459	178.77
4.540818	0.4	12.	119.38	131.84	182.100546
4.452129	0.4	12.	129.16	130.696396	180.82
5.036233	0.4	12.	127.846109	144.91	180.82
5.282328	0.4	12.	131.936196	159.95	180.82
5.149195	0.4	12.	104.07	191.786646	180.82
5.764444	0.4	12.	93.645159	184.15	180.82
5.079701	0.4	12.	85.16	193.3	175.747883
4.781481	0.4	12.	90.38	208.02	179.257844
6.642329	0.4	12.	80.27	217.877158	180.82
4.71759	0.4	12.	66.91	214.88	182.363637
6.482793	0.4	12.	75.71	194.94	183.736482
4.471965	0.4	12.	97.22	214.404144	180.82
4.947643	0.4	12.	96.9	224.321679	180.82
4.722459	0.4	12.	95.92	239.083888	180.82
7.370663	0.4	12.	113.612141	225.02	180.82
5.043609	0.4	12.	128.18	192.98	178.066578
4.406629	0.4	12.	128.84	213.57	183.555508
5.149125	0.4	12.	119.079315	241.04	180.82
5.195693	0.4	12.	130.14	240.06	183.700726
4.550576	0.4	12.	145.46	244.96	183.297086
5.268168	0.4	12.	155.56	233.972717	180.82
4.917125	0.4	12.	157.52	244.404933	180.82
5.457453	0.4	12.	139.27	257.298215	176.35
5.417095	0.4	12.	134.18057	247.58	176.35
4.451128	0.4	12.	135.68	235.81	173.797898
5.415965	0.4	12.	141.22	227.567464	176.35
5.724145	0.4	12.	126.23	230.379026	176.35
4.404001	0.4	12.	135.03	215.718997	176.35
4.888006	0.4	12.	140.24	206.202068	176.35
6.104913	0.4	12.	149.282075	185.13	176.35
4.971259	0.4	12.	139.09323	191.67	175.36
4.850438	0.4	12.	122.893108	215.53	175.36
4.879598	0.4	12.	107.98	239.81151	175.36
5.293448	0.4	12.	102.108441	251.17	175.36
9.685595	0.4	12.	117.881102	266.54	175.36
4.843789	0.4	12.	118.41	195.886528	175.36
5.539102	0.4	12.	114.941529	185.46	175.36
5.586575	0.4	12.	108.95	210.63197	175.36
6.499014	0.4	12.	71.8	179.9	180.947043
5.634749	0.4	12.	63.65	173.69	172.038097
6.51574	0.4	12.	56.48	163.580995	175.36
5.842563	0.4	12.	49.31	151.45	172.028611
4.446773	0.4	12.	61.37	200.382318	175.36
8.545546	0.4	12.	48.01	195.654466	175.36
5.714816	0.4	12.	46.7	136.371302	175.36
6.589082	0.4	12.	50.94	124.463698	175.36
6.533683	0.4	12.	53.194758	107.64	175.36
5.366275	0.4	12.	62.822296	98.49	175.36
5.762717	0.4	12.	74.08	88.03	176.362101
4.640669	0.4	12.	77.362977	77.56	175.36
4.656308	0.4	12.	85.088535	92.93	175.36
5.692213	0.4	12.	87.44	72.30802	175.36
5.136678	0.4	12.	98.435167	89.01	175.36
4.740809	0.4	12.	110.58	93.101788	175.36
9.482025	0.4	12.	121.01	82.14	174.267033
4.412028	0.4	12.	107.97488	76.26	174.53
5.480916	0.4	12.	97.55	77.24	178.779399
5.088886	0.4	12.	132.189274	97.51	174.53
7.087305	0.4	12.	149.37	100.45	180.297791
5.698069	0.4	12.	128.51	107.887417	174.53
4.650228	0.4	12.	146.11	136.075392	174.53
6.91242	0.4	12.	138.94	146.88	170.009584
5.398366	0.4	12.	151.98	148.021052	174.53
5.917766	0.4	12.	155.24	169.00897	174.53
6.276986	0.4	12.	162.790654	183.49	174.53
4.536649	0.4	12.	148.07	200.955155	174.53
5.319382	0.4	12.	163.168091	226.32	174.53
6.639197	0.4	12.	171.227928	238.09	174.53
4.705372	0.4	12.	174.438532	251.83	174.53
4.841502	0.4	12.	82.88	231.00421	172.71
6.168676	0.4	12.	70.989034	224.69	171.65
5.604164	0.4	12.	160.78	133.8	172.620452
6.101175	0.4	12.	158.5	119.115328	168.47
8.61444	0.4	12.	25.825081	130.53	165.29
5.489897	0.4	12.	36.101139	118.11	165.29
4.613139	0.4	12.	41.924055	103.39	165.29
7.070848	0.4	12.	48.98	93.26	164.275936
5.138597	0.4	12.	113.950862	61.87	160.59
4.47936	0.4	12.	96.543326	63.18	160.59
5.339541	0.4	12.	52.89	78.22	160.792938
6.207678	0.4	12.	89.094129	53.37	160.59
7.946011	0.4	12.	72.78	61.22	159.829206
4.607681	0.4	12.	131.096415	62.85	160.59
8.748367	0.4	12.	151.705616	77.89	160.59
5.198924	0.4	12.	169.227022	111.57	160.59
4.42979	0.4	12.	173.81	124.32	158.60314
5.135282	0.4	12.	177.07	143.335816	160.59
7.495941	0.4	12.	193.202968	140.99	160.59
4.986204	0.4	12.	181.97891	128.57	160.59
4.469332	0.4	12.	166.32	131.18	158.024211
7.813899	0.4	12.	178.7	171.621247	160.59
6.12028	0.4	12.	168.6	182.768435	160.59
6.273887	0.4	12.	181.64	189.71	163.072478
8.340685	0.4	12.	182.29	206.38	168.315136
4.614633	0.4	12.	184.57	214.55	156.235038
5.564827	0.4	12.	122.694441	227.3	160.59
5.338488	0.4	12.	138.94	258.69	162.317864
4.773187	0.4	12.	145.78	275.115447	160.59
4.785712	0.4	12.	135.374845	275.37	160.59
4.62837	0.4	12.	63.32	237.45398	160.59
5.147996	0.4	12.	58.44	228.94	162.423265
4.397942	0.4	12.	27.15	174.34	160.554198
4.445381	0.4	12.	25.52	166.49	164.636218
4.479614	0.4	12.	24.86	155.05	158.901456
5.34971	0.4	12.	13.798003	162.57	160.59
6.177765	0.4	12.	60.06	174.34	155.486884
5.418804	0.4	12.	63.448361	160.94	158.92
4.820881	0.4	12.	48.33	144.736177	158.92
5.049712	0.4	12.	53.22	157.552506	158.92
5.323589	0.4	12.	93.31	72.895294	158.92
4.976448	0.4	12.	79.95	73.509665	158.92
6.008215	0.4	12.	70.82	83.345306	158.92
4.60194	0.4	12.	192.72	191.431618	157.03
4.375994	0.4	12.	190.188815	180.22	157.03
6.451856	0.4	12.	188.274364	232.86	157.03
5.98003	0.4	12.	106.67	211.663507	155.21
6.841759	0.4	12.	113.767483	195.26	155.21
4.850597	0.4	12.	72.883283	226.65	154.38
4.588736	0.4	12.	49.96	116.8	147.927095
4.537665	0.4	12.	49.31	108.62	154.999682
4.807259	0.4	12.	185.55	147.346179	151.58
5.820545	0.4	12.	177.07	112.87	149.286698
5.634433	0.4	12.	167.95	100.45	155.293748
4.818966	0.4	12.	185.55	196.25	152.754406
4.641811	0.4	12.	193.04	223.358195	150.67
4.477122	0.4	12.	93.96	256.73	146.863153
6.51455	0.4	12.	141.990901	283.54	148.09
5.677589	0.4	12.	130.47	284.52	152.976364
7.232186	0.4	12.	153.93	293.761994	148.09
7.031339	0.4	12.	131.44	289.75	140.811143
6.486678	0.4	12.	173.81	279.060954	147.26
4.385427	0.4	12.	187.5	261.07825	147.26
4.38524	0.4	12.	183.59	273.08	151.212756
5.053625	0.4	12.	197.61	257.38	143.419822
4.766493	0.4	12.	141.87	174.01	147.506435
4.940566	0.4	12.	130.998742	168.45	147.26
5.778848	0.4	12.	59.41	149.17	140.815705
5.937142	0.4	12.	141.55	68.41	150.636917
4.664353	0.4	12.	142.53	56.31	146.202903
6.357161	0.4	12.	124.6	54.35	148.323398
5.328651	0.4	12.	123.3	38.149161	145.36
5.020683	0.4	12.	27.8	153.42	149.670453
5.395474	0.4	12.	22.26	165.471024	145.36
5.022107	0.4	12.	177.244248	129.88	144.53
6.663829	0.4	12.	177.73	142.95	140.017209
4.914404	0.4	12.	164.037272	182.51	144.53
5.861213	0.4	12.	175.44	187.334677	144.53
6.647615	0.4	12.	187.18	210.3	139.017919
4.659045	0.4	12.	191.09	241.36	146.263497
5.783523	0.4	12.	209.730527	252.48	144.53
7.633312	0.4	12.	104.72	118.640356	144.53
4.820003	0.4	12.	97.577392	158.32	144.53
4.503403	0.4	12.	70.503186	153.09	144.53
5.72245	0.4	12.	36.6	119.74	140.659908
6.160258	0.4	12.	51.964454	161.59	141.58
6.486586	0.4	12.	140.9	244.31	143.59546
6.099051	0.4	12.	138.461486	271.12	141.58
7.056759	0.4	12.	210.97	202.142479	140.74
5.402613	0.4	12.	206.02594	234.5	140.74
4.87845	0.4	12.	83.077177	215.21	133.62
4.643456	0.4	12.	78.32	194.448912	133.62
4.881017	0.4	12.	57.708538	149.49	126.65
5.019966	0.4	12.	70.695042	155.38	126.65
7.642187	0.4	12.	94.94	161.59	132.117669
4.479468	0.4	12.	144.455208	176.3	126.65
4.966907	0.4	12.	170.23	180.22	128.36973
7.504868	0.4	12.	121.67	214.048732	126.65
8.869564	0.4	12.	220.210408	153.09	120.82
4.993548	0.4	12.	224.99	166.729055	120.82
6.565424	0.4	12.	223.03	226.32	116.283656
5.36402	0.4	12.	213.58	235.15	124.104055
5.398679	0.4	12.	89.4	90.32	117.87136
6.443677	0.4	12.	96.24	79.53	123.212046
5.006789	0.4	12.	77.01	57.916816	119.15
5.604674	0.4	12.	93.31	60.56	121.090016
10.242603	0.4	12.	63.686968	47.16	119.15
9.577238	0.4	12.	71.8	131.828128	118.32
5.556981	0.4	12.	47.35	145.361526	118.32
5.315504	0.4	12.	110.26	212.27	117.471672
4.931912	0.4	12.	117.671571	204.09	117.49
5.613444	0.4	12.	129.81	197.55	112.077443
5.157286	0.4	12.	134.38	237.77	122.33713
7.93361	0.4	12.	140.57	247.9	109.878231
5.667017	0.4	12.	175.44	271.77	120.531175
6.948258	0.4	12.	157.19	294.98	119.115181
5.315325	0.4	12.	72.12	235.385373	117.49
5.831484	0.4	12.	72.78	224.04	114.763189
7.994555	0.4	12.	153.28	135.76	119.973724
6.584971	0.4	12.	162.209299	125.63	112.26
5.84167	0.4	12.	165.34	114.18	108.135968
5.342925	0.4	12.	167.95	191.01	104.223159
4.496807	0.4	12.	166.406046	177.94	109.38
4.626023	0.4	12.	136.66	172.71	108.535325
5.567003	0.4	12.	125.25	46.507153	105.22
5.210768	0.4	12.	17.37	157.966749	101.66
6.429623	0.4	12.	16.737157	179.24	101.66
4.431893	0.4	12.	37.026767	177.28	101.66
4.540938	0.4	12.	207.628237	243.33	97.87
4.937893	0.4	12.	213.25	234.82	101.711295
5.677346	0.4	12.	225.31	222.73	97.277659
5.590939	0.4	12.	219.703793	207.69	96.58
6.521753	0.4	12.	93.793195	80.18	93.02
4.4307	0.4	12.	97.87	99.228234	93.02
5.129959	0.4	12.	203.142544	246.59	79.99
5.355006	0.4	12.	208.146278	235.15	80.83
7.306441	0.4	12.	222.05	226.32	77.824664
4.909989	0.4	12.	87.44	175.721691	75.52
6.401822	0.4	12.	90.768477	186.76	75.52
4.991608	0.4	12.	100.48	206.874572	75.52
4.552145	0.4	12.	113.815624	210.3	75.52
6.351729	0.4	12.	189.13	218.643765	75.52
4.375675	0.4	12.	171.696209	201.15	75.52
6.439613	0.4	12.	159.8	180.871886	75.52
6.959198	0.4	12.	142.53	186.148863	75.52
5.099836	0.4	12.	153.535391	191.34	75.52
4.645165	0.4	12.	130.095232	191.67	75.52
5.801412	0.4	12.	101.46	99.8	72.093914
4.985589	0.4	12.	176.75	265.468564	72.8
6.734591	0.4	12.	198.59	277.98	72.682815
5.512547	0.4	12.	202.82	253.785044	71.89
5.169787	0.4	12.	222.80939	156.68	71.89
5.008349	0.4	12.	219.77	147.53	67.639855
5.426436	0.4	12.	52.57	164.79422	67.95
4.598376	0.4	12.	70.49	144.407999	67.95
4.939084	0.4	12.	121.34	64.16	65.192286
5.437957	0.4	12.	117.575376	76.91	66.81
5.781924	0.4	12.	165.843344	80.83	66.81
8.575644	0.4	12.	167.62	66.076882	66.81
8.381142	0.4	12.	90.05	59.26	59.514163
6.299732	0.4	12.	89.4	46.5	67.803205
4.726536	0.4	12.	68.807217	74.62	66.81
8.419972	0.4	12.	54.2	78.567966	66.81
8.809918	0.4	12.	118.275102	211.94	55.68
6.009967	0.4	12.	105.7	59.26	51.948748
4.67795	0.4	12.	108.63	42.58	50.864059
5.461834	0.4	12.	91.606577	74.62	52.49
8.172616	0.4	12.	140.57	55.578881	52.49
4.374884	0.4	12.	70.82	60.24	55.156593
6.491144	0.4	12.	61.37	209.98	56.460804
5.291243	0.4	12.	55.18	221.09	50.445108
9.233609	0.4	12.	31.38	134.78	39.72113
8.92133	0.4	12.	54.295325	80.83	47.42
6.999116	0.4	12.	43.77	117.661753	41.97
4.773586	0.4	12.	79.95	93.708688	36.13
5.108624	0.4	12.	77.792002	73.31	36.13
6.273871	0.4	12.	101.13	70.49832	36.13
6.080506	0.4	12.	86.47	80.18	30.161396
5.97352	0.4	12.	115.8	69.664735	36.13
4.400056	0.4	12.	89.242991	69.06	36.13
7.824802	0.4	12.	53.55	165.19	34.358963
7.853874	0.4	12.	61.69	207.731485	35.15
8.112378	0.4	12.	63.32	225.02	38.368001
6.973029	0.4	12.	184.24	260.335635	22.95
5.445646	0.4	12.	188.48	272.142221	22.95
6.532796	0.4	12.	197.93	260.33	16.616956
4.874644	0.4	12.	101.78	113.423725	22.95
5.595205	0.4	12.	96.57	98.758977	22.95
6.72555	0.4	12.	111.342232	94.24	22.95
9.609913	0.4	12.	141.53366	99.8	22.95
6.001518	0.4	12.	136.291322	117.45	22.95
5.12754	0.4	12.	147.09	127.26	26.75762
6.73881	0.4	12.	140.24	173.03	26.492173
6.846588	0.4	12.	133.07	191.34	17.588383
7.265952	0.4	12.	163.06	201.900064	22.95
6.541712	0.4	12.	188.16	212.59	26.959946
7.191689	0.4	12.	97.22	260.98	18.639391
5.008469	0.4	12.	109.650482	268.83	22.12
5.263896	0.4	12.	59.41	193.765151	21.21
6.988028	0.4	12.	59.74	180.88	17.008853
5.811608	0.4	12.	57.81667	144.26	20.3
4.555856	0.4	12.	72.204047	111.89	20.3
5.5677	0.4	12.	141.74699	172.05	6.67
4.57378	0.4	12.	141.555186	190.69	6.67
6.937166	0.4	12.	151.131082	198.86	6.67
8.46486	0.4	12.	134.38	210.851923	6.67
6.679285	0.4	12.	121.99	224.453496	6.67
5.009575	0.4	12.	100.48	200.493043	6.67
7.321347	0.4	12.	94.61	191.34	0.682256
4.570543	0.4	12.	89.4	178.59	4.691546
5.110352	0.4	12.	109.28	154.705947	6.67
4.519765	0.4	12.	82.518013	150.15	6.67
8.663972	0.4	12.	109.93	132.025094	6.67
4.74522	0.4	12.	99.83	115.390996	6.67
4.401021	0.4	12.	97.55	227.3	3.590415
10.492169	0.4	12.	112.54	262.086632	5.76
6.210961	0.4	12.	129.16	256.053561	4.24
4.779658	0.4	12.	179.36	275.358018	4.24
5.065143	0.4	12.	180.643855	264.58	4.24
8.685515	0.4	12.	193.7	270.985373	4.24
9.840901	0.4	12.	207.06	255.42	-4.091001
7.880829	0.4	12.	191.09	253.614444	3.41
7.848651	0.4	12.	213.9	221.256834	3.41
5.15606	0.4	12.	189.79	202.46	1.727911
7.884435	0.4	12.	171.757474	199.19	2.58
5.318239	0.4	12.	182.29	226.65	1.157311
7.921261	0.4	12.	159.47	227.768817	2.58
8.027376	0.4	12.	149.047287	159.95	1.44
6.846466	0.4	12.	137.96	150.026756	0.61
5.179561	0.4	12.	133.73	136.241547	0.61
6.447749	0.4	12.	141.87	101.696634	0.61
5.134459	0.4	12.	122.97	110.254611	0.61
5.386238	1.	11.	104.3	166.09	2.559146
4.920807	1.	11.	100.980295	177.53	11.44
4.854852	1.	11.	138.85	126.53	3.299739
4.9903	1.	11.	130.05	130.12	8.213438
5.90828	1.	11.	105.07763	215.13	12.73
7.581939	1.	11.	240.952459	252.73	23.18
6.211085	1.	11.	168.18	92.884137	10.3
5.439401	1.	11.	125.112084	77.16	36.59
5.120264	1.	11.	57.36	198.78	47.275404
7.343839	1.	11.	89.96	72.58	72.647599
6.227553	1.	11.	26.73	109.85	91.86223
4.751027	1.	11.	59.32	67.823682	113.32
5.32139	1.	11.	70.26014	71.6	116.73
5.64871	1.	11.	51.5	58.2	115.682874
5.948251	1.	11.	51.5	70.62	121.888371
8.494214	1.	11.	76.27	47.181547	139.
5.017816	1.	11.	106.02	70.37	153.159324
4.679749	1.	11.	114.5	73.319458	157.03
4.5946	1.	11.	156.814378	152.11	162.33