5.091136	0.4	12.	127.53	154.567056	37.57
4.655262	0.4	12.	117.75	171.94	33.221292
4.577563	0.4	12.	119.06	183.06	34.275827
4.614405	0.4	12.	138.94	183.71	41.858287
4.422213	0.4	12.	136.66	175.21	33.464835
4.892179	0.4	12.	164.274588	139.9	37.57
4.654552	0.4	12.	175.77	140.88	34.308977
5.33925	0.4	12.	171.53	132.38	40.7462
4.540975	0.4	12.	192.39	120.94	37.550168
6.535313	0.4	12.	184.614237	93.81	34.31
5.790002	0.4	12.	163.39	118.934341	34.31
5.915389	0.4	12.	156.21	108.52	35.367153
5.117036	0.4	12.	152.63	129.12	36.627636
5.016543	0.4	12.	131.77	142.378739	34.31
5.611221	0.4	12.	131.12	132.71	28.708989
4.949378	0.4	12.	118.08	138.398476	34.31
4.514742	0.4	12.	181.069527	155.27	30.91
7.31838	0.4	12.	191.41	144.81	24.447007
5.037281	0.4	12.	198.59	156.112874	30.91
10.018955	0.4	12.	188.16	165.73	23.605888
5.119273	0.4	12.	145.46	152.33	31.463245
4.961274	0.4	12.	212.25739	110.48	34.62
5.001355	0.4	12.	225.64	113.75	34.661997
6.221918	0.4	12.	194.875491	110.81	34.62
5.182495	0.4	12.	177.07	120.94	34.053662
7.433338	0.4	12.	199.89	93.15	27.331405
5.434785	0.4	12.	171.53	90.86	34.809918
6.460488	0.4	12.	167.718523	103.61	34.62
4.703232	0.4	12.	173.22261	74.19	34.62
8.535125	0.4	12.	219.12	145.79	30.680607
5.448775	0.4	12.	189.79	173.91	38.977738
5.101887	0.4	12.	137.31	157.89	36.663835
7.874229	0.4	12.	102.76	155.92	26.74753
4.381283	0.4	12.	217.82	77.343089	38.94
5.497193	0.4	12.	239.494716	94.46	38.94
4.57594	0.4	12.	245.684869	123.56	38.94
5.596521	0.4	12.	236.07	133.726921	38.94
5.228128	0.4	12.	227.92	166.686039	38.94
5.122088	0.4	12.	214.857407	164.75	38.94
4.527738	0.4	12.	142.2	78.013558	38.94
6.983538	0.4	12.	160.45	69.905242	38.94
4.92188	0.4	12.	175.12	82.04	40.656963
5.519525	0.4	12.	220.42	90.235172	38.94
4.910971	0.4	12.	253.99	106.402296	38.94
5.652655	0.4	12.	255.95	130.5971	38.94
5.030954	0.4	12.	245.85	139.085901	38.94
5.482105	0.4	12.	244.22	149.71	35.630454
4.468977	0.4	12.	221.4	135.874206	38.94
4.608314	0.4	12.	212.27	135.788189	38.94
4.925302	0.4	12.	208.04	126.17	35.866892
6.404928	0.4	12.	128.18	77.770529	38.94
5.83777	0.4	12.	124.6	94.13	42.490718
5.314607	0.4	12.	130.14	126.5	38.558338
4.411277	0.4	12.	108.95	126.83	38.797874
5.575487	0.4	12.	108.374187	139.9	38.94
5.743326	0.4	12.	99.926833	148.4	38.94
6.8868	0.4	12.	86.47	146.717687	38.94
4.716503	0.4	12.	111.24	96.75	39.624532
5.546766	0.4	12.	111.56	108.557205	40.22
4.477691	0.4	12.	99.83	126.17	36.872005
5.98532	0.4	12.	90.7	131.759229	40.22
6.444008	0.4	12.	89.913655	107.86	40.22
4.683171	0.4	12.	107.65	117.35	44.581865
6.901179	0.4	12.	243.24	170.96	42.307252
8.347471	0.4	12.	210.64	197.45	32.479303
5.17913	0.4	12.	239.	187.64	45.185919
9.247044	0.4	12.	231.83	194.83	32.358849
5.866337	0.4	12.	228.582029	180.77	40.22
6.102504	0.4	12.	238.67	208.884849	40.22
4.789021	0.4	12.	221.4	153.31	43.962593
4.86097	0.4	12.	187.947243	73.86	40.22
4.405712	0.4	12.	136.98	117.35	37.386549
6.425538	0.4	12.	149.37	211.83	46.373613
5.101527	0.4	12.	146.11	199.496996	42.04
4.515521	0.4	12.	167.62	209.87	38.92739
4.894184	0.4	12.	165.99	219.02	42.826506
6.16678	0.4	12.	152.805751	227.85	42.04
5.207214	0.4	12.	163.817541	231.78	42.04
4.65157	0.4	12.	165.67	243.951547	42.04
5.347521	0.4	12.	187.52783	220.99	42.04
5.243522	0.4	12.	197.106308	211.5	42.04
5.353985	0.4	12.	198.26	226.462107	42.04
5.225777	0.4	12.	217.49	206.6	41.182873
4.632604	0.4	12.	200.54	198.403035	42.04
4.40326	0.4	12.	190.551277	204.31	42.04
4.571508	0.4	12.	190.44	195.48	43.801447
6.786464	0.4	12.	178.05	197.77	37.209554
5.820781	0.4	12.	183.189345	105.25	42.04
6.687282	0.4	12.	134.7	213.028895	42.04
4.994337	0.4	12.	132.946728	197.77	42.04
4.775125	0.4	12.	113.19	193.85	41.930417
5.117519	0.4	12.	121.979252	207.91	42.04
8.457693	0.4	12.	119.71	224.906129	42.04
4.568701	0.4	12.	133.398439	228.83	42.04
5.646498	0.4	12.	102.44	217.468233	42.95
4.974002	0.4	12.	102.511161	202.68	42.95
4.740307	0.4	12.	92.33	189.399066	42.95
4.685625	0.4	12.	91.68	205.843262	43.94
5.008644	0.4	12.	158.045915	86.29	37.19
4.895498	0.4	12.	149.7	98.06	33.338208
5.178557	0.4	12.	148.07	86.61	40.6832
4.815344	0.4	12.	138.844182	97.07	37.19
5.164461	0.4	12.	143.657949	106.23	37.19
4.899914	0.4	12.	125.58	106.56	39.0635
4.880086	0.4	12.	118.73	117.35	37.373623
4.829166	0.4	12.	117.75	130.1	40.98563
5.078044	0.4	12.	193.04	133.04	36.153387
6.434029	0.4	12.	153.776388	192.22	37.19
7.00197	0.4	12.	173.470538	184.7	37.19
5.163085	0.4	12.	167.3	167.04	33.244492
5.795046	0.4	12.	150.35	171.690453	37.19
6.412611	0.4	12.	156.87	159.52	38.463712
5.342046	0.4	12.	159.918031	180.45	39.47
4.824381	0.4	12.	199.146239	183.71	39.47
5.840768	0.4	12.	213.58	178.055139	39.47
5.585368	0.4	12.	201.19	169.068039	39.47
4.843472	0.4	12.	244.87	113.42	39.37297
6.731475	0.4	12.	234.76	106.56	37.631929
4.430121	0.4	12.	143.5	140.56	35.04779
5.536858	0.4	12.	97.22	178.81	41.895685
6.335457	0.4	12.	90.05	167.69	38.805019
5.373384	0.4	12.	115.8	153.348343	39.47
5.234959	0.4	12.	105.028079	169.	39.47
4.964763	0.4	12.	176.75	227.85	42.397366
4.477844	0.4	12.	174.648237	217.72	39.47
4.573931	0.4	12.	181.31	209.87	39.53683
5.863009	0.4	12.	201.52	75.236678	40.3
4.483501	0.4	12.	224.01	125.85	40.557412
4.630447	0.4	12.	238.67	159.674829	40.3
5.985012	0.4	12.	202.287104	148.73	40.3
5.120874	0.4	12.	207.39	211.18	35.608707
5.619914	0.4	12.	205.023836	104.27	41.28
4.442304	0.4	12.	184.566855	185.02	43.33
6.098118	0.4	12.	148.454374	118.98	43.33
6.26653	0.4	12.	139.92	128.335201	46.74
6.398058	0.4	12.	175.12	154.62	42.412919
5.271398	0.4	12.	196.3	157.341328	46.74
4.635143	0.4	12.	192.749815	147.42	46.74
4.537993	0.4	12.	180.01	170.64	54.348326
4.494572	0.4	12.	164.762622	109.17	51.06
6.207882	0.4	12.	151.33	104.1719	51.06
5.694036	0.4	12.	182.822014	93.48	51.06
6.108071	0.4	12.	198.59	94.13	47.331814
6.149848	0.4	12.	174.79	71.9	51.997868
9.382026	0.4	12.	172.84	57.51	45.523339
7.784689	0.4	12.	136.66	61.998664	50.15
5.882117	0.4	12.	106.67	96.353508	50.15
6.174323	0.4	12.	110.91	71.57	53.131238
5.150446	0.4	12.	101.46	72.55	45.52348
6.147276	0.4	12.	109.265335	84.	50.15
6.601899	0.4	12.	123.95	69.352567	50.15
4.634559	0.4	12.	163.228202	119.96	49.39
5.083706	0.4	12.	152.96	129.77	52.575976
5.405547	0.4	12.	119.38	137.262922	49.39
4.853988	0.4	12.	190.76	118.28461	49.39
4.971521	0.4	12.	200.875194	126.17	49.39
4.478015	0.4	12.	247.8	159.817818	49.39
4.437501	0.4	12.	249.1	148.73	47.367497
6.201698	0.4	12.	261.16	111.132232	49.39
4.88655	0.4	12.	130.47	146.214627	49.39
4.729803	0.4	12.	129.16	133.69	46.671865
5.110568	0.4	12.	85.931188	140.23	49.39
4.765611	0.4	12.	103.09	106.529822	49.39
5.013382	0.4	12.	142.85	153.96	47.197721
6.082459	0.4	12.	206.52522	111.79	50.22
4.508772	0.4	12.	218.14	109.400487	50.22
4.727034	0.4	12.	227.92	113.42	47.898166
5.053534	0.4	12.	169.9	100.34	50.308755
4.686777	0.4	12.	177.07	116.36	47.76882
4.471325	0.4	12.	181.100077	126.5	50.22
4.768726	0.4	12.	100.15	157.56	49.832301
6.56596	0.4	12.	86.056877	116.04	52.57
5.533559	0.4	12.	143.5	94.13	51.185327
4.730903	0.4	12.	127.86	109.604153	52.57
4.69975	0.4	12.	159.911132	95.44	52.57
4.708081	0.4	12.	187.457713	60.78	52.57
4.483791	0.4	12.	252.04	181.75	49.095069
4.391607	0.4	12.	158.17	166.71	50.590761
5.093954	0.4	12.	174.79	146.67571	54.54
5.098702	0.4	12.	164.69	139.573455	54.54
4.839537	0.4	12.	136.98	176.85	49.343861
5.925508	0.4	12.	129.49	160.83	56.207892
5.374458	0.4	12.	117.75	174.89	50.730785
9.835533	0.4	12.	153.93	53.906704	52.8
5.089353	0.4	12.	239.248119	118.33	54.54
4.823311	0.4	12.	245.85	125.52	59.318985
6.106912	0.4	12.	249.1	108.52	53.048307
7.137189	0.4	12.	232.560379	97.4	54.54
6.482994	0.4	12.	218.14	166.06	51.066512
4.486869	0.4	12.	234.76	136.49191	54.54
5.453835	0.4	12.	218.79	139.635766	54.54
4.867584	0.4	12.	209.02	124.21	54.7871
5.054849	0.4	12.	150.80249	183.06	54.54
5.177435	0.4	12.	150.67	194.5	55.720923
4.658117	0.4	12.	167.220172	185.68	54.54
6.221718	0.4	12.	202.82	170.31	52.154495
5.245581	0.4	12.	223.724841	215.43	54.54
4.598859	0.4	12.	200.639581	216.41	54.54
4.640261	0.4	12.	200.54	229.49	56.243756
4.729714	0.4	12.	178.487766	225.56	54.54
4.940857	0.4	12.	124.93	186.	54.861464
5.088159	0.4	12.	106.67	140.789409	54.54
5.57388	0.4	12.	93.31	146.77	53.51253
5.456046	0.4	12.	77.01	144.552677	54.54
6.328728	0.4	12.	71.524977	156.58	54.54
4.968923	0.4	12.	122.64	98.71	58.775657
5.668018	0.4	12.	125.629312	82.36	54.09
5.061187	0.4	12.	141.261892	75.5	54.09
7.205465	0.4	12.	159.47	72.017139	54.09
4.827402	0.4	12.	215.21	79.539372	54.09
6.079412	0.4	12.	210.97	91.84	48.112656
7.279942	0.4	12.	231.18	77.74155	54.99
4.631751	0.4	12.	220.201929	95.77	54.99
4.671483	0.4	12.	175.44	85.63	52.464762
5.195597	0.4	12.	157.19	85.3	52.440568
4.726035	0.4	12.	117.43	127.108995	54.99
5.71375	0.4	12.	135.956283	102.63	54.99
4.954738	0.4	12.	144.48	140.23	53.469744
4.494826	0.4	12.	150.02	148.08	55.066216
5.791314	0.4	12.	201.52	136.96	60.061013
5.075363	0.4	12.	107.	152.65	59.214567
4.581409	0.4	12.	95.070118	175.21	54.99
5.051748	0.4	12.	106.67	171.274521	54.99
6.203699	0.4	12.	141.145975	167.37	54.99
4.540684	0.4	12.	162.504572	155.27	54.99
4.591426	0.4	12.	168.6	171.29	55.954565
4.589612	0.4	12.	225.64	162.14	58.365886
4.723945	0.4	12.	255.95	135.274507	54.99
5.889032	0.4	12.	261.149821	123.56	54.99
4.417913	0.4	12.	245.999799	134.67	54.99
4.495747	0.4	12.	221.07	181.75	57.707659
4.636435	0.4	12.	210.97	182.73	56.829005
4.967107	0.4	12.	198.26	185.02	59.558696
4.668485	0.4	12.	189.79	169.496448	54.99
4.683604	0.4	12.	185.55	160.5	53.063545
4.685607	0.4	12.	162.511127	195.48	54.62
5.58533	0.4	12.	157.84	204.31	58.763635
5.664114	0.4	12.	185.55	136.750223	54.62
5.621512	0.4	12.	113.19	159.85	53.900212
5.643042	0.4	12.	84.730779	167.69	54.62
6.247102	0.4	12.	81.25	179.14	56.881367
5.548022	0.4	12.	240.96	198.130589	54.62
8.978472	0.4	12.	262.727123	159.19	54.62
5.304337	0.4	12.	187.83	232.1	53.833522
4.655248	0.4	12.	248.45	190.996712	54.62
4.996761	0.4	12.	211.95	222.62	59.041278
4.895053	0.4	12.	129.81	92.5	53.121386
4.608349	0.4	12.	221.991721	149.39	55.52
4.719271	0.4	12.	242.59	143.824345	55.52
4.486012	0.4	12.	234.11	145.79	51.749825
7.256307	0.4	12.	91.35	101.464802	55.52
4.413864	0.4	12.	109.28	109.73304	55.52
4.884858	0.4	12.	109.61	119.63	57.720241
4.653034	0.4	12.	107.65	129.110184	55.52
4.529445	0.4	12.	94.61	123.828187	55.52
5.32377	0.4	12.	209.34	193.85	50.494127
4.725186	0.4	12.	215.86	200.72	57.516341
4.397584	0.4	12.	235.42	189.196316	55.52
4.483612	0.4	12.	227.92	185.35	51.682074
6.850265	0.4	12.	247.017247	172.93	55.52
4.399876	0.4	12.	234.11	166.06	55.94702
4.929446	0.4	12.	235.74	213.323643	55.52
5.589931	0.4	12.	187.83	71.483752	55.52
4.396044	0.4	12.	126.554521	124.54	55.52
5.727191	0.4	12.	137.451254	119.96	55.52
6.667436	0.4	12.	205.1	148.4	54.124746
5.946756	0.4	12.	222.05	123.88	55.612845
4.5291	0.4	12.	226.62	132.38	50.995001
5.793681	0.4	12.	181.31	204.64	60.419682
5.20263	0.4	12.	181.64	212.81	51.096733
4.528199	0.4	12.	91.03	131.73	52.818493
4.480716	0.4	12.	194.185569	112.11	55.52
6.288761	0.4	12.	211.477151	211.18	55.52
5.097433	0.4	12.	204.78	73.792172	56.51
6.055625	0.4	12.	194.02	83.02	54.624863
5.390698	0.4	12.	241.93	88.27434	56.51
4.538129	0.4	12.	154.907491	214.12	58.55
5.542513	0.4	12.	142.85	207.232571	58.55
4.853867	0.4	12.	132.42	209.54	56.472409
4.955326	0.4	12.	122.296491	208.56	58.55
4.483167	0.4	12.	116.45	216.688766	58.55
8.523766	0.4	12.	118.08	230.082088	58.55
4.62129	0.4	12.	107.637026	210.85	56.66
5.656554	0.4	12.	92.886884	206.6	56.66
8.200295	0.4	12.	99.5	223.042057	56.66
4.893566	0.4	12.	121.781733	196.79	56.66
4.684741	0.4	12.	112.537308	202.35	56.66
4.863564	0.4	12.	112.21	189.27	53.396418
4.718722	0.4	12.	127.86	219.68	60.903017
5.004	0.4	12.	137.873651	218.04	57.57
5.397879	0.4	12.	134.38	229.49	59.982254
5.332467	0.4	12.	172.19	196.749902	57.57
6.457182	0.4	12.	190.76	219.68	58.959651
6.409377	0.4	12.	196.96	201.04	53.852045
5.288519	0.4	12.	191.41	194.18	62.670787
5.00056	0.4	12.	170.08272	220.01	57.57
4.388297	0.4	12.	159.47	227.2	60.575936
5.207595	0.4	12.	167.95	232.1	62.236703
6.107609	0.4	12.	165.01	242.718982	57.57
4.762265	0.4	12.	176.42	240.6	59.001775
5.916044	0.4	12.	226.62	192.87	59.974138
5.139948	0.4	12.	179.36	109.005584	57.57
4.631931	0.4	12.	188.81	102.963259	57.57
4.61492	0.4	12.	166.32	88.226561	57.57
5.509372	0.4	12.	135.36	88.57	61.805826
6.154752	0.4	12.	89.4	156.91	60.054582
9.195614	0.4	12.	211.62	241.380679	57.57
5.290854	0.4	12.	132.1	199.41	58.114722
5.49984	0.4	12.	148.72	86.61	58.97287
4.860702	0.4	12.	170.56	130.42	62.581952
5.774176	0.4	12.	93.31	187.96	55.780101
5.907376	0.4	12.	83.471319	195.16	58.63
4.666323	0.4	12.	83.86	133.08979	58.63
5.952485	0.4	12.	144.48	111.097577	58.63
4.70474	0.4	12.	200.54	103.969565	58.63
4.596065	0.4	12.	112.87	101.98	60.040201
4.993775	0.4	12.	126.55	60.008152	58.63
4.674725	0.4	12.	121.01	149.71	58.2356
4.793037	0.4	12.	101.735148	200.72	59.46
4.71891	0.4	12.	225.96	106.388705	59.46
4.381895	0.4	12.	255.95	146.12	61.834708
6.113254	0.4	12.	101.13	124.54	64.874268
6.695638	0.4	12.	187.83	149.71	65.546722
6.717206	0.4	12.	196.3	162.936471	62.19
4.627199	0.4	12.	184.9	186.98	60.522863
4.747506	0.4	12.	153.61	162.46	59.460388
4.560192	0.4	12.	112.54	142.075493	62.19
4.996422	0.4	12.	238.299126	177.5	62.19
5.056104	0.4	12.	204.78	201.7	64.656406
5.18431	0.4	12.	223.065808	172.93	62.19
5.290808	0.4	12.	186.081927	118.	65.14
4.595895	0.4	12.	196.96	126.5	69.273588
4.374217	0.4	12.	252.36	113.42	62.296057
9.131462	0.4	12.	271.521141	110.15	65.14
5.319935	0.4	12.	257.58	105.9	65.53297
4.429854	0.4	12.	248.45	101.	67.788621
4.827287	0.4	12.	235.924662	106.88	65.14
5.456995	0.4	12.	157.52	130.1	65.870604
5.851928	0.4	12.	156.21	141.842965	65.14
5.676723	0.4	12.	166.575417	119.31	65.14
4.441598	0.4	12.	129.16	136.401656	65.14
4.511146	0.4	12.	119.71	136.96	68.591395
4.502033	0.4	12.	84.51	143.5	63.43835
4.513063	0.4	12.	130.011077	147.1	65.14
5.000276	0.4	12.	144.48	128.13	62.7409
5.45361	0.4	12.	155.24	119.31	70.192902
6.465554	0.4	12.	167.489387	158.21	65.14
4.810198	0.4	12.	160.543097	182.73	65.14
5.546378	0.4	12.	149.04	171.174762	65.14
4.445724	0.4	12.	138.94	190.915232	65.14
4.608658	0.4	12.	151.98	224.535657	65.14
6.209646	0.4	12.	143.18	236.35	66.221928
6.106233	0.4	12.	209.02	154.609621	65.14
4.89338	0.4	12.	96.57	135.98	60.550224
5.76871	0.4	12.	103.335601	103.61	65.14
5.472638	0.4	12.	93.96	91.682926	65.14
4.710433	0.4	12.	248.165086	153.64	65.14
4.583005	0.4	12.	118.08	182.830184	65.14
4.629781	0.4	12.	214.271992	107.86	68.4
4.67688	0.4	12.	198.59	96.6109	68.4
4.601686	0.4	12.	178.05	70.007738	68.4
4.678099	0.4	12.	169.58	74.091884	68.4
5.455446	0.4	12.	177.73	56.53	64.080832
4.945383	0.4	12.	168.6	51.354796	68.4
5.545167	0.4	12.	194.704678	56.53	68.4
4.744478	0.4	12.	186.287855	63.4	68.4
4.510711	0.4	12.	156.758921	60.13	68.4
4.896981	0.4	12.	135.36	63.115811	68.4
4.834087	0.4	12.	136.98	74.623907	68.4
4.96144	0.4	12.	162.415264	109.5	68.4
5.722589	0.4	12.	165.01	96.09	64.545006
4.88057	0.4	12.	152.940794	102.96	68.4
5.252755	0.4	12.	142.2	96.667219	68.4
4.918441	0.4	12.	183.27	93.15	64.661781
5.580305	0.4	12.	111.56	76.687331	68.4
6.140346	0.4	12.	100.132298	71.57	68.4
5.951161	0.4	12.	105.37	91.52	62.81399
4.488932	0.4	12.	90.201124	116.04	68.4
5.1615	0.4	12.	128.51	160.83	69.085901
4.521518	0.4	12.	134.7	176.85	65.252293
5.408932	0.4	12.	119.71	173.25	68.459923
4.763973	0.4	12.	98.85	162.46	65.329011
5.052661	0.4	12.	121.67	82.04	65.848536
4.863352	0.4	12.	147.251782	72.88	69.46
4.79238	0.4	12.	160.662777	70.59	69.46
4.690053	0.4	12.	213.606525	85.3	69.46
4.726464	0.4	12.	231.83	122.402765	69.46
4.804749	0.4	12.	177.4	173.673008	69.46
4.7553	0.4	12.	177.73	184.917577	69.46
4.909346	0.4	12.	203.8	65.36	66.153194
4.472739	0.4	12.	119.71	105.25	68.419753
4.508768	0.4	12.	114.17	92.23351	69.46
4.575717	0.4	12.	129.81	81.71	71.542681
4.563775	0.4	12.	178.332391	128.46	70.3
5.102653	0.4	12.	171.735382	144.48	70.3
4.641107	0.4	12.	207.729723	123.88	70.14
4.40942	0.4	12.	237.747515	98.38	70.14
4.523847	0.4	12.	225.31	111.868677	70.14
5.27889	0.4	12.	229.22	83.02	67.768609
4.385168	0.4	12.	209.67	172.27	66.586739
4.474673	0.4	12.	223.36	208.028947	69.16
5.251469	0.4	12.	231.582179	199.08	69.16
4.496602	0.4	12.	247.47	162.069835	69.16
6.552768	0.4	12.	253.67	186.46	69.16
4.621984	0.4	12.	189.79	208.56	70.7921
4.490197	0.4	12.	165.67	210.2	68.137913
6.316779	0.4	12.	158.409771	197.12	69.99
4.709647	0.4	12.	171.53	194.18	74.170028
4.547587	0.4	12.	168.378533	185.02	69.99
5.558742	0.4	12.	173.416564	226.22	69.99
4.567329	0.4	12.	172.84	215.76	66.098895
5.303021	0.4	12.	172.84	209.22	75.29044
5.039454	0.4	12.	185.55	225.251692	69.99
4.609539	0.4	12.	196.96	216.068604	69.99
4.705138	0.4	12.	203.8	226.54	70.95126
5.602548	0.4	12.	222.362688	218.37	69.99
4.749244	0.4	12.	258.56	156.58	70.689135
6.135862	0.4	12.	91.62521	149.06	69.99
4.462221	0.4	12.	81.9	153.96	73.869042
4.62332	0.4	12.	73.1	158.384772	69.99
4.756328	0.4	12.	111.24	117.35	66.971008
4.378174	0.4	12.	107.	111.79	74.232186
4.417563	0.4	12.	141.48343	120.61	70.83
6.458531	0.4	12.	130.79	124.972186	70.83
4.527261	0.4	12.	152.3	135.	74.231198
5.493161	0.4	12.	140.986086	140.56	70.83
4.384323	0.4	12.	115.188647	128.46	70.83
5.181847	0.4	12.	106.543135	135.98	70.83
5.383789	0.4	12.	109.030052	150.37	70.83
5.963201	0.4	12.	108.63	175.890228	70.83
5.582472	0.4	12.	148.07	183.39	73.14188
4.376541	0.4	12.	145.13	196.47	73.084041
5.091986	0.4	12.	215.86	202.68	72.019842
4.732132	0.4	12.	209.34	190.621599	70.83
4.628899	0.4	12.	240.3	194.316661	70.83
4.644365	0.4	12.	215.53	166.39	74.04246
4.418071	0.4	12.	202.768745	148.08	70.83
4.398794	0.4	12.	240.606634	150.04	70.83
5.211879	0.4	12.	257.248887	140.56	70.83
4.647765	0.4	12.	247.927832	135.33	70.83
5.790444	0.4	12.	243.56	119.63	72.779649
4.552751	0.4	12.	254.65	114.821308	70.83
4.527112	0.4	12.	223.275331	93.15	70.83
5.470541	0.4	12.	217.49	138.6	65.711355
5.170304	0.4	12.	228.57	149.518252	70.83
4.811281	0.4	12.	218.47	158.207228	69.84
4.620057	0.4	12.	232.16	167.061849	71.28
4.732653	0.4	12.	200.22	117.782713	71.28
5.478602	0.4	12.	217.479412	129.12	71.28
4.935111	0.4	12.	233.383421	138.6	71.28
4.592861	0.4	12.	200.87	174.74399	71.28
5.796281	0.4	12.	198.91	195.348771	71.28
4.55414	0.4	12.	193.7	184.7	69.580158
4.587886	0.4	12.	181.453599	213.14	71.28
4.513559	0.4	12.	180.33	203.959047	71.28
5.05402	0.4	12.	191.09	74.52	70.037951
5.049794	0.4	12.	212.27	96.75	66.453621
4.898925	0.4	12.	178.05	82.36	67.32272
5.256198	0.4	12.	129.81	107.86	76.1778
5.166376	0.4	12.	158.5	90.54	76.101905
5.11763	0.4	12.	206.947207	137.94	71.28
5.417823	0.4	12.	194.916983	139.58	71.28
4.66422	0.4	12.	163.71	171.309745	71.28
6.942872	0.4	12.	143.83	155.27	67.910168
4.855312	0.4	12.	157.751095	152.65	71.28
4.8515	0.4	12.	187.83	172.056555	71.28
4.49508	0.4	12.	181.96	162.79	67.936322
4.762452	0.4	12.	223.36	180.774743	71.28
6.228537	0.4	12.	71.096717	170.96	71.28
5.700809	0.4	12.	89.07	161.063832	71.28
6.749641	0.4	12.	94.94	172.891484	71.28
6.554197	0.4	12.	71.47	129.902061	71.28
5.499324	0.4	12.	62.994791	141.21	71.28
4.692145	0.4	12.	72.78	113.106184	71.28
5.575779	0.4	12.	185.55	52.94	73.686027
5.549299	0.4	12.	222.38	76.15	76.715611
5.051845	0.4	12.	212.6	181.255959	71.28
6.694207	0.4	12.	241.405217	209.22	71.28
4.372439	0.4	12.	212.523545	222.29	71.28
4.561505	0.4	12.	207.007058	214.77	71.28
6.71282	0.4	12.	193.04	241.91	71.238771
4.900508	0.4	12.	127.86	183.671974	71.28
4.986397	0.4	12.	174.14	95.020442	71.28
4.526363	0.4	12.	153.93	84.32	68.328121
4.480038	0.4	12.	92.01	130.1	68.43794
5.196653	0.4	12.	76.69	145.14	72.4884
6.57082	0.4	12.	99.18	84.32	74.467009
5.87684	0.4	12.	182.94	138.963118	71.28
5.163519	0.4	12.	123.95	95.632524	71.28
5.085219	0.4	12.	111.89	199.73	67.56001
4.400927	0.4	12.	109.93	213.351741	72.42
5.220695	0.4	12.	99.5	212.81	76.455137
6.006041	0.4	12.	88.777649	208.89	72.42
4.535769	0.4	12.	91.68	198.098517	72.42
4.88017	0.4	12.	121.67	192.22	68.880127
5.483885	0.4	12.	138.94	202.02	67.52252
4.747209	0.4	12.	200.87	75.037056	72.42
4.643608	0.4	12.	204.770455	102.31	73.78
4.527344	0.4	12.	229.22	191.23	77.817395
4.894264	0.4	12.	141.87	209.931355	73.78
4.565904	0.4	12.	134.05	204.97	78.041262
4.75963	0.4	12.	129.49	208.89	69.535547
4.847293	0.4	12.	130.515436	221.31	73.78
5.838299	0.4	12.	119.71	221.31	71.892308
4.827911	0.4	12.	119.862681	207.25	73.78
4.535646	0.4	12.	128.18	198.428719	73.78
4.390614	0.4	12.	164.04	232.155827	73.78
4.759867	0.4	12.	177.73	237.99	77.963996
5.316541	0.4	12.	165.67	219.290677	73.78
4.566515	0.4	12.	155.24	214.067862	73.78
5.529285	0.4	12.	191.41	231.45	77.450379
5.326778	0.4	12.	214.27168	232.76	73.78
4.438277	0.4	12.	206.41	205.696502	73.78
4.470437	0.4	12.	234.11	217.338757	73.78
5.274556	0.4	12.	84.51	137.892832	73.78
4.747165	0.4	12.	90.38	122.9	75.217616
5.319919	0.4	12.	135.03	90.919259	73.78
4.641978	0.4	12.	126.592157	60.78	73.78
5.533486	0.4	12.	184.9	103.61	73.906866
4.960988	0.4	12.	180.01	115.030409	73.78
4.787686	0.4	12.	119.38	118.65	74.995751
5.220755	0.4	12.	190.44	84.569459	73.78
5.925695	0.4	12.	202.272745	85.96	73.78
4.531945	0.4	12.	141.87	110.81	75.168132
4.718954	0.4	12.	253.02	126.17	71.010069
4.594495	0.4	12.	225.64	171.94	78.099365
6.347155	0.4	12.	144.81	222.456308	73.78
6.219449	0.4	12.	108.95	191.23	75.182071
5.651559	0.4	12.	92.98	187.31	69.151943
6.72634	0.4	12.	130.47	235.034271	73.78
7.173398	0.4	12.	163.71	245.088125	73.78
4.898699	0.4	12.	86.79	100.67	70.496848
4.373466	0.4	12.	120.375254	149.39	74.77
4.456749	0.4	12.	226.94	102.96	70.341879
5.352806	0.4	12.	239.499842	130.75	74.77
4.859113	0.4	12.	169.115639	135.	74.77
4.98575	0.4	12.	112.21	159.85	76.404228
5.032256	0.4	12.	86.79	178.81	79.3754
5.265525	0.4	12.	237.05	158.696564	74.77
5.870639	0.4	12.	118.73	69.398226	74.77
4.989353	0.4	12.	93.96	108.157308	74.77
4.900372	0.4	12.	83.21	113.533133	74.77
6.328699	0.4	12.	183.27	154.933306	77.34
5.442626	0.4	12.	195.65	156.91	74.036309
5.078211	0.4	12.	151.98	163.77	72.757434
5.172038	0.4	12.	135.390847	168.02	77.34
5.169207	0.4	12.	109.491424	121.6	77.34
4.596449	0.4	12.	99.484735	117.02	77.34
4.707992	0.4	12.	239.65	175.210638	77.34
6.066945	0.4	12.	242.579368	185.68	77.34
5.23325	0.4	12.	248.61332	170.64	77.34
5.070434	0.4	12.	250.282266	150.04	77.34
4.543365	0.4	12.	215.21	120.94	80.145455
5.101738	0.4	12.	194.67	107.86	77.004333
5.154551	0.4	12.	165.497748	81.71	77.34
4.453008	0.4	12.	187.422262	118.65	81.2
6.874561	0.4	12.	168.6	121.27	82.099137
4.514907	0.4	12.	158.5	126.865503	81.2
4.748439	0.4	12.	115.47	142.19	79.108348
4.897236	0.4	12.	233.79	107.21	77.939898
4.754738	0.4	12.	247.15	105.25	80.711682
6.358782	0.4	12.	263.626725	110.81	81.2
4.45053	0.4	12.	213.25	68.63	78.981737
4.594617	0.4	12.	201.84	131.438619	81.2
5.117569	0.4	12.	102.24891	132.06	81.2
8.279282	0.4	12.	88.723004	72.23	81.2
5.103724	0.4	12.	118.73	180.564575	81.2
5.00295	0.4	12.	133.4	183.16195	81.2
5.123077	0.4	12.	150.02	208.675295	81.2
4.437049	0.4	12.	150.882227	230.47	81.2
4.756063	0.4	12.	158.242155	220.01	81.2
5.333438	0.4	12.	139.92	243.49279	81.2
4.402345	0.4	12.	136.01	233.41	83.870673
4.500731	0.4	12.	134.7	193.85	82.011614
5.214406	0.4	12.	187.18	192.881532	81.2
4.393619	0.4	12.	196.96	202.68	79.973035
4.873756	0.4	12.	216.51	212.81	85.373191
5.283384	0.4	12.	156.919996	190.58	81.2
5.290625	0.4	12.	159.15	178.739508	81.2
4.841383	0.4	12.	162.41	200.06	81.787872
4.426323	0.4	12.	142.2	174.23	80.436575
5.838462	0.4	12.	133.4	152.98	77.107413
4.757882	0.4	12.	131.12	139.9	78.166436
6.347589	0.4	12.	124.6	133.04	83.997145
5.362246	0.4	12.	146.44	122.833587	81.2
5.982829	0.4	12.	153.285158	113.75	81.2
5.28142	0.4	12.	102.76	101.65	76.217854
6.010007	0.4	12.	159.8	149.645936	83.63
5.094442	0.4	12.	166.64	162.078321	83.63
5.524035	0.4	12.	165.99	107.21	82.446721
5.273003	0.4	12.	143.83	102.53316	83.63
4.914876	0.4	12.	170.56	70.108505	83.63
5.069884	0.4	12.	181.64	69.94	78.680932
4.606482	0.4	12.	174.14	57.19	80.749594
4.597445	0.4	12.	184.036953	61.44	83.63
5.877044	0.4	12.	165.34	47.413162	83.63
5.095808	0.4	12.	151.33	59.8	80.045406
4.497993	0.4	12.	132.265071	63.4	83.63
4.836556	0.4	12.	197.61	95.44	80.529017
6.593879	0.4	12.	218.47	104.27	83.91681
4.527448	0.4	12.	128.84	175.21	85.718958
4.454183	0.4	12.	120.36	171.387538	83.63
5.033073	0.4	12.	126.55	160.151902	83.63
4.465414	0.4	12.	185.87	144.15	83.199702
4.670976	0.4	12.	175.721029	43.78	83.63
5.099257	0.4	12.	101.46	199.41	80.348796
4.655694	0.4	12.	107.33	95.11	87.216607
4.707999	0.4	12.	110.880237	76.15	83.63
7.743868	0.4	12.	103.09	64.633196	83.63
5.020341	0.4	12.	135.36	81.05	88.23595
5.353715	0.4	12.	140.57	77.78	78.420896
6.079386	0.4	12.	143.83	90.997031	83.63
5.345078	0.4	12.	87.074166	91.84	83.63
4.935332	0.4	12.	200.22	166.71	83.353963
4.600864	0.4	12.	206.73	156.25	79.10577
5.139342	0.4	12.	208.04	110.15	83.180055
5.753439	0.4	12.	154.26	100.34	80.204086
4.468029	0.4	12.	164.69	97.07	80.649695
6.39185	0.4	12.	246.17	92.702246	83.63
4.627549	0.4	12.	162.73	59.8	82.393187
4.785827	0.4	12.	91.35	117.230646	83.63
4.623932	0.4	12.	104.39	118.497155	85.29
5.838781	0.4	12.	233.13	200.72	80.664131
5.109225	0.4	12.	194.35	57.19	80.025261
5.047571	0.4	12.	97.804326	94.13	84.31
5.923873	0.4	12.	173.49	148.73	91.225915
4.84203	0.4	12.	179.36	126.17	85.921967
4.67518	0.4	12.	207.39	121.980483	85.45
7.264528	0.4	12.	91.868925	147.1	85.45
5.085405	0.4	12.	84.18	158.235743	85.45
5.564908	0.4	12.	71.47	159.623805	85.45
5.295912	0.4	12.	82.88	170.148431	85.45
4.935819	0.4	12.	123.627789	106.23	85.45
5.218093	0.4	12.	129.81	91.279469	85.45
4.407313	0.4	12.	160.13	74.637473	85.45
5.135489	0.4	12.	220.829873	82.36	85.45
4.42626	0.4	12.	230.2	80.041115	85.45
4.547463	0.4	12.	225.96	112.11	81.333991
4.589137	0.4	12.	222.891826	120.29	85.45
4.470812	0.4	12.	238.257357	129.44	85.45
4.794911	0.4	12.	253.99	131.4	81.599645
4.391732	0.4	12.	235.74	96.209316	85.45
5.107044	0.4	12.	209.99	83.569161	85.45
4.56514	0.4	12.	227.846028	91.19	85.45
4.527428	0.4	12.	206.73	99.36	87.995219
6.006682	0.4	12.	181.96	90.54	81.540544
4.710124	0.4	12.	162.73	135.252698	85.45
5.106856	0.4	12.	217.49	153.31	80.610859
5.037559	0.4	12.	226.978249	154.29	85.45
5.662496	0.4	12.	224.99	142.85	82.351096
5.077664	0.4	12.	220.042336	201.37	85.45
7.979563	0.4	12.	227.59	223.684741	85.45
5.022067	0.4	12.	194.280069	220.01	85.45
4.388542	0.4	12.	201.52	229.49	81.80243
5.023909	0.4	12.	184.57	233.74	85.813535
5.102974	0.4	12.	170.326626	218.37	85.45
5.567121	0.4	12.	173.81	195.612845	85.45
4.464864	0.4	12.	174.79	186.	82.442388
4.470939	0.4	12.	175.44	169.255782	85.45
4.915573	0.4	12.	143.83	70.099919	85.45
5.218747	0.4	12.	120.04	80.4	82.293858
4.645805	0.4	12.	110.58	86.385918	85.45
5.012758	0.4	12.	77.99	127.847536	85.45
4.549751	0.4	12.	259.21	152.98	82.464349
5.005189	0.4	12.	239.33	143.5	84.509836
4.392939	0.4	12.	186.2	181.454853	85.45
4.692151	0.4	12.	211.627647	168.35	85.98
4.682033	0.4	12.	208.69	197.45	81.535495
5.418549	0.4	12.	170.56	142.19	82.351164
5.031892	0.4	12.	136.98	127.104963	85.98
5.108989	0.4	12.	140.985023	142.19	85.98
4.827879	0.4	12.	151.185189	140.56	85.98
5.780575	0.4	12.	261.160041	140.56	85.98
4.54892	0.4	12.	244.87	150.69	88.279806
4.590585	0.4	12.	253.99	114.103488	85.98
4.505061	0.4	12.	111.24	129.12	85.48935
4.56536	0.4	12.	114.950578	118.65	85.98
4.700112	0.4	12.	106.02	107.580381	85.98
4.575321	0.4	12.	116.13	100.67	81.827993
4.549169	0.4	12.	111.56	168.35	88.670359
5.264979	0.4	12.	104.07	150.04	87.139756
5.265672	0.4	12.	114.5	219.71882	85.98
4.680199	0.4	12.	134.980506	220.99	85.98
4.501323	0.4	12.	61.850008	148.4	85.98
7.342958	0.4	12.	57.49214	137.29	85.98
4.672225	0.4	12.	203.8	147.668945	85.98
5.240436	0.4	12.	215.379237	136.63	85.98
5.509025	0.4	12.	213.9	147.42	89.101547
4.721109	0.4	12.	245.602312	135.33	85.98
4.855574	0.4	12.	140.9	199.784326	85.98
4.381995	0.4	12.	147.02769	185.35	85.98
4.720774	0.4	12.	151.	197.77	87.726592
5.887616	0.4	12.	150.728857	170.64	85.98
4.770228	0.4	12.	174.79	208.24	88.104372
4.615952	0.4	12.	178.7	221.64	89.792747
4.905812	0.4	12.	236.39	191.478383	85.98
4.461613	0.4	12.	191.057876	209.87	85.98
4.470547	0.4	12.	226.94	131.73	88.132901
4.580113	0.4	12.	234.11	119.101211	85.98
4.425687	0.4	12.	242.26	114.73	86.568474
4.523711	0.4	12.	248.78	124.148117	85.98
5.291712	0.4	12.	248.885984	163.77	85.98
4.451478	0.4	12.	237.569915	156.25	85.98
5.74949	0.4	12.	220.1	161.81	90.595507
4.786514	0.4	12.	207.386529	65.69	85.98
5.325237	0.4	12.	128.51	72.88	86.694829
4.661667	0.4	12.	102.083234	161.16	85.98
4.386019	0.4	12.	103.681877	176.19	85.98
4.907577	0.4	12.	164.319066	171.29	86.89
4.416062	0.4	12.	94.773805	167.04	86.89
5.368211	0.4	12.	77.920669	146.12	86.89
4.472887	0.4	12.	91.35	135.65	82.663174
4.565227	0.4	12.	68.4769	125.19	86.89
6.502762	0.4	12.	69.19	114.4	82.636293
5.705308	0.4	12.	152.3	82.36	81.45219
4.95146	0.4	12.	157.84	90.86	87.059383
4.428671	0.4	12.	99.5	84.110237	86.89
6.014102	0.4	12.	183.92	50.955903	86.89
5.053905	0.4	12.	224.01	74.19	91.557913
4.522126	0.4	12.	238.02	106.618465	86.89
4.426754	0.4	12.	197.61	122.788202	86.89
4.584326	0.4	12.	180.367826	136.63	86.89
6.177083	0.4	12.	225.31	182.41	83.625698
4.405824	0.4	12.	226.334916	208.89	86.89
4.965638	0.4	12.	203.170416	191.56	86.89
4.376113	0.4	12.	211.95	186.98	84.852557
4.409069	0.4	12.	203.921842	179.79	86.89
5.244067	0.4	12.	174.47	81.830751	86.89
5.356827	0.4	12.	145.104469	154.29	86.89
6.484591	0.4	12.	208.36	220.01	91.407555
5.538003	0.4	12.	204.78	206.766351	86.89
4.665841	0.4	12.	89.4	126.828383	86.89
5.107955	0.4	12.	96.9	135.65	90.885728
4.405629	0.4	12.	94.61	103.10466	86.89
5.436127	0.4	12.	126.23	188.343906	86.89
5.61064	0.4	12.	122.32	201.04	84.326279
4.811868	0.4	12.	226.29	171.94	87.51922
5.594521	0.4	12.	138.29	202.68	96.42936
4.558936	0.4	12.	132.1	205.62	88.11006
4.405662	0.4	12.	125.58	208.24	95.541774
5.659787	0.4	12.	124.869806	219.35	91.28
5.040864	0.4	12.	143.367266	221.97	91.28
4.713469	0.4	12.	151.336876	216.08	91.28
4.382615	0.4	12.	162.086375	222.95	91.28
5.169915	0.4	12.	176.467945	236.68	91.28
4.620814	0.4	12.	192.72	189.388436	91.28
4.666041	0.4	12.	195.98	198.707231	91.28
4.420256	0.4	12.	200.22	73.86	87.044554
5.762807	0.4	12.	202.82	83.02	94.792022
4.426599	0.4	12.	222.7	97.4	91.516976
4.998425	0.4	12.	230.85	101.65	95.153286
4.476935	0.4	12.	225.64	109.141478	91.28
4.763087	0.4	12.	118.73	126.270958	91.28
5.820234	0.4	12.	83.21	114.4	91.716451
4.873205	0.4	12.	84.51	135.98	95.807374
4.477785	0.4	12.	114.82	152.699047	91.28
5.280958	0.4	12.	92.33	186.98	95.749161
4.850557	0.4	12.	87.538185	194.83	91.28
4.60161	0.4	12.	95.22021	201.37	91.28
5.830538	0.4	12.	97.22	212.2099	91.28
5.935139	0.4	12.	109.61	210.740486	91.28
4.505445	0.4	12.	110.58	194.18	95.169293
6.122332	0.4	12.	110.91	180.45	92.43714
4.591735	0.4	12.	122.97	165.817463	91.28
4.497126	0.4	12.	125.9	152.159707	91.28
4.944633	0.4	12.	111.56	200.39	87.662111
4.854048	0.4	12.	227.27	192.54	91.39152
4.684638	0.4	12.	171.86	133.778864	91.28
4.937852	0.4	12.	201.19	113.124187	91.28
4.826377	0.4	12.	216.508815	180.12	91.28
4.673198	0.4	12.	193.04	167.603846	91.28
4.526394	0.4	12.	191.09	181.1	95.529188
4.620549	0.4	12.	160.45	103.5538	91.28
6.857867	0.4	12.	127.53	118.313731	91.28
4.587316	0.4	12.	131.44	102.648652	91.28
4.582565	0.4	12.	126.88	95.44	95.479094
5.137149	0.4	12.	117.1	92.524304	91.28
4.37589	0.4	12.	103.74	140.56	95.646192
5.550449	0.4	12.	178.7	162.46	93.036106
4.48847	0.4	12.	185.22	172.93	90.295673
5.30891	0.4	12.	153.93	152.	96.01387
5.351418	0.4	12.	139.27	162.535352	91.28
6.481553	0.4	12.	195.33	142.613777	91.28
4.752189	0.4	12.	193.37	130.596731	91.28
5.24522	0.4	12.	205.561282	135.	91.28
5.336256	0.4	12.	179.03	115.791765	91.28
4.790672	0.4	12.	180.01	104.92	87.682265
4.43248	0.4	12.	173.16	96.75	94.808083
4.529649	0.4	12.	168.33756	88.25	91.28
5.891596	0.4	12.	191.814966	84.65	91.28
5.527173	0.4	12.	181.31	83.34	96.362943
4.746128	0.4	12.	185.22	76.15	88.414888
6.531289	0.4	12.	188.48	97.163497	91.28
5.315964	0.4	12.	161.341821	212.81	91.28
5.675656	0.4	12.	160.13	233.366236	91.28
5.102391	0.4	12.	187.5	225.24	93.822452
8.960375	0.4	12.	198.91	242.56	96.438391
4.709744	0.4	12.	213.58	233.140645	91.28
6.132955	0.4	12.	143.110438	115.38	91.28
4.9485	0.4	12.	224.33	87.92	94.77418
4.467106	0.4	12.	235.42	135.98	91.9956
4.672762	0.4	12.	158.17	121.137505	91.28
4.396077	0.4	12.	127.820684	61.76	91.28
5.231855	0.4	12.	217.315187	126.5	91.28
4.606182	0.4	12.	231.5	178.16	94.426602
5.801324	0.4	12.	241.760095	186.	94.16
4.751093	0.4	12.	242.26	165.660514	94.16
5.692228	0.4	12.	240.3	175.54	88.791574
9.798194	0.4	12.	270.094964	120.94	94.16
4.587748	0.4	12.	196.96	104.159832	94.16
4.373888	0.4	12.	131.77	169.	91.810308
5.45509	0.4	12.	136.66	57.19	90.159895
5.468222	0.4	12.	192.39	67.32	91.975267
4.379851	0.4	12.	187.5	154.29	90.827199
5.339123	0.4	12.	151.65	162.46	96.369202
5.237667	0.4	12.	181.560409	203.33	94.16
5.188089	0.4	12.	206.08	208.89	98.074577
4.795375	0.4	12.	196.63	210.85	95.455105
4.881055	0.4	12.	246.82	140.319047	94.16
4.885992	0.4	12.	250.41	155.92	94.404969
4.995033	0.4	12.	165.99	78.77	97.812883
4.642987	0.4	12.	100.111458	110.81	94.16
4.548387	0.4	12.	88.42	103.377628	94.16
4.981311	0.4	12.	167.888126	121.6	97.41
4.76626	0.4	12.	126.88	128.629231	97.41
4.615903	0.4	12.	115.47	144.48	95.824029
4.561903	0.4	12.	111.24	135.934537	97.41
5.10826	0.4	12.	134.38	154.887888	97.41
4.878762	0.4	12.	148.007164	209.22	97.41
4.40267	0.4	12.	243.56	69.28	94.773833
4.81453	0.4	12.	237.37	78.11	92.692424
4.941038	0.4	12.	252.69	97.022807	97.41
4.414688	0.4	12.	250.41	87.59	100.279491
6.4852	0.4	12.	255.62	110.81	103.579676
5.275776	0.4	12.	246.17	106.56	93.769421
4.462974	0.4	12.	253.67	122.566181	97.41
5.145341	0.4	12.	162.73	112.125548	97.41
5.815236	0.4	12.	138.582268	188.62	97.41
4.668122	0.4	12.	212.93	62.015165	97.41
5.933929	0.4	12.	240.3	85.3	101.732678
5.193604	0.4	12.	240.3	96.220024	98.47
4.578561	0.4	12.	234.76	68.858962	98.47
4.494942	0.4	12.	197.93	93.01585	99.38
4.8328	0.4	12.	215.569869	104.27	99.38
4.760483	0.4	12.	183.407324	60.78	99.38
4.792376	0.4	12.	184.24	70.92	98.325906
5.288692	0.4	12.	170.23	63.302356	99.38
4.851766	0.4	12.	176.1	55.23	94.861999
7.090061	0.4	12.	155.89	61.44	92.414045
4.723104	0.4	12.	152.3	58.5	103.975405
4.928354	0.4	12.	143.695514	58.82	99.38
4.624322	0.4	12.	161.76	58.82	102.871847
4.477769	0.4	12.	165.01	51.63	95.753694
5.842129	0.4	12.	170.23	48.69	104.901369
4.661621	0.4	12.	149.04	73.21	95.273827
4.529748	0.4	12.	138.29	78.11	101.294305
4.555961	0.4	12.	140.57	91.657137	99.38
4.964269	0.4	12.	140.562988	104.27	99.38
4.410915	0.4	12.	96.9	121.667375	99.38
4.728487	0.4	12.	90.7	114.93984	99.38
4.588749	0.4	12.	107.200518	122.25	99.38
4.4272	0.4	12.	108.067931	95.77	99.38
4.420893	0.4	12.	147.189871	123.56	99.38
5.032593	0.4	12.	128.84	175.87	97.540388
4.424205	0.4	12.	121.34	175.87	103.366503
4.633658	0.4	12.	188.436278	146.12	99.38
4.387199	0.4	12.	202.5	159.52	96.004247
4.820722	0.4	12.	230.53	198.580112	99.38
4.474209	0.4	12.	166.64	203.826536	99.38
5.715435	0.4	12.	159.47	192.54	94.015338
4.525411	0.4	12.	153.93	185.68	102.881272
4.780477	0.4	12.	155.56	174.077662	99.38
4.967542	0.4	12.	126.88	197.687403	99.38
4.96972	0.4	12.	99.18	196.14	100.343535
4.561179	0.4	12.	119.06	190.378575	99.38
4.639135	0.4	12.	102.585322	179.46	99.38
4.724843	0.4	12.	89.72	152.65	97.570109
4.526928	0.4	12.	190.11	113.33827	99.38
4.502497	0.4	12.	151.98	97.07	98.057617
4.483995	0.4	12.	109.93	66.115423	99.38
5.010728	0.4	12.	93.534101	79.42	99.38
4.741076	0.4	12.	103.061989	76.8	99.38
4.372777	0.4	12.	173.16	72.88	101.01141
4.5235	0.4	12.	207.974505	114.73	99.38
4.395083	0.4	12.	210.97	173.25	95.729913
4.69858	0.4	12.	219.44	192.081557	99.38
6.704765	0.4	12.	165.67	156.91	97.549884
4.689495	0.4	12.	162.08	144.50024	99.38
4.482551	0.4	12.	128.84	144.81	98.838695
4.712628	0.4	12.	146.76	133.583981	99.38
5.412676	0.4	12.	135.68	136.96	94.79453
4.515135	0.4	12.	120.322835	135.	99.38
4.664178	0.4	12.	188.98163	196.47	99.38
5.464371	0.4	12.	164.36	183.669749	99.38
5.14567	0.4	12.	141.22	176.85	97.822165
5.073116	0.4	12.	232.48	169.346156	99.38
4.847543	0.4	12.	152.278318	229.16	99.38
4.679429	0.4	12.	147.09	241.028857	99.38
9.903437	0.4	12.	131.343038	236.68	99.38
4.762485	0.4	12.	94.288828	92.17	99.38
4.853509	0.4	12.	193.659623	57.84	100.97
4.753574	0.4	12.	161.862008	98.71	100.97
4.62873	0.4	12.	130.173781	88.25	100.97
5.725447	0.4	12.	122.912648	104.92	100.97
4.72808	0.4	12.	209.99	94.13	100.753706
4.550284	0.4	12.	216.533336	82.36	100.97
4.505326	0.4	12.	238.35	128.79	98.730902
4.923911	0.4	12.	253.99	133.37	96.060211
5.053098	0.4	12.	169.060616	135.65	100.97
5.072066	0.4	12.	178.38	141.87	101.326925
4.70491	0.4	12.	180.33	154.694761	100.97
5.211253	0.4	12.	210.97	124.932219	100.97
4.394357	0.4	12.	230.599884	122.9	100.97
4.417911	0.4	12.	156.956647	70.92	100.97
5.495038	0.4	12.	83.53	164.75	106.150841
7.594365	0.4	12.	63.84172	160.83	100.97
7.477336	0.4	12.	56.54482	178.16	100.97
6.595581	0.4	12.	65.28	188.95	95.024854
6.192461	0.4	12.	68.87	200.87347	100.97
5.281195	0.4	12.	70.17	171.94	96.795273
4.808229	0.4	12.	79.62	177.83	98.518761
4.835128	0.4	12.	80.92	187.96	96.773093
4.675854	0.4	12.	76.69	133.406794	100.97
4.389651	0.4	12.	76.04	124.296136	100.97
4.457652	0.4	12.	116.78	157.295637	100.97
6.421947	0.4	12.	169.201121	217.06	100.97
4.664929	0.4	12.	187.495166	235.37	100.97
4.581567	0.4	12.	196.3	227.2	98.693733
5.640119	0.4	12.	202.82	232.1	105.923326
4.884226	0.4	12.	184.24	185.80451	100.97
4.679053	0.4	12.	220.75	202.35	103.386333
4.504291	0.4	12.	219.12	151.35	105.082875
5.898722	0.4	12.	178.514451	125.85	100.97
4.997534	0.4	12.	118.41	83.213325	100.97
4.798353	0.4	12.	141.55	68.63	101.273698
6.752709	0.4	12.	220.42	117.67	103.986059
5.054509	0.4	12.	230.85	151.923665	100.97
6.179374	0.4	12.	176.42	176.19	97.179256
4.401301	0.4	12.	204.13	181.852356	102.04
4.715448	0.4	12.	205.1	193.85	99.508881
4.597373	0.4	12.	214.23	166.1661	102.04
4.532824	0.4	12.	221.73	174.23	97.760405
4.50222	0.4	12.	226.62	183.59768	102.04
4.49608	0.4	12.	233.79	189.27	104.309916
5.793767	0.4	12.	226.29	212.445757	102.04
4.449721	0.4	12.	172.51	87.466377	102.04
4.610048	0.4	12.	151.	87.92	99.286982
5.167298	0.4	12.	196.3	123.739003	102.04
4.816878	0.4	12.	103.74	86.614663	102.04
4.731352	0.4	12.	227.882252	76.8	102.04
5.009956	0.4	12.	113.19	128.13	105.541712
5.131555	0.4	12.	110.91	110.81	98.725537
4.56222	0.4	12.	101.46	112.77	104.639906
6.201403	0.4	12.	136.01	123.407678	102.04
4.392657	0.4	12.	92.66	132.71	102.762542
4.611201	0.4	12.	102.589215	132.06	102.04
4.719086	0.4	12.	85.125338	126.83	102.04
4.468714	0.4	12.	82.925665	145.14	102.04
4.650547	0.4	12.	68.251597	147.42	102.04
4.795397	0.4	12.	110.303774	164.75	102.04
4.433609	0.4	12.	114.956389	201.7	102.04
4.806689	0.4	12.	112.794676	216.74	102.04
4.459916	0.4	12.	91.35	171.907025	102.04
4.941358	0.4	12.	216.51	217.773839	102.04
4.489837	0.4	12.	208.36	221.64	106.379688
4.519119	0.4	12.	180.076753	223.27	102.04
5.121674	0.4	12.	172.19	229.49	105.252359
4.541257	0.4	12.	181.765557	214.12	101.13
5.358028	0.4	12.	175.12	205.95	105.035672
5.577836	0.4	12.	170.23	195.48	103.761315
4.717961	0.4	12.	241.28	155.92	97.623363
4.619654	0.4	12.	211.62	155.233831	101.13
5.219929	0.4	12.	202.633415	144.81	101.13
4.441467	0.4	12.	212.423416	145.46	101.13
4.925786	0.4	12.	224.33	144.48	96.637146
5.176157	0.4	12.	219.77	135.312334	101.13
4.394376	0.4	12.	244.22	147.313234	101.13
4.681856	0.4	12.	253.02	140.56	103.911752
5.149089	0.4	12.	257.854164	149.39	101.13
4.779909	0.4	12.	148.07	142.925264	101.13
4.908331	0.4	12.	164.04	170.31	106.131394
5.26822	0.4	12.	153.61	200.521486	102.04
5.282652	0.4	12.	145.46	191.56	105.818067
4.849865	0.4	12.	175.12	187.96	98.329713
4.825639	0.4	12.	197.93	220.01	105.380551
4.477708	0.4	12.	186.2	208.24	106.469716
5.414762	0.4	12.	211.3	200.39	106.760746
4.492467	0.4	12.	223.03	159.85	102.145006
5.445437	0.4	12.	203.15	169.977197	102.04
4.563775	0.4	12.	195.65	150.69	105.547896
4.544984	0.4	12.	232.16	113.09	97.641416
6.679157	0.4	12.	243.24	119.31	102.200203
4.505264	0.4	12.	236.039793	105.9	102.04
4.731987	0.4	12.	187.265258	135.98	102.04
4.413032	0.4	12.	144.81	152.	101.65949
4.425874	0.4	12.	131.403791	67.32	102.04
5.882346	0.4	12.	127.21	78.11	107.408092
4.467184	0.4	12.	107.	148.4	101.080425
5.508911	0.4	12.	95.118152	143.83	102.04
4.583577	0.4	12.	112.54	173.91	101.769416
4.388201	0.4	12.	114.5	185.02	106.411025
5.188601	0.4	12.	129.16	185.02	103.089981
4.490636	0.4	12.	133.12318	222.29	102.04
4.512175	0.4	12.	152.3	78.499357	102.04
4.388787	0.4	12.	117.306533	70.27	102.04
5.224511	0.4	12.	203.8	102.31	104.102993
4.448736	0.4	12.	170.88	146.44	105.863136
4.628585	0.4	12.	79.3	154.30805	102.04
4.906989	0.4	12.	101.78	169.625736	102.04
4.9528	0.4	12.	98.2	161.16	106.535397
4.536313	0.4	12.	98.85	152.98	99.806862
5.352573	0.4	12.	156.21	136.192379	102.04
5.595052	0.4	12.	183.487524	93.48	102.04
4.670276	0.4	12.	100.15	104.27	101.103613
4.435511	0.4	12.	92.66	99.36	105.107373
4.647854	0.4	12.	69.84	139.25	97.658492
4.587231	0.4	12.	119.38	114.08	105.156582
5.509362	0.4	12.	145.072113	114.73	108.02
4.866464	0.4	12.	161.43	105.750564	108.02
4.579437	0.4	12.	157.52	114.431302	108.02
4.500018	0.4	12.	198.91	131.08	107.871231
5.013717	0.4	12.	207.826495	83.67	108.02
6.080776	0.4	12.	203.15	72.55	106.84177
4.706403	0.4	12.	197.61	82.028668	108.02
5.042238	0.4	12.	222.304888	104.59	108.02
5.302071	0.4	12.	217.347901	94.46	108.02
4.41274	0.4	12.	232.48	98.503255	108.02
4.625718	0.4	12.	142.90023	201.04	108.02
5.45666	0.4	12.	133.4	205.29	106.340417
6.003173	0.4	12.	123.62	216.995206	108.02
4.758563	0.4	12.	108.95	206.944728	108.02
4.86066	0.4	12.	108.63	194.5	108.433444
6.075295	0.4	12.	241.425909	197.12	108.02
5.268496	0.4	12.	192.07	190.609356	108.02
5.282603	0.4	12.	224.99	169.	109.913492
4.636691	0.4	12.	213.9	161.81	111.856036
5.581905	0.4	12.	214.387764	182.73	108.02
5.642065	0.4	12.	115.583824	97.07	108.02
4.892822	0.4	12.	165.34	89.318282	108.02
4.681891	0.4	12.	173.49266	94.46	108.02
4.630968	0.4	12.	219.12	127.15	110.605765
6.551746	0.4	12.	252.291462	160.5	108.85
4.50128	0.4	12.	187.83	106.56	105.139119
4.48262	0.4	12.	123.3	164.1	105.978328
4.667647	0.4	12.	127.329002	155.92	108.85
4.413163	0.4	12.	203.15	122.738794	108.85
4.435027	0.4	12.	156.295705	86.29	108.85
4.384354	0.4	12.	192.314707	174.89	108.85
4.457051	0.4	12.	83.21	124.21	111.893165
4.432704	0.4	12.	83.86	117.35	105.879372
4.861899	0.4	12.	87.12	135.98	111.128317
4.8195	0.4	12.	140.57	169.	104.417767
4.370996	0.4	12.	184.084563	117.35	108.85
4.443006	0.4	12.	174.14	111.79	111.685053
5.368309	0.4	12.	175.12	104.27	104.937761
4.508181	0.4	12.	179.03	169.66	112.523716
4.645883	0.4	12.	186.69346	162.46	108.85
5.871536	0.4	12.	228.57	134.108846	108.85
4.602799	0.4	12.	179.166348	85.96	108.85
4.502736	0.4	12.	203.47	60.13	106.21526
6.561739	0.4	12.	195.33	48.645576	108.85
6.008014	0.4	12.	120.084068	60.13	108.85
5.036398	0.4	12.	115.15	147.133111	108.85
4.574063	0.4	12.	140.341146	158.21	108.85
4.684779	0.4	12.	165.34	222.62	113.516575
4.544904	0.4	12.	200.225214	198.1	108.85
4.39422	0.4	12.	186.53	220.995926	108.85
4.491838	0.4	12.	78.063371	139.58	108.85
4.505904	0.4	12.	113.084147	86.94	108.85
4.851569	0.4	12.	126.663402	126.83	108.85
4.569494	0.4	12.	85.796049	106.56	111.13
5.03922	0.4	12.	126.88	116.69	111.522311
4.864071	0.4	12.	136.745615	107.86	111.13
4.527967	0.4	12.	128.51	98.71	108.510321
4.405964	0.4	12.	141.55	84.32	107.38568
4.884177	0.4	12.	163.628547	80.07	111.13
5.343517	0.4	12.	195.33	65.36	111.958001
5.533959	0.4	12.	192.72	75.5	115.644141
4.6707	0.4	12.	187.83	81.71	107.310774
4.422336	0.4	12.	201.430575	114.08	111.13
4.563215	0.4	12.	195.33	107.86	115.48585
4.623761	0.4	12.	192.07	89.462668	111.13
4.914738	0.4	12.	194.470304	138.92	111.13
4.398804	0.4	12.	208.36	136.31	107.611914
5.262984	0.4	12.	150.35	165.73	108.473512
5.716138	0.4	12.	197.28	208.56	107.208336
5.331518	0.4	12.	234.11	180.12	111.389215
4.799306	0.4	12.	173.49	162.46	107.352886
4.898087	0.4	12.	244.54	141.501218	111.13
5.044998	0.4	12.	198.91	183.71	114.740723
4.46901	0.4	12.	163.148367	213.47	111.13
5.792069	0.4	12.	165.01	240.6	105.937765
7.208046	0.4	12.	175.77	247.659865	111.13
4.944301	0.4	12.	131.12	166.054503	111.13
4.381775	0.4	12.	176.742477	60.78	111.13
4.712183	0.4	12.	167.3	70.858407	111.13
5.510132	0.4	12.	91.35	211.18	105.679592
4.77696	0.4	12.	83.53	205.581025	111.13
4.941763	0.4	12.	77.221605	112.11	111.13
4.7604	0.4	12.	236.39	88.733936	113.85
5.931035	0.4	12.	227.27	95.11	118.459323
5.365925	0.4	12.	245.19	101.65	109.592289
5.022726	0.4	12.	238.35	73.86	117.717499
4.449624	0.4	12.	150.02	123.56	111.339217
4.911726	0.4	12.	153.93	65.948203	114.69
5.186375	0.4	12.	148.72	55.661465	114.69
5.056133	0.4	12.	176.42	50.960328	114.69
4.649677	0.4	12.	186.2	67.32	116.485135
5.305351	0.4	12.	179.68	70.92	109.55132
4.814122	0.4	12.	172.51	67.	118.45673
5.292499	0.4	12.	173.16	79.109863	114.69
4.582949	0.4	12.	137.94211	97.4	114.69
5.864107	0.4	12.	153.61	97.4	110.733249
4.635787	0.4	12.	138.29	55.88	118.658816
5.454262	0.4	12.	111.89	67.256859	114.69
4.6015	0.4	12.	106.644333	76.48	114.69
4.647249	0.4	12.	97.22	75.172886	114.69
5.489978	0.4	12.	105.7	93.81	115.376953
4.425451	0.4	12.	95.705257	93.15	114.69
5.32164	0.4	12.	85.267273	92.5	114.69
4.453624	0.4	12.	92.66	85.96	110.315869
4.771795	0.4	12.	91.68	117.67	111.373637
5.650789	0.4	12.	106.67	119.63	111.461969
4.401214	0.4	12.	117.521066	119.96	114.69
4.401906	0.4	12.	127.53	135.74228	114.69
4.953039	0.4	12.	125.9	176.19	114.182432
4.563951	0.4	12.	138.29	193.279539	114.69
4.647925	0.4	12.	127.478108	197.45	114.69
4.704193	0.4	12.	128.580523	186.98	114.69
4.414541	0.4	12.	164.04	149.22836	114.69
4.441036	0.4	12.	166.997853	117.02	114.69
4.737967	0.4	12.	219.12	108.52	118.927995
4.478911	0.4	12.	209.34	106.88	115.537237
5.27911	0.4	12.	222.05	188.128478	114.69
5.48199	0.4	12.	208.344656	175.87	114.69
4.535435	0.4	12.	183.747216	197.12	114.69
4.488284	0.4	12.	164.975126	205.29	114.69
4.733423	0.4	12.	161.1	194.5	112.003677
5.442186	0.4	12.	145.13	209.54	115.01239
4.821503	0.4	12.	152.63	215.1	110.453669
4.379736	0.4	12.	115.47	210.438495	114.69
4.709163	0.4	12.	115.47	196.47	116.732916
5.09769	0.4	12.	135.285328	152.	114.69
4.519343	0.4	12.	101.46	178.48	111.912262
4.683575	0.4	12.	99.5	197.12	111.121942
5.304816	0.4	12.	90.05	150.69	109.473411
4.472217	0.4	12.	110.58	140.792887	114.69
4.54479	0.4	12.	119.38	131.73	113.253238
4.813766	0.4	12.	149.37	73.86	110.308343
5.331656	0.4	12.	197.28	97.73	114.721955
5.631781	0.4	12.	206.08	88.57	120.068669
6.849699	0.4	12.	216.51	59.354615	114.69
4.374994	0.4	12.	253.99	123.88	116.197194
7.309005	0.4	12.	229.22	200.79416	114.69
6.19625	0.4	12.	69.52	183.39	109.354676
4.993106	0.4	12.	56.509455	175.87	114.69
4.421668	0.4	12.	159.009615	178.16	114.69
4.925374	0.4	12.	136.33	133.37	109.926553
4.46542	0.4	12.	116.265856	109.5	114.69
4.463433	0.4	12.	125.40115	147.75	114.69
4.681967	0.4	12.	183.592649	153.96	114.69
4.791439	0.4	12.	183.59	143.83	113.811738
4.6462	0.4	12.	228.57	80.203472	114.69
4.792375	0.4	12.	239.65	135.65	118.367395
4.401983	0.4	12.	183.92	179.79	115.144501
5.017901	0.4	12.	188.16	171.94	118.564033
4.531705	0.4	12.	165.99	157.23	119.143178
4.916366	0.4	12.	154.58	155.27	115.171103
6.464978	0.4	12.	169.840324	181.1	114.69
5.710182	0.4	12.	148.07	176.513764	114.69
4.647908	0.4	12.	147.988558	134.67	114.69
4.774727	0.4	12.	71.8	203.927927	116.5
4.759897	0.4	12.	66.26	191.579798	116.5
4.78606	0.4	12.	57.055881	186.	116.5
4.375704	0.4	12.	67.56	176.85	120.820953
4.789064	0.4	12.	165.99	129.461065	116.5
5.196492	0.4	12.	217.49	148.833137	116.5
4.618205	0.4	12.	206.08	146.12	118.755721
5.548899	0.4	12.	214.838579	137.62	116.5
4.878959	0.4	12.	227.92	148.08	112.323427
4.632769	0.4	12.	252.946012	139.9	116.5
4.428865	0.4	12.	216.436611	81.71	116.5
4.76493	0.4	12.	185.55	55.818107	116.5
6.111459	0.4	12.	160.184795	56.21	116.5
5.505848	0.4	12.	131.77	86.94	121.237687
4.737862	0.4	12.	126.070189	104.27	116.5
4.748598	0.4	12.	188.120382	114.08	116.5
5.03877	0.4	12.	211.3	126.654839	116.5
4.72043	0.4	12.	223.5198	119.63	116.5
4.679293	0.4	12.	259.043423	132.38	116.5
4.613391	0.4	12.	241.61	127.81	112.227648
4.610185	0.4	12.	248.78	149.151153	116.5
4.551476	0.4	12.	234.11	143.17	120.771952
4.932658	0.4	12.	199.56	157.23	121.244918
4.391018	0.4	12.	192.39	156.58	114.14893
4.919087	0.4	12.	173.559539	197.12	116.5
5.143292	0.4	12.	179.646824	208.56	116.5
5.24447	0.4	12.	182.61	237.01	111.670931
4.642072	0.4	12.	202.5	234.31774	116.5
4.566969	0.4	12.	120.951907	161.16	116.5
4.748558	0.4	12.	121.99	203.99	119.051554
4.376289	0.4	12.	86.79	155.6	118.891225
4.450033	0.4	12.	81.551188	162.79	116.5
5.209087	0.4	12.	93.96	114.4	120.720075
5.776236	0.4	12.	141.22	77.994029	116.5
4.447144	0.4	12.	165.34	99.418949	116.5
4.415422	0.4	12.	159.15	90.94021	116.5
4.714835	0.4	12.	175.77	124.645907	116.5
5.319287	0.4	12.	143.18	65.142324	116.5
5.721207	0.4	12.	120.04	86.553861	116.5
5.322367	0.4	12.	116.45	76.15	121.0099
4.468286	0.4	12.	217.653619	99.36	116.5
4.907078	0.4	12.	208.69	96.75	113.372217
6.118768	0.4	12.	178.7	134.35	110.588852
4.640195	0.4	12.	187.951329	129.12	116.5
5.706551	0.4	12.	64.518114	133.37	116.5
4.575178	0.4	12.	77.01	134.184045	116.5
5.092801	0.4	12.	73.43	121.561091	116.5
4.441848	0.4	12.	239.45429	166.39	116.5
4.502469	0.4	12.	236.07	159.19	112.014795
4.439045	0.4	12.	237.398454	150.37	116.5
4.598982	0.4	12.	228.9	155.27	119.395497
4.975538	0.4	12.	244.54	175.453727	116.5
4.679217	0.4	12.	242.722204	109.83	116.5
4.541593	0.4	12.	99.83	185.35	118.295885
5.817617	0.4	12.	82.55	182.08	111.86033
4.828984	0.4	12.	76.36	172.27	112.623485
5.42117	0.4	12.	63.797659	167.37	116.5
4.748308	0.4	12.	77.34	190.91	121.224743
4.867079	0.4	12.	90.38	185.68	119.598695
4.472144	0.4	12.	85.81	196.14	120.166831
4.561008	0.4	12.	93.196647	203.	116.5
5.776384	0.4	12.	101.78	214.778931	116.5
5.099851	0.4	12.	156.380682	226.87	116.5
5.525273	0.4	12.	148.72	220.66	121.625507
5.400212	0.4	12.	187.5	233.74	120.622418
5.526685	0.4	12.	194.67	227.2	112.327928
4.38018	0.4	12.	204.45	208.56	115.957264
4.642227	0.4	12.	171.53	214.119382	116.5
5.305635	0.4	12.	146.76	241.21838	116.5
5.746057	0.4	12.	144.81	226.87	111.403328
5.195787	0.4	12.	158.5	238.579773	116.5
4.963078	0.4	12.	118.435715	225.24	116.5
4.483803	0.4	12.	95.92	123.88	119.053104
4.402031	0.4	12.	151.929559	112.77	116.5
4.491019	0.4	12.	145.784132	101.65	116.5
4.707709	0.4	12.	210.64	70.587275	116.5
4.521887	0.4	12.	248.78	89.82046	116.5
5.900253	0.4	12.	259.0339	99.36	116.5
4.936815	0.4	12.	255.800642	79.42	116.5
5.062171	0.4	12.	228.51809	70.27	116.5
4.533255	0.4	12.	163.39	140.23	111.990642
4.928716	0.4	12.	155.56	130.75	120.104759
4.860355	0.4	12.	209.34	156.58	118.602167
4.750158	0.4	12.	144.81	145.14	113.19717
5.200403	0.4	12.	136.008396	141.21	116.5
4.37375	0.4	12.	120.04	139.9	118.85029
4.767863	0.4	12.	210.97	114.73	120.670136
5.723677	0.4	12.	256.6	114.4	121.48558
4.612741	0.4	12.	212.93	195.520351	116.5
5.808516	0.4	12.	111.56	124.21	121.849049
4.455799	0.4	12.	112.87	134.35	120.581286
4.390878	0.4	12.	104.07	135.65	122.170682
4.383803	0.4	12.	103.74	129.12	116.306057
5.271637	0.4	12.	101.13	108.19	114.230539
4.442708	0.4	12.	89.811261	101.98	118.02
4.528433	0.4	12.	128.18	75.091789	118.02
4.466203	0.4	12.	133.375637	66.67	118.02
4.392	0.4	12.	155.24	81.179992	118.02
4.671585	0.4	12.	172.51	88.9	118.141537
4.780173	0.4	12.	195.	120.94	117.139337
5.757721	0.4	12.	113.52	168.68	112.960674
4.58716	0.4	12.	111.24	174.23	122.134933
4.886777	0.4	12.	113.52	182.59642	118.02
4.964929	0.4	12.	95.92	146.12	116.77814
4.490502	0.4	12.	77.99	156.25	121.733366
6.032285	0.4	12.	68.21	149.39	121.918489
4.965506	0.4	12.	76.69	149.71	114.210623
4.995805	0.4	12.	145.46	188.62	121.114114
5.130807	0.4	12.	208.69	201.37	123.148223
9.263194	0.4	12.	226.62	218.327454	118.02
6.377096	0.4	12.	206.41	223.6	121.838004
4.40201	0.4	12.	174.14	226.343862	118.02
6.064376	0.4	12.	136.9032	180.77	118.02
4.401155	0.4	12.	97.003802	172.6	118.02
4.705423	0.4	12.	104.39	157.89	121.388993
4.718052	0.4	12.	104.72	150.04	113.32017
5.484843	0.4	12.	94.166533	163.12	118.02
4.489959	0.4	12.	94.94	133.37	120.928253
4.97113	0.4	12.	146.44	152.33	121.372405
4.806779	0.4	12.	156.21	141.159983	118.02
5.943162	0.4	12.	159.575757	166.39	118.02
4.37768	0.4	12.	188.16	214.250803	118.02
5.888392	0.4	12.	193.495594	203.33	118.02
5.023668	0.4	12.	200.646584	194.18	118.02
5.31407	0.4	12.	134.38	223.93	115.45426
4.827901	0.4	12.	222.38	177.390271	118.02
5.279863	0.4	12.	181.96	96.42	113.191112
4.614284	0.4	12.	233.13	114.4	115.161942
5.06843	0.4	12.	231.5	127.749349	118.02
4.820601	0.4	12.	241.93	121.92	122.639384
4.39539	0.4	12.	248.13	117.35	116.381852
4.804781	0.4	12.	141.22	128.649953	118.02
4.618171	0.4	12.	134.614802	121.27	118.02
4.779899	0.4	12.	151.65	90.21	121.917227
5.598738	0.4	12.	171.53	142.544753	118.02
4.662517	0.4	12.	178.7	149.06	122.424485
5.383799	0.4	12.	175.77	159.623623	118.02
4.686725	0.4	12.	203.8	166.081685	118.02
4.544548	0.4	12.	178.05	189.93	121.439787
4.700902	0.4	12.	157.19	186.66	118.251521
4.877713	0.4	12.	151.	198.325295	118.02
4.81086	0.4	12.	158.82	206.27	122.663551
4.437774	0.4	12.	122.64	189.93	121.463318
5.982232	0.4	12.	86.79	173.58	119.865205
4.846834	0.4	12.	109.93	103.29	119.77945
4.864291	0.4	12.	196.117347	147.75	118.02
4.680962	0.4	12.	238.456488	189.93	118.02
5.1425	0.4	12.	214.88	206.6	115.470849
4.504102	0.4	12.	194.35	220.66	121.456642
4.424854	0.4	12.	167.62	234.06	116.216611
4.468188	0.4	12.	101.439718	83.67	118.02
4.384243	0.4	12.	181.96	110.48	122.333911
4.411546	0.4	12.	181.96	118.65	126.345529
4.656755	0.4	12.	176.75	102.78214	124.46
4.68624	0.4	12.	195.217804	128.46	124.46
4.590864	0.4	12.	245.039037	160.5	124.46
4.981766	0.4	12.	223.03	169.502247	124.46
4.439882	0.4	12.	210.97	165.542125	124.46
4.650747	0.4	12.	192.72	191.470897	124.46
4.479145	0.4	12.	131.609862	206.6	124.46
7.235864	0.4	12.	125.9	218.921125	124.46
5.856753	0.4	12.	138.29	168.35	119.220404
5.289657	0.4	12.	137.100888	158.54	124.46
4.508236	0.4	12.	121.67	152.98	122.196802
4.705264	0.4	12.	77.231081	141.54	124.46
4.468641	0.4	12.	85.374237	136.96	124.46
4.43553	0.4	12.	84.18	127.744682	124.46
4.712471	0.4	12.	84.18	116.301467	124.46
4.486259	0.4	12.	123.545376	115.38	124.46
4.524964	0.4	12.	126.336814	128.13	124.46
4.549613	0.4	12.	119.38	97.73	122.202935
4.75247	0.4	12.	110.26	84.98	120.850309
4.510784	0.4	12.	154.91	118.65	122.662428
4.688716	0.4	12.	150.680401	107.86	124.46
4.873219	0.4	12.	162.08	106.174475	124.46
4.627828	0.4	12.	164.69	93.160839	124.46
5.258003	0.4	12.	194.67	51.136427	124.46
4.977154	0.4	12.	203.15	69.850557	124.46
4.422714	0.4	12.	196.517739	84.	124.46
4.472046	0.4	12.	239.65	106.88	126.678973
5.223404	0.4	12.	172.562636	130.42	124.46
4.715935	0.4	12.	205.650112	121.92	124.46
4.421995	0.4	12.	122.32	169.307174	124.46
4.941266	0.4	12.	165.070808	220.33	124.46
5.275475	0.4	12.	200.22	197.45	129.674197
4.634239	0.4	12.	132.914041	101.32	124.46
4.530695	0.4	12.	137.31	114.620834	124.46
5.046966	0.4	12.	103.74	114.335327	124.46
5.877159	0.4	12.	228.212794	105.9	124.46
4.591054	0.4	12.	116.78	89.88	126.260999
4.519708	0.4	12.	137.64	106.88	130.563682
4.983911	0.4	12.	144.252168	84.65	127.11
4.522596	0.4	12.	134.7	73.86	126.963189
4.607619	0.4	12.	122.97	73.86	128.358518
4.761293	0.4	12.	166.64	66.049475	127.11
4.383917	0.4	12.	167.62	75.5	124.85619
5.618301	0.4	12.	217.463164	87.27	127.11
4.565209	0.4	12.	202.82	111.169731	127.11
4.720301	0.4	12.	192.07	143.941397	127.11
4.900139	0.4	12.	186.31546	135.98	127.11
5.808425	0.4	12.	147.756303	162.79	127.11
4.523395	0.4	12.	126.88	158.993021	127.11
4.744425	0.4	12.	196.63	184.04	129.888008
4.381976	0.4	12.	213.25	184.7	123.117881
5.802741	0.4	12.	240.095773	182.41	127.11
4.383889	0.4	12.	216.84	155.12159	127.11
4.492959	0.4	12.	196.63	117.95287	127.11
4.532491	0.4	12.	189.772486	106.88	127.11
4.762925	0.4	12.	187.83	81.959147	127.11
5.232761	0.4	12.	192.07	92.5	122.727067
5.476219	0.4	12.	196.943843	61.76	127.11
4.792907	0.4	12.	139.234177	93.48	127.11
5.074717	0.4	12.	166.32	84.65	128.896725
7.423843	0.4	12.	73.202772	109.5	127.11
4.386592	0.4	12.	96.24	157.753011	127.11
4.682957	0.4	12.	116.86581	180.77	127.11
4.995889	0.4	12.	212.257791	130.75	127.11
4.529283	0.4	12.	201.52	135.33	123.454084
5.567296	0.4	12.	224.01	134.02	125.729267
4.538543	0.4	12.	248.45	145.523278	127.11
4.797659	0.4	12.	234.76	172.976069	127.11
4.486889	0.4	12.	177.695926	85.96	127.11
5.04159	0.4	12.	177.73	173.58	125.749437
4.418682	0.4	12.	174.14	164.228186	127.11
5.677123	0.4	12.	190.11	164.1	125.685369
4.572488	0.4	12.	205.43	187.64	131.579189
4.889799	0.4	12.	196.96	175.54	123.890075
5.076799	0.4	12.	180.99	225.857896	127.11
4.46419	0.4	12.	180.01	216.74	123.532257
4.676346	0.4	12.	144.48	64.083697	128.7
4.807381	0.4	12.	214.23	75.119027	128.7
6.84665	0.4	12.	227.654103	75.5	128.7
4.901443	0.4	12.	235.291143	85.96	128.7
4.389009	0.4	12.	138.29	202.518222	128.7
4.887561	0.4	12.	97.289577	214.12	128.7
4.467169	0.4	12.	87.459853	209.87	128.7
5.219679	0.4	12.	177.4	237.1632	128.7
6.05251	0.4	12.	176.75	57.84	124.840792
4.458998	0.4	12.	172.51	77.46	133.27519
4.626942	0.4	12.	225.96	91.52	134.228147
4.669499	0.4	12.	247.8	102.63	131.550423
6.053419	0.4	12.	240.3	69.538938	130.37
4.425327	0.4	12.	152.63	55.176706	130.37
4.60688	0.4	12.	177.73	70.92	126.08199
4.744069	0.4	12.	186.53	66.516285	130.37
5.288998	0.4	12.	128.84	81.38	131.237776
5.653539	0.4	12.	106.238845	93.81	130.37
5.974766	0.4	12.	105.04	82.04	132.786056
6.14428	0.4	12.	86.049497	83.34	130.37
4.956324	0.4	12.	96.24	90.54	134.534922
4.847036	0.4	12.	95.59	96.75	126.144685
4.925124	0.4	12.	137.64	192.54	130.782152
4.577311	0.4	12.	114.5	206.00137	130.37
4.756715	0.4	12.	166.290131	185.02	130.37
4.638646	0.4	12.	159.830194	196.79	130.37
4.419363	0.4	12.	230.781733	203.66	130.37
5.017085	0.4	12.	228.498531	188.95	130.37
4.84117	0.4	12.	241.469803	139.58	130.37
4.515023	0.4	12.	206.08	102.562682	130.37
4.485881	0.4	12.	217.49	112.978961	130.37
5.140743	0.4	12.	195.98	99.779318	130.37
4.447383	0.4	12.	204.12535	86.94	130.37
4.662033	0.4	12.	163.06	146.738672	130.37
4.799162	0.4	12.	160.486316	118.	130.37
5.446033	0.4	12.	129.81	149.71	135.008944
4.907996	0.4	12.	127.21	178.16	125.741971
5.150693	0.4	12.	126.55	189.823201	130.37
5.348606	0.4	12.	145.46	209.54	126.771376
4.43086	0.4	12.	112.87	194.83	127.403233
4.827399	0.4	12.	117.1	131.021926	130.37
4.81137	0.4	12.	91.03	150.04	127.068708
4.590422	0.4	12.	84.51	143.17	133.455197
4.760518	0.4	12.	117.668099	102.31	130.37
5.563063	0.4	12.	113.84	115.090084	130.37
4.544738	0.4	12.	145.78	177.83	125.940586
5.233987	0.4	12.	176.323805	201.7	130.37
4.430565	0.4	12.	130.14	198.75	133.269271
4.397647	0.4	12.	89.07	122.258922	130.37
4.713987	0.4	12.	143.18	52.28	126.17928
5.320937	0.4	12.	209.601811	173.91	130.37
4.897268	0.4	12.	154.26	151.02	127.843352
4.526713	0.4	12.	183.27	144.48	129.953416
5.022852	0.4	12.	150.35	123.88	129.518077
6.769959	0.4	12.	52.404501	176.85	130.37
4.570714	0.4	12.	123.62	145.79	127.58291
4.540451	0.4	12.	114.61827	155.27	130.37
5.631282	0.4	12.	158.5	177.83	129.773622
4.492384	0.4	12.	168.93	174.697628	130.37
4.698432	0.4	12.	186.2	155.314391	130.37
4.56702	0.4	12.	170.56	106.33891	130.37
4.377826	0.4	12.	100.81	196.076759	130.37
4.865464	0.4	12.	186.381358	181.75	130.37
4.633463	0.4	12.	190.76	171.29	134.638946
4.899773	0.4	12.	194.67	75.046682	130.37
5.016205	0.4	12.	136.98	133.69	125.750086
4.620591	0.4	12.	162.41	163.89266	130.37
4.839901	0.4	12.	128.84	66.253237	130.37
5.222277	0.4	12.	135.68	58.82	132.729344
4.427688	0.4	12.	128.84	57.19	126.056796
4.711717	0.4	12.	119.830246	60.78	130.37
5.315742	0.4	12.	108.63	70.067964	130.37
4.454159	0.4	12.	166.97	139.25	136.480806
5.44041	0.4	12.	157.19	124.86	137.467336
4.389067	0.4	12.	157.84	108.99944	132.56
4.669074	0.4	12.	155.89	96.09	131.106194
4.470307	0.4	12.	166.939774	96.75	132.56
4.512047	0.4	12.	156.54	64.511212	132.56
5.221609	0.4	12.	183.92	53.389438	132.56
4.57413	0.4	12.	213.25	65.36	129.652891
6.676257	0.4	12.	200.54	235.784203	132.56
4.387224	0.4	12.	196.3	159.524933	132.56
4.43111	0.4	12.	208.69	147.204027	132.56
5.382325	0.4	12.	217.49	149.39	137.724057
4.373755	0.4	12.	217.82	137.62	135.436653
4.540748	0.4	12.	226.29	151.02	129.600571
4.734906	0.4	12.	227.59	142.19	135.801589
4.941966	0.4	12.	249.43	149.06	136.848272
4.58999	0.4	12.	250.73	138.491037	132.56
6.246959	0.4	12.	257.230377	124.54	132.56
4.543547	0.4	12.	140.24	155.92	133.872612
4.491303	0.4	12.	120.407156	162.46	132.56
4.850269	0.4	12.	107.517044	124.86	132.56
4.708202	0.4	12.	94.61	114.229927	132.56
4.645788	0.4	12.	97.528697	125.19	132.56
4.771539	0.4	12.	101.13	186.	135.384351
4.432	0.4	12.	121.01	199.41	133.939269
4.413077	0.4	12.	123.95	209.121528	132.56
4.517071	0.4	12.	218.14	103.94	131.399077
4.778648	0.4	12.	214.88	96.09	136.619316
5.408986	0.4	12.	213.9	82.04	136.307955
4.47112	0.4	12.	131.12	90.54	133.978533
4.544822	0.4	12.	161.1	132.95662	132.56
5.762719	0.4	12.	213.58	122.25	137.361029
4.822021	0.4	12.	210.32	111.13	136.384519
5.106447	0.4	12.	184.832278	127.48	132.56
4.429931	0.4	12.	168.611966	122.25	132.56
6.050084	0.4	12.	132.889376	171.29	132.56
4.397428	0.4	12.	198.26	206.93	128.755395
5.27126	0.4	12.	174.14	213.450246	132.56
4.512747	0.4	12.	89.279162	164.42	132.56
4.377129	0.4	12.	88.42	154.62	135.917464
5.681079	0.4	12.	77.67	130.781448	132.56
5.209399	0.4	12.	143.791096	73.86	132.56
4.585816	0.4	12.	160.45	72.88	136.277927
5.880408	0.4	12.	188.16	78.77	138.440332
6.413077	0.4	12.	203.8	94.79	138.386323
4.423821	0.4	12.	173.16	115.06	128.95244
4.532836	0.4	12.	221.07	121.92	129.246659
4.501364	0.4	12.	235.567748	99.04	132.56
5.331853	0.4	12.	239.98	163.77	135.913129
5.116632	0.4	12.	225.64	161.48	134.982365
5.532178	0.4	12.	239.	151.02	133.102231
5.67464	0.4	12.	234.11	160.17	127.23104
5.146221	0.4	12.	140.9	146.155615	132.56
4.543481	0.4	12.	150.67	146.44	136.089085
5.965815	0.4	12.	145.631626	135.65	132.56
4.93858	0.4	12.	128.84	138.6	131.723129
4.901545	0.4	12.	114.5	147.1	137.422384
4.933628	0.4	12.	177.07	183.39	136.781668
5.020242	0.4	12.	168.93	194.5	133.593766
4.523494	0.4	12.	201.52	214.45	132.650923
4.881285	0.4	12.	211.95	215.187814	132.56
5.072852	0.4	12.	148.72	223.27	136.162044
5.06539	0.4	12.	141.55	215.1	136.48582
4.915139	0.4	12.	104.72	179.46	127.754609
5.022474	0.4	12.	147.41	100.67	133.074914
5.074932	0.4	12.	130.14	116.366006	132.56
4.632487	0.4	12.	126.23	106.88	132.122709
4.533331	0.4	12.	122.222658	94.13	132.56
4.965147	0.4	12.	116.13	81.05	130.661064
5.095058	0.4	12.	162.245522	55.55	132.56
4.890184	0.4	12.	166.32	63.73	136.925228
4.388603	0.4	12.	205.993162	77.13	132.56
4.627801	0.4	12.	244.470772	130.75	132.56
4.503967	0.4	12.	225.64	115.38	135.251899
4.395382	0.4	12.	64.63	183.06	128.30931
5.589983	0.4	12.	57.550281	191.56	132.56
4.799475	0.4	12.	64.105524	174.89	132.56
4.607888	0.4	12.	71.15	199.08	134.935083
4.754514	0.4	12.	78.156624	169.98	132.56
4.659728	0.4	12.	73.75	182.08	130.035369
4.725193	0.4	12.	87.77	182.73	131.141251
4.745135	0.4	12.	81.21172	189.6	132.56
4.520086	0.4	12.	87.12	198.75	136.941736
4.385003	0.4	12.	92.33	191.642894	132.56
4.727459	0.4	12.	94.94	202.800434	132.56
5.193917	0.4	12.	105.060154	207.91	132.56
4.624566	0.4	12.	79.95	205.960243	132.56
6.291013	0.4	12.	61.69	162.14	127.667888
5.563982	0.4	12.	244.867678	91.19	132.56
4.614255	0.4	12.	144.48	185.227233	133.7
4.745918	0.4	12.	143.83	204.31	136.622081
4.774674	0.4	12.	189.46	201.7	133.785156
5.090726	0.4	12.	207.06	200.72	136.964658
4.763448	0.4	12.	205.76	224.668698	133.7
4.480597	0.4	12.	170.702484	227.85	133.7
4.715937	0.4	12.	164.945813	208.56	133.7
4.701963	0.4	12.	155.56	140.23	130.678352
4.617395	0.4	12.	105.7	139.258758	133.7
4.393166	0.4	12.	97.22	143.117814	133.7
4.484951	0.4	12.	150.716381	88.57	133.7
4.621003	0.4	12.	153.61	78.44	130.566293
4.586969	0.4	12.	173.16	87.59	135.18444
5.731085	0.4	12.	245.832715	118.33	133.7
4.816768	0.4	12.	193.37	66.34	137.76552
4.386401	0.4	12.	102.11	106.88	134.901039
5.120639	0.4	12.	91.34266	102.63	133.7
4.773513	0.4	12.	66.366679	153.31	133.7
4.40855	0.4	12.	80.6	160.319494	133.7
4.534931	0.4	12.	171.915887	146.77	133.7
5.051677	0.4	12.	220.75	181.1	131.275054
4.585008	0.4	12.	145.46	126.5	137.994147
4.801546	0.4	12.	121.01	174.780908	133.7
4.499077	0.4	12.	128.51	180.77	134.686122
4.690185	0.4	12.	115.118027	187.31	133.7
4.579889	0.4	12.	91.836339	132.38	133.7
4.548427	0.4	12.	137.873569	123.56	133.7
5.013198	0.4	12.	176.75	137.94	132.429432
6.222502	0.4	12.	110.853795	169.33	133.7
5.836661	0.4	12.	104.113985	158.54	133.7
4.933189	0.4	12.	106.02	148.08	130.018298
4.521643	0.4	12.	94.61	175.87	129.716735
4.480578	0.4	12.	97.699249	167.37	133.7
4.51815	0.4	12.	77.34	152.33	130.860848
4.569477	0.4	12.	175.773056	155.27	133.7
4.562577	0.4	12.	151.	172.6	137.851395
5.103478	0.4	12.	156.21	188.95	135.537823
4.642521	0.4	12.	149.390597	196.79	133.7
4.740557	0.4	12.	153.28	209.066026	133.7
6.089012	0.4	12.	188.229953	231.78	133.7
4.477863	0.4	12.	190.76	215.43	133.517792
4.439227	0.4	12.	195.883698	224.26	133.7
4.501676	0.4	12.	183.038719	209.54	133.7
4.376897	0.4	12.	202.17	165.41	135.418857
5.081966	0.4	12.	198.91	149.184543	133.7
4.779117	0.4	12.	205.43	158.21	129.022898
4.65807	0.4	12.	202.17	138.928005	133.7
4.958045	0.4	12.	218.47	196.47	129.598265
4.677965	0.4	12.	216.19	206.27	130.043663
4.49421	0.4	12.	198.029323	124.86	133.7
4.38183	0.4	12.	184.833509	103.29	133.7
4.443711	0.4	12.	181.31	93.854976	133.7
4.422733	0.4	12.	231.18	133.107319	133.7
5.023588	0.4	12.	232.48	123.418563	133.7
4.394342	0.4	12.	204.45	117.632067	140.29
4.385476	0.4	12.	189.030862	119.31	140.29
4.410332	0.4	12.	181.64	112.628754	140.29
5.643843	0.4	12.	173.865228	129.44	140.29
5.298905	0.4	12.	147.087759	111.46	140.29
4.789377	0.4	12.	139.27	118.65	141.522081
5.237991	0.4	12.	126.23	128.46	137.013433
4.602555	0.4	12.	121.67	139.013002	140.29
5.065513	0.4	12.	121.99	114.08	138.323976
4.946622	0.4	12.	114.82	122.495505	140.29
4.416182	0.4	12.	121.01	100.441385	140.29
4.413787	0.4	12.	130.47	99.04	136.692328
4.489388	0.4	12.	140.431847	98.38	140.29
4.628227	0.4	12.	113.84	89.88	140.488698
4.831563	0.4	12.	105.7	117.199837	140.29
4.5329	0.4	12.	137.96	163.77	138.503664
4.532327	0.4	12.	126.23	161.48	141.054518
4.602577	0.4	12.	119.494705	168.02	140.29
4.977536	0.4	12.	161.43	201.845271	140.29
5.026198	0.4	12.	173.49	189.93	144.092322
4.706371	0.4	12.	173.49	98.876109	140.29
5.262873	0.4	12.	202.549021	71.25	140.29
4.861969	0.4	12.	209.978863	63.73	140.29
4.382438	0.4	12.	197.93	55.23	137.143986
4.526379	0.4	12.	194.67	50.65	144.191683
6.305367	0.4	12.	145.94225	54.24	140.29
4.744734	0.4	12.	110.861617	134.35	140.29
4.722118	0.4	12.	76.191112	145.14	140.29
4.820436	0.4	12.	137.367498	186.98	140.29
5.031292	0.4	12.	193.37	190.25	140.14831
4.411418	0.4	12.	216.84	167.04	137.96059
4.584645	0.4	12.	219.117677	177.18	140.29
5.198739	0.4	12.	162.41	214.12	144.087909
4.486872	0.4	12.	159.15	225.133612	140.29
4.664088	0.4	12.	202.17	125.52	144.285273
4.807037	0.4	12.	222.05	106.681196	140.29
4.594151	0.4	12.	128.452806	204.97	140.29
4.396621	0.4	12.	85.197205	134.67	140.29
4.741435	0.4	12.	161.76	89.437882	140.29
4.516774	0.4	12.	161.43	102.248718	140.29
4.647049	0.4	12.	241.61	105.29312	140.29
4.554932	0.4	12.	145.4255	85.96	142.71
4.628138	0.4	12.	139.279487	73.21	142.71
4.636836	0.4	12.	120.36	74.52	139.056271
4.797688	0.4	12.	128.84	70.085048	142.71
4.978405	0.4	12.	168.93	72.88	141.145414
4.430725	0.4	12.	159.948571	80.07	142.71
4.555814	0.4	12.	168.949682	83.34	142.71
4.667688	0.4	12.	191.342564	89.88	142.71
4.429105	0.4	12.	180.66	90.740094	142.71
5.673941	0.4	12.	196.3	111.79	137.89115
5.071118	0.4	12.	210.64	131.886035	142.71
5.704904	0.4	12.	188.81	138.27	137.176308
4.706705	0.4	12.	208.36	186.98	141.682404
5.214745	0.4	12.	135.36	109.100843	142.71
4.703417	0.4	12.	86.016794	113.75	142.71
5.065045	0.4	12.	150.35	156.790435	142.71
5.238365	0.4	12.	144.16	166.39	147.783247
4.686467	0.4	12.	163.39	168.02	139.834122
4.75627	0.4	12.	177.07	173.58	138.489451
4.444356	0.4	12.	185.55	197.187225	142.71
4.44227	0.4	12.	170.88	163.12	145.920394
4.571136	0.4	12.	180.33	164.75	142.638303
5.34696	0.4	12.	196.63	178.48	139.907568
5.01334	0.4	12.	197.549582	142.19	142.71
4.695456	0.4	12.	233.13	109.5	139.463264
5.309484	0.4	12.	218.47	88.57	143.927199
4.485488	0.4	12.	198.59	106.56	146.306169
4.921822	0.4	12.	228.455909	96.75	142.71
4.476412	0.4	12.	107.475583	186.98	142.71
4.578082	0.4	12.	122.64	181.43	141.721591
4.744197	0.4	12.	177.060748	79.09	145.74
5.005345	0.4	12.	177.73	56.86	142.332826
4.745038	0.4	12.	147.41	65.280044	145.74
5.286338	0.4	12.	206.73	84.19207	145.74
4.516536	0.4	12.	226.62	90.21	149.793199
4.557278	0.4	12.	214.23	72.23	149.295563
4.687743	0.4	12.	220.42	75.82	143.351524
4.604112	0.4	12.	131.514167	152.65	145.74
4.997852	0.4	12.	116.78	153.152046	145.74
4.493387	0.4	12.	136.01	195.35331	145.74
4.370459	0.4	12.	136.01	204.64	145.747879
6.333265	0.4	12.	174.14	202.68	144.196094
5.368524	0.4	12.	185.87	161.48	150.323536
4.79535	0.4	12.	195.	166.39	142.004489
5.907492	0.4	12.	208.04	168.512426	145.74
5.798634	0.4	12.	186.2	182.41	142.352051
4.629366	0.4	12.	117.43	116.36	149.030178
5.252516	0.4	12.	128.84	123.024796	145.74
4.987478	0.4	12.	116.78	129.44	147.406624
4.472808	0.4	12.	85.16	145.39317	145.74
4.605545	0.4	12.	94.61	150.37	142.470621
4.824001	0.4	12.	103.805777	153.96	145.74
4.646211	0.4	12.	96.9	162.14	141.51154
4.657218	0.4	12.	123.95	146.77	149.192844
5.469725	0.4	12.	148.72	182.08	144.664426
4.762793	0.4	12.	115.8	204.97	142.742603
4.910887	0.4	12.	94.494174	98.06	145.74
4.500478	0.4	12.	102.11	84.65	143.480114
7.123138	0.4	12.	108.3	72.550006	145.74
5.116627	0.4	12.	156.87	57.19	147.432943
4.447304	0.4	12.	174.14	66.448101	145.74
4.510113	0.4	12.	197.93	80.73	142.310212
4.63904	0.4	12.	185.22	68.984646	145.74
4.431779	0.4	12.	190.11	58.82	142.819443
4.73574	0.4	12.	153.93	132.147742	145.74
5.626684	0.4	12.	140.57	132.943385	145.74
5.782458	0.4	12.	161.1	157.89	150.025424
4.645433	0.4	12.	158.17	149.71	143.30743
4.618973	0.4	12.	159.565797	182.41	145.74
4.896423	0.4	12.	166.97	174.56	145.952299
5.41855	0.4	12.	179.36	152.427379	145.74
4.51412	0.4	12.	182.94	141.548376	145.74
4.397815	0.4	12.	189.13	156.58	141.665669
4.39267	0.4	12.	189.549613	148.73	145.74
5.097611	0.4	12.	190.44	171.94	150.352163
8.496909	0.4	12.	225.205578	190.58	145.74
4.988383	0.4	12.	211.95	179.14	148.006288
4.668905	0.4	12.	200.87	194.229948	145.74
5.591535	0.4	12.	200.54	184.7	150.391964
5.403443	0.4	12.	140.24	175.87	141.578985
4.475049	0.4	12.	126.55	192.87	149.960485
4.782441	0.4	12.	112.54	98.771398	145.74
4.702699	0.4	12.	103.74	99.36	142.035896
6.418466	0.4	12.	80.92	173.91	145.492648
6.792601	0.4	12.	72.352595	193.2	145.74
4.406477	0.4	12.	73.1	161.48	146.307316
4.895397	0.4	12.	108.95	197.77	142.538179
4.473097	0.4	12.	175.12	108.19	144.533603
5.132009	0.4	12.	192.39	130.608027	145.74
4.532176	0.4	12.	134.7	85.3	142.079078
5.130411	0.4	12.	125.177388	83.67	145.74
6.081721	0.4	12.	176.75	219.889481	145.74
5.830546	0.4	12.	158.17	100.186016	149.99
4.406452	0.4	12.	172.94885	87.92	149.99
4.63394	0.4	12.	153.93	75.17	154.227709
4.694338	0.4	12.	149.7	75.5	145.501929
5.870157	0.4	12.	155.24	88.382324	149.99
6.01727	0.4	12.	196.96	66.218855	149.99
5.770643	0.4	12.	209.02	109.5	147.714012
5.20068	0.4	12.	215.21	99.141084	149.99
4.728797	0.4	12.	212.6	89.55	152.188735
4.932688	0.4	12.	154.26	141.503854	149.99
4.529922	0.4	12.	137.96	158.939737	149.99
4.553509	0.4	12.	167.79444	184.37	149.99
4.700146	0.4	12.	141.55	191.89	153.469705
4.647276	0.4	12.	144.430755	205.62	149.99
5.21673	0.4	12.	119.38	177.247902	149.99
4.51652	0.4	12.	169.9	137.62	146.046093
4.829082	0.4	12.	165.52971	123.56	149.99
4.499387	0.4	12.	156.87	127.15	154.304531
6.018675	0.4	12.	156.975102	112.11	149.99
4.72868	0.4	12.	147.346469	125.85	149.99
4.861532	0.4	12.	194.267303	200.39	149.99
4.679203	0.4	12.	186.2	207.91	146.091819
4.459874	0.4	12.	207.06	201.658549	149.99
5.880688	0.4	12.	222.38	154.678688	149.99
4.617776	0.4	12.	221.4	143.834772	149.99
4.566001	0.4	12.	220.75	134.35	146.610415
5.462667	0.4	12.	219.802223	114.4	149.99
4.481685	0.4	12.	237.37	117.02	151.777893
4.398119	0.4	12.	209.02	124.86	154.280366
4.518878	0.4	12.	217.82	124.781704	149.99
5.049534	0.4	12.	186.2	85.753428	149.99
4.81906	0.4	12.	187.953235	97.07	149.99
6.235227	0.4	12.	199.24	95.44	151.242175
4.409594	0.4	12.	191.74	76.529193	149.99
4.398411	0.4	12.	170.56	62.75	154.140023
4.899294	0.4	12.	158.175152	67.65	149.99
5.04763	0.4	12.	164.04	142.52	152.232031
5.302671	0.4	12.	168.93	149.71	146.31558
4.484904	0.4	12.	110.26	122.951115	149.99
4.615825	0.4	12.	107.33	136.63	153.434497
4.599747	0.4	12.	88.765187	132.38	149.99
4.82502	0.4	12.	93.96	124.54	154.319865
5.895644	0.4	12.	95.92	144.48	151.131496
4.511255	0.4	12.	111.24	160.450489	149.99
4.532484	0.4	12.	165.99	195.692971	149.99
5.577072	0.4	12.	88.095056	162.79	149.99
4.418369	0.4	12.	94.61	171.959151	149.99
4.472512	0.4	12.	116.211366	187.31	149.99
5.064491	0.4	12.	82.55	152.98	151.156193
6.256682	0.4	12.	65.926963	153.96	149.99
4.52811	0.4	12.	145.13	92.69406	149.99
4.455772	0.4	12.	133.07	90.192428	149.99
4.44108	0.4	12.	114.877343	83.67	149.99
5.006469	0.4	12.	222.7	165.73	148.102524
4.528645	0.4	12.	136.98	122.9	153.645347
4.627802	0.4	12.	131.44	115.38	153.932797
4.88668	0.4	12.	140.24	82.04	153.979824
5.033292	0.4	12.	165.99	92.82	154.338183
6.924948	0.4	12.	218.157991	57.51	149.99
5.701051	0.4	12.	188.81	42.776669	149.99
4.395388	0.4	12.	184.516535	53.59	149.99
4.662044	0.4	12.	167.95	55.88	147.234217
5.09927	0.4	12.	212.93	149.39	147.452643
4.769606	0.4	12.	95.755511	114.73	149.99
4.387911	0.4	12.	83.86	123.824455	149.99
6.019617	0.4	12.	121.9096	93.81	149.99
4.700947	0.4	12.	147.297697	150.04	149.99
5.194074	0.4	12.	136.33	144.528678	149.99
4.437662	0.4	12.	131.12	133.69	149.442611
4.818421	0.4	12.	182.61	124.962786	149.99
4.828932	0.4	12.	175.44	119.63	145.217547
4.384173	0.4	12.	202.82	158.678522	149.99
4.471001	0.4	12.	203.15	149.06	154.002559
4.43329	0.4	12.	156.21	174.660947	149.99
5.163727	0.4	12.	152.3	191.89	152.635145
5.449153	0.4	12.	130.47	173.398065	149.99
4.431718	0.4	12.	110.58	174.56	153.006038
4.792732	0.4	12.	107.33	152.65	154.759835
5.120736	0.4	12.	110.91	144.81	148.662766
4.793595	0.4	12.	99.83	136.31	145.210166
5.162012	0.4	12.	101.13	126.17	146.204764
4.770745	0.4	12.	106.35	108.52	148.196191
4.427873	0.4	12.	117.75	106.745961	149.99
4.947002	0.4	12.	148.39	100.67	145.324789
4.458609	0.4	12.	143.5	113.592426	149.99
5.397553	0.4	12.	227.59	79.421221	149.99
4.663731	0.4	12.	236.244783	87.92	149.99
4.523309	0.4	12.	171.53	104.311394	157.48
4.95742	0.4	12.	190.563627	119.96	157.48
4.416213	0.4	12.	198.59	126.83	156.737729
4.856269	0.4	12.	205.1	114.518773	157.48
4.524739	0.4	12.	223.68	103.29	156.913695
4.874746	0.4	12.	203.960736	73.53	157.48
4.902025	0.4	12.	212.12879	66.34	157.48
4.375477	0.4	12.	184.24	64.38	154.203833
7.144702	0.4	12.	148.72	49.463793	157.48
4.790392	0.4	12.	149.350535	62.09	157.48
4.420598	0.4	12.	162.73	106.253837	157.48
4.476238	0.4	12.	116.11731	100.34	157.48
4.593118	0.4	12.	131.907267	104.27	157.48
4.372172	0.4	12.	122.322513	109.17	157.48
4.373316	0.4	12.	116.13	88.789126	157.48
4.55306	0.4	12.	115.447263	122.58	157.48
4.385437	0.4	12.	125.25	127.81	154.673679
6.254295	0.4	12.	118.689313	137.62	157.48
5.246995	0.4	12.	129.16	143.102646	157.48
4.636443	0.4	12.	119.38	149.06	157.161028
4.811225	0.4	12.	126.23	159.19	153.812934
5.017601	0.4	12.	136.156441	152.	157.48
4.447613	0.4	12.	174.14	138.92	154.237409
4.818476	0.4	12.	210.64	142.204466	157.48
5.36074	0.4	12.	171.899526	129.44	157.48
5.108986	0.4	12.	217.82	167.69	158.091865
5.51577	0.4	12.	172.19	191.548554	157.48
8.097158	0.4	12.	128.84	210.944377	157.48
4.531221	0.4	12.	160.78	201.04	155.278135
4.941198	0.4	12.	161.1	213.14	155.235057
4.731968	0.4	12.	124.6	175.54	160.516986
5.018212	0.4	12.	87.12	137.62	159.823683
5.019996	0.4	12.	79.262635	131.08	157.48
4.723397	0.4	12.	86.063661	117.67	157.48
4.515058	0.4	12.	106.02	118.868948	157.48
4.861818	0.4	12.	138.29	96.75	156.866967
4.755405	0.4	12.	182.29	114.362326	157.48
4.443898	0.4	12.	148.083963	108.84	157.48
4.947345	0.4	12.	146.613264	118.65	157.48
5.185401	0.4	12.	146.76	154.62	161.831351
5.017413	0.4	12.	199.585796	52.61	157.48
4.59106	0.4	12.	200.22	104.368557	158.77
4.469767	0.4	12.	214.141597	133.37	158.77
4.623616	0.4	12.	198.59	141.87	160.240417
4.812782	0.4	12.	188.48	140.356704	158.77
5.592154	0.4	12.	165.99	79.42	154.032393
4.940573	0.4	12.	163.399628	70.27	158.77
4.384054	0.4	12.	128.568038	73.53	158.77
5.209054	0.4	12.	139.59	72.23	156.788287
4.500443	0.4	12.	173.619514	84.65	158.77
5.087211	0.4	12.	121.99	185.364119	158.77
4.641339	0.4	12.	112.54	181.814969	158.77
4.617943	0.4	12.	178.7	183.71	162.578893
4.831181	0.4	12.	189.79	90.21	163.305312
5.011014	0.4	12.	180.01	96.75	156.20261
5.005001	0.4	12.	145.020951	143.5	158.77
5.323658	0.4	12.	146.44	132.06	158.501761
4.829853	0.4	12.	160.043544	118.65	158.77
4.5119	0.4	12.	168.6	113.758169	158.77
4.425851	0.4	12.	181.96	81.018233	158.77
4.413781	0.4	12.	208.726993	100.02	158.77
4.991419	0.4	12.	188.48	105.58	156.494654
4.810462	0.4	12.	187.5	129.271829	158.77
5.330211	0.4	12.	208.663848	157.56	158.77
4.934251	0.4	12.	177.4	159.056401	158.77
4.500936	0.4	12.	198.333634	159.19	158.77
5.138187	0.4	12.	166.64	167.04	155.088901
5.216164	0.4	12.	193.37	192.22	157.529048
5.257741	0.4	12.	206.73	194.768866	158.77
6.234242	0.4	12.	214.12339	184.7	158.77
4.624447	0.4	12.	178.05	178.81	154.640868
4.58948	0.4	12.	182.43161	197.77	158.77
5.227546	0.4	12.	200.54	171.94	154.743103
4.997104	0.4	12.	182.721582	169.66	158.77
5.404589	0.4	12.	149.7	172.775075	158.77
4.832888	0.4	12.	152.63	161.81	156.959881
4.615648	0.4	12.	141.55	183.890591	158.77
4.557888	0.4	12.	172.751239	208.89	158.77
7.101834	0.4	12.	118.08	198.75	157.980252
4.91508	0.4	12.	132.75	196.125953	158.77
6.101754	0.4	12.	142.85	199.73	161.538531
4.461189	0.4	12.	131.190261	182.73	158.77
4.455729	0.4	12.	140.391093	163.77	158.77
5.043942	0.4	12.	131.631048	167.69	158.77
4.64601	0.4	12.	118.41	168.68	157.740206
5.149464	0.4	12.	99.153386	182.73	158.77
6.256478	0.4	12.	104.72	195.860461	158.77
4.46938	0.4	12.	88.866344	177.83	158.77
4.420705	0.4	12.	214.56	115.571167	158.77
5.698902	0.4	12.	203.8	135.33	153.391826
5.147937	0.4	12.	216.84	81.557667	158.77
4.76747	0.4	12.	232.81	108.226176	158.77
6.692158	0.4	12.	229.55	121.823752	158.77
4.588712	0.4	12.	226.94	133.241201	158.77
7.060401	0.4	12.	118.41	67.639721	158.77
4.660457	0.4	12.	120.36	80.4	158.400056
4.446345	0.4	12.	152.96	207.25	155.792607
4.948987	0.4	12.	187.18	154.94	159.269982
4.966446	0.4	12.	183.92	161.16	167.343691
4.725379	0.4	12.	191.605325	166.39	162.41
4.669763	0.4	12.	186.85	173.58	166.710322
4.805816	0.4	12.	187.18	181.43	159.127334
4.463005	0.4	12.	206.715957	169.33	162.41
5.146764	0.4	12.	205.43	84.32	157.846785
5.150431	0.4	12.	201.84	79.75	167.083023
4.525528	0.4	12.	191.74	77.695301	162.41
5.132925	0.4	12.	219.169246	71.9	162.41
4.44955	0.4	12.	191.09	57.929777	162.41
4.77146	0.4	12.	174.47	66.01	162.805662
4.457023	0.4	12.	181.813977	72.55	162.41
4.713572	0.4	12.	171.86	75.908701	162.41
4.711514	0.4	12.	128.84	86.395057	162.41
4.815376	0.4	12.	174.47	108.84	165.19567
4.376716	0.4	12.	198.568501	119.31	162.41
4.508905	0.4	12.	126.55	152.426472	162.41
6.36233	0.4	12.	90.778181	162.79	162.41
4.378118	0.4	12.	97.55	152.98	159.992339
5.56973	0.4	12.	78.228883	145.46	162.41
4.593399	0.4	12.	125.58	121.377752	162.41
4.544625	0.4	12.	140.9	137.29	166.289665
4.702087	0.4	12.	159.47	146.12	160.243632
4.380004	0.4	12.	166.257799	152.33	162.41
4.379628	0.4	12.	154.91	105.678319	162.41
4.481858	0.4	12.	193.04	148.4	165.763071
4.63911	0.4	12.	195.33	134.35	166.671331
4.495059	0.4	12.	113.19	112.105136	162.41
4.511805	0.4	12.	117.1	129.44	165.246449
4.939085	0.4	12.	144.16	177.18	166.905084
4.807713	0.4	12.	154.629506	186.66	162.41
4.431577	0.4	12.	161.1	179.14	159.089919
4.93045	0.4	12.	169.9	174.23	166.083654
4.586489	0.4	12.	175.44	148.4	159.053703
5.095741	0.4	12.	159.8	159.19	164.568409
4.511219	0.4	12.	180.66	136.521622	162.41
4.505917	0.4	12.	186.2	116.04	166.595097
6.712428	0.4	12.	194.02	184.37	168.583726
4.397556	0.4	12.	203.211353	179.46	162.41
5.279715	0.4	12.	197.93	204.138595	162.41
5.061533	0.4	12.	177.73	56.104227	162.41
5.414914	0.4	12.	158.82	60.298389	162.41
4.971764	0.4	12.	109.28	102.63	167.245378
4.614905	0.4	12.	102.44	101.	158.846662
7.486644	0.4	12.	99.5	94.46	169.495795
4.385881	0.4	12.	107.65	91.84	158.365265
4.43706	0.4	12.	117.75	159.52	160.873193
4.793488	0.4	12.	88.525512	148.4	162.41
4.414815	0.4	12.	158.82	94.79	163.568279
4.374402	0.4	12.	150.35	97.23185	165.21
4.418453	0.4	12.	143.18	86.61	163.664411
5.620065	0.4	12.	135.68	78.682388	165.21
4.510653	0.4	12.	149.04	77.614362	165.21
4.889906	0.4	12.	126.23	96.09	164.09234
4.694564	0.4	12.	140.267215	120.29	165.21
4.617825	0.4	12.	132.42	124.86	169.044197
4.458544	0.4	12.	149.37	123.899406	165.21
4.509833	0.4	12.	157.19	130.1	166.128188
5.030591	0.4	12.	156.87	141.21	169.030992
5.299452	0.4	12.	172.59755	121.27	165.21
4.730378	0.4	12.	206.73	108.73045	165.21
5.332537	0.4	12.	222.38	112.743212	165.21
4.420783	0.4	12.	216.51	126.138438	165.21
4.413748	0.4	12.	220.1	142.52	163.177404
6.910501	0.4	12.	221.4	156.189747	165.21
4.397233	0.4	12.	170.23	95.77	163.265535
4.433336	0.4	12.	155.89	86.29	161.062247
4.593292	0.4	12.	157.464328	169.66	165.21
4.662723	0.4	12.	105.37	156.232559	165.21
5.206007	0.4	12.	101.323288	145.79	165.21
4.522161	0.4	12.	134.05	160.584821	165.21
4.715388	0.4	12.	183.947485	98.38	165.21
4.42835	0.4	12.	137.764391	191.23	165.21
4.666497	0.4	12.	108.3	137.94	163.310617
6.124818	0.4	12.	104.39	128.13	166.319867
4.43201	0.4	12.	95.60216	136.96	165.21
4.410858	0.4	12.	90.383305	128.79	165.21
4.442079	0.4	12.	98.2	119.96	162.994771
5.996343	0.4	12.	100.81	110.15	168.313748
4.71255	0.4	12.	166.32	86.29	164.420318
4.625848	0.4	12.	112.87	77.670471	165.21
4.518612	0.4	12.	106.044625	84.32	165.21
4.525274	0.4	12.	153.969687	69.94	165.21
4.421225	0.4	12.	212.27	150.37	169.477354
4.76062	0.4	12.	203.47	150.69	165.837096
4.96918	0.4	12.	202.17	160.83	170.102319
4.801736	0.4	12.	164.69	195.853961	165.21
4.745379	0.4	12.	166.64	183.590222	165.21
4.675048	0.4	12.	153.93	194.5	168.077653
4.553371	0.4	12.	147.09	188.29	168.661067
4.772539	0.4	12.	175.529508	202.02	165.21
4.401308	0.4	12.	129.45689	135.33	165.21
4.428372	0.4	12.	144.585613	111.79	165.21
4.912073	0.4	12.	133.4	114.4	169.537848
4.899792	0.4	12.	142.53	103.61	169.722916
5.771671	0.4	12.	166.852279	137.94	165.21
4.742919	0.4	12.	169.58	162.385229	165.21
4.463911	0.4	12.	180.99	126.5	164.994445
4.593765	0.4	12.	183.473219	147.75	165.21
5.771598	0.4	12.	196.63	67.05023	165.21
4.619307	0.4	12.	215.53	100.973756	165.21
4.679968	0.4	12.	213.9	91.610213	165.21
5.17547	0.4	12.	110.58	168.257771	165.21
5.208725	0.4	12.	111.89	148.029097	165.21
4.388695	0.4	12.	166.321409	131.08	173.09
4.439132	0.4	12.	172.19	136.63	176.901825
4.722717	0.4	12.	179.871679	141.87	173.09
4.418022	0.4	12.	177.73	129.463758	173.09
5.387369	0.4	12.	148.285307	154.62	173.09
4.839927	0.4	12.	137.31	152.65	177.552668
5.317399	0.4	12.	130.747798	143.5	173.09
5.174174	0.4	12.	120.36	149.71	171.202477
4.405237	0.4	12.	206.269167	123.23	173.09
4.967164	0.4	12.	192.72	125.136424	173.09
4.599868	0.4	12.	166.32	109.917003	173.09
4.688662	0.4	12.	151.33	106.573825	173.09
5.348555	0.4	12.	132.1	103.94	169.508628
4.371279	0.4	12.	124.93	110.48	170.535413
4.468458	0.4	12.	118.08	111.13	176.723419
5.745058	0.4	12.	122.486874	163.44	173.09
5.24333	0.4	12.	168.553552	190.91	173.09
5.052217	0.4	12.	217.16	165.009046	173.09
5.075794	0.4	12.	206.41	69.28	170.437092
4.429755	0.4	12.	134.05	93.44937	173.09
4.91893	0.4	12.	116.13	93.81	177.234043
4.496006	0.4	12.	120.04	101.625138	173.09
4.810501	0.4	12.	112.87	121.376468	173.09
4.782169	0.4	12.	123.62	133.218821	173.09
5.424866	0.4	12.	111.386834	137.94	173.09
4.552462	0.4	12.	193.37	112.77	173.998709
4.383226	0.4	12.	159.341491	101.98	173.09
4.379159	0.4	12.	155.839255	117.35	173.09
4.763399	0.4	12.	210.64	141.21	176.889856
6.100286	0.4	12.	112.400925	176.19	173.09
9.033416	0.4	12.	100.81	171.29	181.666634
5.474419	0.4	12.	130.49549	175.21	173.09
4.656597	0.4	12.	131.44	190.25	175.327578
7.579301	0.4	12.	120.36	195.558789	173.09
5.490943	0.4	12.	226.94	85.63	177.093172
6.031717	0.4	12.	183.27	61.46643	173.09
4.400634	0.4	12.	188.48	93.81	173.761764
4.561124	0.4	12.	179.03	97.675078	174.76
4.411482	0.4	12.	168.773342	97.73	174.76
4.3739	0.4	12.	170.23	83.02	174.287992
4.755062	0.4	12.	159.801033	80.4	174.76
4.491489	0.4	12.	164.69	72.55	177.872367
5.603166	0.4	12.	137.31	162.961282	174.76
5.974103	0.4	12.	178.05	186.33	180.580024
4.763377	0.4	12.	210.97	131.776118	174.76
4.566279	0.4	12.	191.74	140.56	172.702396
4.73492	0.4	12.	201.19	106.88	178.584502
5.057794	0.4	12.	121.34	180.45	179.697865
5.892915	0.4	12.	179.68	87.27	172.012643
4.410568	0.4	12.	187.5	103.416158	176.27
4.509617	0.4	12.	201.19	140.695047	176.27
5.426064	0.4	12.	214.394204	116.36	176.27
4.403452	0.4	12.	148.397019	143.17	176.27
5.13933	0.4	12.	140.9	131.08	178.490669
8.07982	0.4	12.	137.31	68.816069	176.27
4.483725	0.4	12.	123.3	77.698352	176.27
4.472565	0.4	12.	189.894594	172.93	178.77
4.848979	0.4	12.	180.01	164.1	182.090959
4.423467	0.4	12.	195.793261	165.41	178.77
4.669812	0.4	12.	189.201531	157.89	178.77
4.431246	0.4	12.	168.6	172.27	175.258281
5.566451	0.4	12.	158.5	161.81	176.773797
5.013449	0.4	12.	160.78	151.02	173.921373
4.767606	0.4	12.	194.02	130.75	182.719238
5.143541	0.4	12.	195.65	146.77	183.19588
4.913908	0.4	12.	184.9	121.762886	178.77
4.397364	0.4	12.	176.1	110.48	177.452462
5.199919	0.4	12.	174.010009	120.29	178.77
5.058183	0.4	12.	188.591242	80.4	178.77
4.539711	0.4	12.	175.448262	73.86	178.77
5.821581	0.4	12.	124.500584	118.98	178.77
4.603444	0.4	12.	119.06	130.1	182.17082
6.450309	0.4	12.	102.314522	118.65	178.77
4.600624	0.4	12.	111.56	103.845464	178.77
5.015892	0.4	12.	148.39	165.73	180.020114
5.40302	0.4	12.	142.53	181.066859	178.77
4.418529	0.4	12.	125.25	155.296879	178.77
5.141271	0.4	12.	178.7	155.6	174.380717
4.763673	0.4	12.	170.88	150.959435	178.77
5.4496	0.4	12.	185.660652	135.33	178.77
4.844812	0.4	12.	203.8	134.35	182.815882
5.0072	0.4	12.	201.19	117.67	183.047576
5.036263	0.4	12.	161.43	178.48	175.067994
4.882243	0.4	12.	156.21	185.68	183.385087
4.470814	0.4	12.	176.75	175.763494	178.77
5.711106	0.4	12.	205.43	172.6	174.70102
5.142585	0.4	12.	200.54	74.267583	178.77
5.849442	0.4	12.	210.97	83.02	177.890071
7.106823	0.4	12.	157.84	172.6	186.883972
5.067639	0.4	12.	149.367093	98.06	180.66
4.498699	0.4	12.	143.5	88.57	184.63098
6.010516	0.4	12.	150.35	72.253873	180.66
5.320687	0.4	12.	143.5	120.94	176.534535
5.405755	0.4	12.	151.33	124.21	185.749175
5.129198	0.4	12.	164.04	145.79	184.975887
4.432167	0.4	12.	164.36	135.	182.199812
4.794671	0.4	12.	170.23	163.346814	180.66
5.429113	0.4	12.	207.392453	152.	180.66
4.584311	0.4	12.	198.91	158.87	184.661443
5.28515	0.4	12.	184.57	148.4	182.601455
6.880751	0.4	12.	226.994527	108.52	180.66
5.353091	0.4	12.	210.97	103.944443	180.66
4.532134	0.4	12.	215.21	92.5	184.961919
4.449131	0.4	12.	153.93	82.36	184.182538
5.105772	0.4	12.	160.672076	90.21	180.66
4.761314	0.4	12.	174.53847	90.86	180.66
4.511699	0.4	12.	141.55	82.36	176.213677
4.904852	0.4	12.	130.79	88.9	182.955927
5.236034	0.4	12.	137.64	119.63	185.779026
4.539953	0.4	12.	128.84	131.73	181.816618
6.766562	0.4	12.	137.64	143.17	186.164271
4.398523	0.4	12.	140.24	110.15	177.485962
4.641538	0.4	12.	139.59	101.457712	180.66
5.106856	0.4	12.	159.8	125.19	177.05158
4.832138	0.4	12.	160.13	113.570271	180.66
4.919099	0.4	12.	166.32	106.88	185.122894
5.265392	0.4	12.	178.05	129.011045	188.31
5.266153	0.4	12.	176.745735	140.56	188.31
5.435412	0.4	12.	155.429656	109.83	191.34
5.081746	0.4	12.	172.84	97.73	189.826071
5.259617	0.4	12.	167.3	81.05	192.325323
5.031203	0.4	12.	198.26	101.	192.97239
6.004954	0.4	12.	191.41	109.17	186.659245
5.145225	0.4	12.	195.367234	121.92	191.34
5.471426	0.4	12.	147.911344	136.31	191.34
5.36344	0.4	12.	152.3	146.368586	191.34
6.332551	0.4	12.	143.5	155.27	188.232536
4.409332	0.4	12.	139.92	127.439816	191.34
5.547637	0.4	12.	127.53	111.947023	191.34
5.673995	0.4	12.	130.79	101.025254	191.34
4.627466	0.4	12.	179.03	95.11	197.431372
6.220599	0.4	12.	191.41	141.87	193.563147
4.934119	0.4	12.	194.67	131.4	199.10791
4.726851	0.4	12.	168.27	118.33	191.173531
4.969701	0.4	12.	178.805325	109.17	195.28
4.952905	0.4	12.	176.75	75.17	198.212476
5.583176	0.4	12.	161.76	98.71	190.931467
4.808262	0.4	12.	149.7	117.978962	195.28
5.361249	0.4	12.	186.85	116.126418	195.28
5.002926	0.4	12.	186.53	126.723933	195.28
4.887283	0.4	12.	201.19	114.366163	195.28
4.910622	0.4	12.	205.1	123.23	196.802006
6.920993	0.4	12.	216.094408	113.75	195.28
6.518843	0.4	12.	191.41	83.85705	195.28
4.85011	0.4	12.	180.01	85.635655	195.28
4.931093	0.4	12.	158.190629	156.58	195.28
4.671808	0.4	12.	173.99222	150.37	195.28
5.354767	0.4	12.	187.571437	155.27	195.28
4.881086	0.4	12.	150.67	164.42	197.167495
5.098104	0.4	12.	204.13	136.781497	195.28
4.695604	0.4	12.	131.77	79.586523	194.6
5.125517	0.4	12.	142.2	68.680706	194.6
5.231614	0.4	12.	156.552013	68.3	194.6
4.508932	0.4	12.	168.93	70.59	192.663299
4.91116	0.4	12.	155.56	92.82	197.929438
5.859832	0.4	12.	147.41	102.63	201.100994
4.834683	0.4	12.	140.24	115.06	198.974567
4.426781	0.4	12.	151.	127.48	195.689077
4.669246	0.4	12.	161.98968	135.65	198.77
4.436763	0.4	12.	175.535858	121.6	198.77
7.600799	0.4	12.	172.19	131.4	206.043445
4.872828	0.4	12.	153.28	77.46	200.643212
4.819389	0.4	12.	142.53	80.492728	198.77
5.576618	0.4	12.	136.01	88.898138	198.77
4.534627	0.4	12.	145.78	90.21	195.959402
6.2078	0.4	12.	155.89	57.123538	198.77
4.345824	1.	11.	171.11	228.140242	86.66
4.615937	1.	11.	233.69	212.84	93.061094
5.053276	1.	11.	244.762318	199.44	90.14
4.380641	1.	11.	246.4	80.43	91.350322
4.641572	1.	11.	227.600646	88.9	109.69
4.973957	1.	11.	247.15	74.84	109.848544
7.517433	1.	11.	141.22	44.33192	112.19
4.680572	1.	11.	115.47	65.03	138.012634
7.042813	1.	11.	173.16	42.27041	138.85
5.157203	1.	11.	202.82	43.238194	138.85
4.985984	1.	11.	208.48086	53.26	138.85
4.31151	1.	11.	236.72	79.42	143.92515
4.63069	1.	11.	163.06	66.01	170.047864
4.316299	1.	11.	189.13	69.523461	178.85
4.510788	1.	11.	140.204069	59.8	189.38
4.47294	1.	11.	177.73	118.8415	188.92
5.059111	1.	11.	151.	173.513203	173.77
4.878088	1.	11.	102.44	165.550249	155.29
5.962698	1.	11.	237.05	99.04	154.40933
4.351415	1.	11.	226.62	175.87	145.619227
5.917076	1.	11.	226.62	97.07	165.043341
4.287135	1.	11.	221.73	95.11	175.377732
7.837093	1.	11.	195.	246.315059	121.65
4.782365	1.	11.	157.19	220.33	102.828848
5.035341	1.	11.	222.7	63.739238	131.73
4.5442	1.	11.	186.95577	99.36	190.89
5.311014	1.	11.	153.61	134.694035	181.8
4.826503	1.	11.	163.71	124.902688	197.03
4.462809	1.	11.	196.63	90.54	184.239048
4.349134	1.	11.	205.43	90.21	184.834379
4.337018	1.	11.	201.52	86.94	177.142766
4.710232	1.	11.	200.22	97.42099	177.26
4.593663	1.	11.	191.74	45.42	132.997837
4.99781	1.	11.	183.92	43.78	126.858259
4.91474	1.	11.	205.1	44.11	126.327466
5.747952	1.	11.	132.42	46.977029	128.24