5.882660	0.400000	12.000000	-80.961088	137.970000	-0.150000	
5.853329	0.400000	12.000000	-77.181372	150.720000	-0.150000	
7.883157	0.400000	12.000000	-75.620000	169.750204	-0.150000	
5.380475	0.400000	12.000000	-92.503481	127.180000	-0.150000	
4.590824	0.400000	12.000000	-85.390000	145.619662	5.530000	
6.171851	0.400000	12.000000	-58.670000	165.526959	5.530000	
5.837510	0.400000	12.000000	-63.560000	142.870000	8.762438	
5.161632	0.400000	12.000000	-66.300801	180.150000	5.530000	
6.029683	0.400000	12.000000	-74.310000	189.370431	5.530000	
5.286040	0.400000	12.000000	-99.080000	143.291282	5.530000	
4.555514	0.400000	12.000000	-108.244326	150.070000	5.530000	
7.161192	0.400000	12.000000	-104.620000	128.284873	5.530000	
4.374631	0.400000	12.000000	-129.390000	127.765385	5.530000	
4.751539	0.400000	12.000000	-119.290000	132.090000	2.115948	
7.405263	0.400000	12.000000	-115.202752	113.120000	5.530000	
6.906168	0.400000	12.000000	-104.950000	97.028016	6.360000	
6.259145	0.400000	12.000000	-87.917341	118.680000	6.360000	
5.153739	0.400000	12.000000	-73.089763	117.700000	7.200000	
5.974183	0.400000	12.000000	-80.830000	95.470000	1.440875	
5.268433	0.400000	12.000000	-88.141957	102.010000	7.200000	
6.031315	0.400000	12.000000	-126.073832	103.310000	8.110000	
5.785560	0.400000	12.000000	-83.440000	180.150000	4.210280	
6.896082	0.400000	12.000000	-91.260000	164.391429	9.170000	
7.409619	0.400000	12.000000	-72.386323	102.660000	10.150000	
6.932543	0.400000	12.000000	-101.240384	115.080000	10.150000	
4.540083	0.400000	12.000000	-117.010000	142.870000	7.775409	
5.098864	0.400000	12.000000	-123.274996	151.050000	10.980000	
6.208348	0.400000	12.000000	-58.990000	182.694933	15.600000	
5.761903	0.400000	12.000000	-50.850000	171.990541	15.600000	
5.067565	0.400000	12.000000	-72.030000	164.130000	17.441778	
7.096662	0.400000	12.000000	-80.180000	135.318783	16.510000	
5.276851	0.400000	12.000000	-92.943140	128.160000	16.510000	
5.792118	0.400000	12.000000	-64.392558	129.800000	17.570000	
6.338019	0.400000	12.000000	-62.250000	117.050000	18.129626	
9.147091	0.400000	12.000000	-80.830000	78.404652	17.570000	
5.874478	0.400000	12.000000	-119.290000	95.470000	21.478785	
8.089037	0.400000	12.000000	-102.990000	168.187681	18.410000	
4.919668	0.400000	12.000000	-83.760000	157.553681	18.410000	
5.838597	0.400000	12.000000	-69.175026	150.720000	18.410000	
4.936175	0.400000	12.000000	-95.500000	181.450000	16.157782	
6.980852	0.400000	12.000000	-70.730000	190.940000	19.964496	
5.046630	0.400000	12.000000	-68.450000	180.150000	25.719680	
4.548056	0.400000	12.000000	-54.760000	163.905812	21.970000	
6.338776	0.400000	12.000000	-89.630000	147.428647	21.970000	
4.722660	0.400000	12.000000	-101.690000	151.050000	21.517018	
4.600065	0.400000	12.000000	-104.991354	140.260000	21.970000	
6.318988	0.400000	12.000000	-60.512193	140.590000	21.970000	
4.652508	0.400000	12.000000	-90.280000	114.100000	22.501703	
4.931181	0.400000	12.000000	-104.620000	128.129815	21.970000	
5.398882	0.400000	12.000000	-119.940000	114.430000	23.406788	
5.658827	0.400000	12.000000	-108.037772	104.300000	21.970000	
4.637981	0.400000	12.000000	-117.661892	131.430000	21.970000	
4.399444	0.400000	12.000000	-129.070000	131.430000	19.051892	
6.038276	0.400000	12.000000	-82.790000	106.910000	17.548584	
5.907964	0.400000	12.000000	-103.970000	88.288199	21.970000	
4.516866	0.400000	12.000000	-88.441694	90.560000	23.710000	
6.426379	0.400000	12.000000	-78.220000	119.660000	22.665493	
4.571034	0.400000	12.000000	-83.760000	179.490000	21.591344	
6.402451	0.400000	12.000000	-88.000000	169.030000	23.791215	
5.435885	0.400000	12.000000	-125.804495	153.340000	27.270000	
7.109309	0.400000	12.000000	-117.990000	142.870000	28.822082	
4.518504	0.400000	12.000000	-115.050000	157.812914	28.100000	
7.100510	0.400000	12.000000	-75.940000	94.810000	24.184473	
5.571140	0.400000	12.000000	-105.600000	116.927864	28.940000	
5.448901	0.400000	12.000000	-62.900000	170.010000	25.022602	
5.776475	0.400000	12.000000	-90.054124	189.300000	29.770000	
7.623760	0.400000	12.000000	-98.146115	129.800000	35.150000	
5.140046	0.400000	12.000000	-79.200000	139.930000	32.245254	
4.383393	0.400000	12.000000	-86.370000	132.761905	34.470000	
4.588277	0.400000	12.000000	-72.030000	164.780000	36.303029	
4.552788	0.400000	12.000000	-78.880000	181.450000	39.089718	
5.324945	0.400000	12.000000	-64.845859	182.110000	35.380000	
5.289132	0.400000	12.000000	-54.100000	189.396007	35.380000	
7.338930	0.400000	12.000000	-50.190000	175.900000	39.621143	
5.893439	0.400000	12.000000	-44.330000	161.312906	33.180000	
5.101449	0.400000	12.000000	-51.500000	145.490000	32.765069	
4.741713	0.400000	12.000000	-55.981949	154.640000	35.300000	
5.061506	0.400000	12.000000	-50.850000	134.700000	34.339782	
6.433803	0.400000	12.000000	-47.799024	122.930000	36.210000	
4.596942	0.400000	12.000000	-59.516124	122.280000	36.210000	
4.693599	0.400000	12.000000	-66.490000	129.800000	38.271877	
4.809643	0.400000	12.000000	-62.900000	96.450000	39.252983	
6.125578	0.400000	12.000000	-67.470000	86.784936	36.210000	
5.658561	0.400000	12.000000	-60.620000	106.910000	35.499994	
5.468451	0.400000	12.000000	-79.585060	88.930000	36.210000	
6.773107	0.400000	12.000000	-95.704272	99.060000	37.120000	
4.593487	0.400000	12.000000	-83.440000	99.594167	38.030000	
5.917972	0.400000	12.000000	-88.330000	109.617961	38.030000	
5.765371	0.400000	12.000000	-107.230000	91.322980	38.030000	
4.997382	0.400000	12.000000	-109.840000	101.680000	33.165595	
5.618623	0.400000	12.000000	-117.990000	101.030000	42.860609	
5.571574	0.400000	12.000000	-132.650000	100.630478	29.010000	
7.110564	0.400000	12.000000	-106.250000	187.670000	25.227641	
4.450289	0.400000	12.000000	-120.933763	189.950000	30.450000	
4.904632	0.400000	12.000000	-112.770000	196.452508	32.650000	
5.056686	0.400000	12.000000	-81.480000	214.150000	32.357134	
4.480709	0.400000	12.000000	-71.380000	207.940000	29.623044	
6.603145	0.400000	12.000000	-75.940000	195.931871	32.720000	
5.932251	0.400000	12.000000	-58.910670	202.380000	32.720000	
4.615587	0.400000	12.000000	-61.600000	214.646631	33.560000	
7.388035	0.400000	12.000000	-61.069052	226.900000	33.560000	
5.344243	0.400000	12.000000	-71.700000	219.114849	33.560000	
4.400032	0.400000	12.000000	-74.640000	228.768163	33.560000	
9.839136	0.400000	12.000000	-77.570000	243.144150	34.390000	
6.226990	0.400000	12.000000	-119.940000	172.630000	34.346896	
4.525589	0.400000	12.000000	-158.080000	140.910000	30.554913	
5.638299	0.400000	12.000000	-154.228297	129.470000	34.390000	
6.708090	0.400000	12.000000	-167.561944	128.490000	34.390000	
4.648170	0.400000	12.000000	-159.456940	157.590000	37.040000	
6.862416	0.400000	12.000000	-148.950000	169.156822	37.040000	
5.072937	0.400000	12.000000	-147.320000	147.200588	36.210000	
4.452532	0.400000	12.000000	-144.390000	132.286058	34.470000	
4.968103	0.400000	12.000000	-136.890000	144.180000	31.071845	
4.824945	0.400000	12.000000	-138.190000	153.660000	36.687819	
5.795084	0.400000	12.000000	-132.650000	163.762889	36.660000	
4.511349	0.400000	12.000000	-149.883934	156.610000	37.650000	
4.726324	0.400000	12.000000	-146.020000	118.998978	37.650000	
5.918677	0.400000	12.000000	-120.590000	115.740000	36.475647	
5.208945	0.400000	12.000000	-132.636519	127.510000	37.650000	
5.214958	0.400000	12.000000	-109.840000	126.200000	40.505073	
4.405345	0.400000	12.000000	-108.860000	140.303504	37.650000	
4.907587	0.400000	12.000000	-87.020000	144.615587	37.650000	
5.672319	0.400000	12.000000	-102.990000	150.070000	36.491546	
6.181055	0.400000	12.000000	-84.090000	161.480363	39.310000	
5.247305	0.400000	12.000000	-62.580000	147.683583	41.440000	
6.388021	0.400000	12.000000	-97.130000	161.916754	41.440000	
4.490378	0.400000	12.000000	-94.850000	174.778394	44.310000	
5.673531	0.400000	12.000000	-111.790000	165.760000	45.349699	
5.859364	0.400000	12.000000	-125.810000	149.090000	42.447811	
4.678909	0.400000	12.000000	-123.318120	138.950000	44.310000	
5.158350	0.400000	12.000000	-136.933726	188.970000	46.060000	
4.596419	0.400000	12.000000	-124.830000	187.646851	46.060000	
4.626323	0.400000	12.000000	-112.989850	187.340000	46.060000	
8.000801	0.400000	12.000000	-110.160000	208.590000	42.814064	
4.466794	0.400000	12.000000	-95.557101	218.730000	46.890000	
4.990462	0.400000	12.000000	-84.420000	214.150000	48.303605	
4.741505	0.400000	12.000000	-72.174786	209.900000	47.800000	
4.516443	0.400000	12.000000	-81.480000	222.980000	44.471648	
5.134685	0.400000	12.000000	-106.499464	195.190000	47.800000	
5.166291	0.400000	12.000000	-76.920000	200.740000	47.290013	
5.027672	0.400000	12.000000	-64.530000	202.050000	51.598762	
4.466318	0.400000	12.000000	-59.650000	194.752816	47.800000	
6.289468	0.400000	12.000000	-47.569214	190.610000	47.800000	
6.062876	0.400000	12.000000	-72.680000	188.970000	47.224804	
5.456121	0.400000	12.000000	-63.560000	165.760000	45.097100	
5.218928	0.400000	12.000000	-47.260000	162.107884	48.780000	
4.737656	0.400000	12.000000	-73.990000	147.120000	49.704505	
4.501727	0.400000	12.000000	-76.059834	128.820000	48.780000	
4.582239	0.400000	12.000000	-84.420000	116.621936	48.780000	
4.869118	0.400000	12.000000	-74.640000	106.260000	50.326483	
5.580426	0.400000	12.000000	-97.130000	110.830000	52.010184	
4.388973	0.400000	12.000000	-130.370000	86.310000	50.173662	
6.013341	0.400000	12.000000	-129.720000	105.600000	44.143077	
4.548512	0.400000	12.000000	-109.510000	86.334623	48.780000	
5.749242	0.400000	12.000000	-87.680000	75.200000	44.434133	
5.615825	0.400000	12.000000	-91.590000	191.920000	43.555320	
4.454569	0.400000	12.000000	-61.980148	213.170000	50.600000	
4.410556	0.400000	12.000000	-70.400000	221.670000	51.817443	
6.037763	0.400000	12.000000	-60.273263	226.570000	50.600000	
5.202505	0.400000	12.000000	-78.880000	226.900000	54.875654	
5.441500	0.400000	12.000000	-76.920000	237.453835	50.600000	
6.226226	0.400000	12.000000	-45.630000	147.031157	50.600000	
4.680527	0.400000	12.000000	-48.560000	135.350000	54.149199	
4.659065	0.400000	12.000000	-57.690000	146.140000	50.196691	
4.412369	0.400000	12.000000	-74.310000	116.070000	48.448778	
4.590979	0.400000	12.000000	-82.130000	180.839756	50.600000	
6.150101	0.400000	12.000000	-63.761017	179.490000	50.600000	
4.572343	0.400000	12.000000	-42.477521	173.280000	50.600000	
5.411216	0.400000	12.000000	-73.641048	168.050000	50.600000	
4.799558	0.400000	12.000000	-99.080000	131.969633	50.600000	
4.931068	0.400000	12.000000	-97.130000	143.709026	50.600000	
4.374068	0.400000	12.000000	-120.221932	166.090000	52.270000	
6.257901	0.400000	12.000000	-157.100000	140.910000	47.226772	
5.572232	0.400000	12.000000	-166.473368	127.510000	50.370000	
5.252481	0.400000	12.000000	-143.324430	129.800000	50.370000	
4.836460	0.400000	12.000000	-125.160000	97.097345	50.370000	
4.509435	0.400000	12.000000	-128.740000	112.800000	53.344640	
6.090125	0.400000	12.000000	-96.480000	82.143863	50.370000	
4.706120	0.400000	12.000000	-98.760000	72.250000	46.279017	
4.740629	0.400000	12.000000	-75.620000	78.790000	47.445622	
5.161495	0.400000	12.000000	-124.510000	76.725881	50.370000	
8.674617	0.400000	12.000000	-147.320000	103.640000	43.308357	
5.174481	0.400000	12.000000	-99.080000	209.805191	50.370000	
4.962901	0.400000	12.000000	-90.280000	201.070000	53.709582	
5.415720	0.400000	12.000000	-102.670000	182.203915	51.430000	
5.680257	0.400000	12.000000	-127.440000	175.900000	46.630849	
4.463443	0.400000	12.000000	-100.710000	169.831422	51.430000	
5.022327	0.400000	12.000000	-48.079808	122.280000	51.430000	
5.562233	0.400000	12.000000	-63.230000	122.600000	52.078932	
4.843213	0.400000	12.000000	-60.620000	137.097591	51.430000	
4.412520	0.400000	12.000000	-55.410000	156.280000	51.476484	
4.408678	0.400000	12.000000	-51.820000	179.490000	52.710752	
7.846184	0.400000	12.000000	-50.396240	107.890000	51.430000	
4.521586	0.400000	12.000000	-58.888803	96.120000	51.430000	
5.284314	0.400000	12.000000	-76.920000	95.790000	49.159046	
6.485006	0.400000	12.000000	-65.510000	85.368448	51.430000	
4.955450	0.400000	12.000000	-93.540000	124.570000	55.329912	
4.803264	0.400000	12.000000	-83.605819	136.010000	51.430000	
5.339155	0.400000	12.000000	-109.840000	112.800000	50.086918	
5.377481	0.400000	12.000000	-81.810000	86.310000	52.582291	
5.455335	0.400000	12.000000	-140.320115	146.470000	51.430000	
4.937988	0.400000	12.000000	-135.734830	157.910000	51.430000	
4.837490	0.400000	12.000000	-115.050000	157.643096	51.430000	
4.760947	0.400000	12.000000	-87.020000	167.025918	51.430000	
4.826052	0.400000	12.000000	-122.173195	198.130000	51.430000	
4.929064	0.400000	12.000000	-138.520000	94.901910	51.430000	
4.925921	0.400000	12.000000	-134.280000	136.340000	54.293984	
4.781043	0.400000	12.000000	-136.890000	117.700000	53.471720	
5.587113	0.400000	12.000000	-154.820000	129.470000	55.424775	
6.879380	0.400000	12.000000	-167.530000	152.625456	51.430000	
7.163100	0.400000	12.000000	-140.480000	176.880000	46.872782	
5.365456	0.400000	12.000000	-147.320000	161.510000	49.998162	
4.664035	0.400000	12.000000	-152.210000	169.360000	55.996550	
5.032310	0.400000	12.000000	-150.250000	142.220000	56.831061	
5.829090	0.400000	12.000000	-148.301518	117.700000	54.920000	
5.331093	0.400000	12.000000	-101.040000	154.320000	59.643251	
5.974856	0.400000	12.000000	-85.720000	149.090000	58.664271	
6.171625	0.400000	12.000000	-111.790000	124.777325	54.920000	
6.138382	0.400000	12.000000	-129.390000	125.550000	51.602267	
6.109587	0.400000	12.000000	-111.470000	100.310039	54.920000	
5.369204	0.400000	12.000000	-101.337636	92.850000	54.920000	
4.885567	0.400000	12.000000	-89.300000	94.665282	54.920000	
5.768701	0.400000	12.000000	-87.020000	105.360501	54.920000	
4.498279	0.400000	12.000000	-128.576665	165.110000	55.750000	
4.863391	0.400000	12.000000	-132.330000	198.522028	55.750000	
8.780490	0.400000	12.000000	-150.457171	193.220000	55.750000	
5.939015	0.400000	12.000000	-87.680000	237.987061	56.660000	
5.191620	0.400000	12.000000	-118.640000	137.970000	64.048937	
5.209485	0.400000	12.000000	-126.262678	149.740000	59.460000	
5.335837	0.400000	12.000000	-121.900000	119.010000	58.870444	
5.866015	0.400000	12.000000	-107.880000	142.144604	59.460000	
4.556868	0.400000	12.000000	-87.572949	159.550000	59.460000	
4.624137	0.400000	12.000000	-156.770000	153.990000	60.287014	
7.506499	0.400000	12.000000	-75.954891	71.930000	59.460000	
6.392973	0.400000	12.000000	-89.960000	64.080000	56.964415	
4.804560	0.400000	12.000000	-70.400000	137.479683	59.460000	
7.323844	0.400000	12.000000	-92.560000	175.199716	59.460000	
5.541333	0.400000	12.000000	-114.629796	175.240000	59.460000	
4.659016	0.400000	12.000000	-111.596403	163.470000	59.460000	
5.289910	0.400000	12.000000	-136.890000	184.204129	62.720000	
6.690080	0.400000	12.000000	-123.202691	187.340000	62.720000	
4.437383	0.400000	12.000000	-109.840000	204.160081	62.720000	
6.081405	0.400000	12.000000	-92.338947	215.780000	62.720000	
4.594869	0.400000	12.000000	-81.810000	213.820000	65.898443	
5.391655	0.400000	12.000000	-59.650000	172.654712	62.720000	
5.401751	0.400000	12.000000	-70.985679	175.240000	62.720000	
6.174373	0.400000	12.000000	-43.670000	129.140000	62.190970	
4.573692	0.400000	12.000000	-72.360000	190.486151	64.990000	
6.100891	0.400000	12.000000	-59.320000	195.840000	59.508327	
7.818440	0.400000	12.000000	-44.457118	195.840000	64.990000	
4.671245	0.400000	12.000000	-70.070000	209.900000	66.591447	
6.021044	0.400000	12.000000	-58.020000	210.550000	66.848414	
5.869310	0.400000	12.000000	-66.490000	160.200000	59.947399	
4.950998	0.400000	12.000000	-70.097519	147.120000	64.990000	
4.622838	0.400000	12.000000	-87.350000	142.220000	68.214735	
5.629392	0.400000	12.000000	-77.250000	129.800000	65.557359	
4.812032	0.400000	12.000000	-86.388992	123.260000	64.990000	
4.405969	0.400000	12.000000	-69.875623	122.930000	64.990000	
4.422325	0.400000	12.000000	-47.665819	160.860000	64.990000	
4.938219	0.400000	12.000000	-73.033668	103.640000	64.990000	
4.720825	0.400000	12.000000	-83.137941	103.310000	64.990000	
5.497472	0.400000	12.000000	-98.760000	112.800000	68.495444	
4.507140	0.400000	12.000000	-96.273979	98.410000	64.990000	
4.585838	0.400000	12.000000	-110.160000	86.310000	66.319855	
4.748175	0.400000	12.000000	-129.720000	103.640000	68.738006	
5.624035	0.400000	12.000000	-136.338390	87.950000	64.990000	
5.732120	0.400000	12.000000	-102.990000	198.460000	69.032379	
4.840495	0.400000	12.000000	-110.820000	192.240000	64.245913	
4.710846	0.400000	12.000000	-88.000000	189.374898	64.990000	
6.575332	0.400000	12.000000	-76.920000	201.400000	61.627211	
5.288101	0.400000	12.000000	-103.314363	218.070000	65.980000	
7.043744	0.400000	12.000000	-83.770550	228.860000	65.980000	
4.999958	0.400000	12.000000	-64.860000	219.462087	65.980000	
4.634116	0.400000	12.000000	-56.390000	144.840000	67.749179	
8.785064	0.400000	12.000000	-39.565236	144.180000	65.980000	
4.500884	0.400000	12.000000	-50.910166	136.340000	65.980000	
4.783580	0.400000	12.000000	-79.530000	115.410000	70.554031	
4.676135	0.400000	12.000000	-66.455708	111.160000	65.980000	
5.038628	0.400000	12.000000	-96.074459	83.700000	65.980000	
7.000825	0.400000	12.000000	-106.405312	74.870000	65.980000	
5.418922	0.400000	12.000000	-120.920000	75.671312	65.980000	
4.588258	0.400000	12.000000	-126.790000	83.812951	65.980000	
4.629321	0.400000	12.000000	-123.577932	96.450000	65.980000	
4.605735	0.400000	12.000000	-128.740000	113.215676	65.980000	
4.877093	0.400000	12.000000	-145.040000	126.957024	65.980000	
4.513808	0.400000	12.000000	-149.874905	105.280000	65.980000	
5.344958	0.400000	12.000000	-167.486013	130.450000	65.980000	
4.490748	0.400000	12.000000	-98.760000	139.280000	66.077578	
5.196546	0.400000	12.000000	-73.010000	167.400000	69.775525	
5.800961	0.400000	12.000000	-58.469832	183.740000	65.980000	
4.675591	0.400000	12.000000	-103.945327	184.070000	66.960000	
6.497777	0.400000	12.000000	-166.220000	149.898186	66.960000	
5.474753	0.400000	12.000000	-146.397288	144.180000	66.960000	
5.886751	0.400000	12.000000	-139.820000	153.010000	61.695603	
4.567499	0.400000	12.000000	-133.083952	139.280000	66.960000	
4.415911	0.400000	12.000000	-147.543182	96.450000	66.960000	
4.776899	0.400000	12.000000	-82.667291	91.220000	66.960000	
4.480814	0.400000	12.000000	-67.140000	91.530918	66.960000	
4.693373	0.400000	12.000000	-63.560000	119.330000	71.492162	
5.742393	0.400000	12.000000	-47.933324	117.700000	66.960000	
4.674668	0.400000	12.000000	-54.100000	107.669430	66.960000	
5.037344	0.400000	12.000000	-61.270000	134.636673	66.960000	
4.704222	0.400000	12.000000	-49.220000	172.311071	66.960000	
5.704967	0.400000	12.000000	-94.850000	130.450000	70.868984	
5.759732	0.400000	12.000000	-102.670000	122.930000	62.813218	
4.847164	0.400000	12.000000	-102.357612	102.990000	71.210000	
5.269189	0.400000	12.000000	-95.170000	153.660000	69.303737	
4.811008	0.400000	12.000000	-78.529682	150.720000	71.210000	
5.678469	0.400000	12.000000	-116.680000	164.521315	71.210000	
4.521736	0.400000	12.000000	-136.240000	167.070000	67.485231	
6.770987	0.400000	12.000000	-144.390000	157.910000	77.187785	
4.417131	0.400000	12.000000	-147.170005	167.400000	71.210000	
5.537945	0.400000	12.000000	-156.770000	139.930000	66.394422	
4.844893	0.400000	12.000000	-131.680000	191.461329	71.210000	
5.562990	0.400000	12.000000	-150.487540	194.860000	71.210000	
4.909087	0.400000	12.000000	-95.536788	207.280000	71.210000	
5.522601	0.400000	12.000000	-88.980000	199.110000	68.469885	
6.370316	0.400000	12.000000	-41.720000	181.450000	73.666693	
6.877006	0.400000	12.000000	-90.930000	166.854151	71.210000	
4.780143	0.400000	12.000000	-102.340000	167.070000	73.733927	
4.920335	0.400000	12.000000	-115.050000	150.806140	71.210000	
5.024534	0.400000	12.000000	-114.080000	126.200000	66.235852	
4.791549	0.400000	12.000000	-121.001941	107.240000	71.210000	
5.368292	0.400000	12.000000	-132.000000	127.840000	68.296576	
5.613244	0.400000	12.000000	-137.540000	116.720000	73.800409	
4.545620	0.400000	12.000000	-89.630000	96.305074	71.210000	
6.715254	0.400000	12.000000	-75.940000	83.040000	72.693293	
4.386550	0.400000	12.000000	-88.330000	80.271440	71.210000	
4.682110	0.400000	12.000000	-50.850000	153.660000	72.431464	
4.696644	0.400000	12.000000	-56.390000	161.511927	71.210000	
4.552893	0.400000	12.000000	-95.170000	178.180000	73.631945	
5.124599	0.400000	12.000000	-103.970000	157.055961	74.770000	
4.979730	0.400000	12.000000	-117.660000	137.936024	74.770000	
4.531511	0.400000	12.000000	-125.160000	153.010000	78.380213	
4.946811	0.400000	12.000000	-120.590000	116.676397	74.770000	
5.091982	0.400000	12.000000	-80.830000	71.600000	74.780849	
6.743408	0.400000	12.000000	-92.240000	65.390000	73.682054	
9.253057	0.400000	12.000000	-142.110000	72.930787	74.770000	
4.929421	0.400000	12.000000	-140.457605	89.580000	74.770000	
4.993876	0.400000	12.000000	-70.730000	139.610000	71.987668	
4.377244	0.400000	12.000000	-58.340000	126.684948	74.770000	
4.581710	0.400000	12.000000	-126.484890	187.670000	79.310000	
4.410526	0.400000	12.000000	-124.510000	177.860000	82.465015	
4.420335	0.400000	12.000000	-121.250000	201.560628	79.310000	
5.181392	0.400000	12.000000	-109.936562	205.320000	79.310000	
7.151273	0.400000	12.000000	-86.700000	218.730000	75.586305	
6.123974	0.400000	12.000000	-73.330000	219.380000	76.990497	
4.400266	0.400000	12.000000	-73.024640	178.840000	79.310000	
5.354781	0.400000	12.000000	-113.308709	178.510000	79.310000	
5.015344	0.400000	12.000000	-137.220000	187.340000	82.646244	
5.475658	0.400000	12.000000	-157.339828	152.680000	79.310000	
5.446911	0.400000	12.000000	-149.280000	133.390000	74.977238	
5.584873	0.400000	12.000000	-153.190000	115.080000	80.637271	
5.332945	0.400000	12.000000	-106.910000	146.981896	79.310000	
4.574042	0.400000	12.000000	-115.380000	96.450000	79.679974	
5.342159	0.400000	12.000000	-44.980000	125.078683	79.310000	
4.689293	0.400000	12.000000	-41.376371	135.680000	79.310000	
4.629612	0.400000	12.000000	-38.790000	168.700000	76.062522	
4.540543	0.400000	12.000000	-58.340000	172.774335	79.310000	
6.698014	0.400000	12.000000	-149.353633	182.110000	79.310000	
7.037675	0.400000	12.000000	-136.240000	176.550000	75.350650	
4.679167	0.400000	12.000000	-110.709634	216.440000	79.310000	
5.640317	0.400000	12.000000	-76.636541	169.680000	81.430000	
4.864425	0.400000	12.000000	-69.420000	160.200000	83.488266	
4.990044	0.400000	12.000000	-93.220000	144.510000	77.594637	
5.340711	0.400000	12.000000	-82.790000	147.532237	81.430000	
7.967172	0.400000	12.000000	-42.040000	156.599092	81.430000	
4.376538	0.400000	12.000000	-57.690000	184.453904	81.430000	
4.954181	0.400000	12.000000	-76.452778	191.590000	81.430000	
4.603750	0.400000	12.000000	-67.140000	188.093008	81.430000	
4.749130	0.400000	12.000000	-60.013101	213.820000	81.430000	
5.802527	0.400000	12.000000	-80.405799	228.530000	81.430000	
4.567283	0.400000	12.000000	-80.830000	211.860000	85.617962	
4.412547	0.400000	12.000000	-56.710000	205.221506	81.430000	
4.925580	0.400000	12.000000	-59.320000	193.880000	77.591487	
5.080648	0.400000	12.000000	-48.900073	196.820000	81.430000	
4.591187	0.400000	12.000000	-72.030000	133.295413	81.430000	
4.739153	0.400000	12.000000	-82.790000	125.870000	80.117145	
4.918036	0.400000	12.000000	-85.833923	113.450000	81.430000	
4.525892	0.400000	12.000000	-75.650997	106.580000	81.430000	
4.771460	0.400000	12.000000	-68.770000	100.370000	79.171118	
5.089350	0.400000	12.000000	-55.935758	144.510000	81.430000	
5.674612	0.400000	12.000000	-95.069394	106.260000	81.430000	
5.848045	0.400000	12.000000	-94.145120	92.530000	81.430000	
6.083311	0.400000	12.000000	-97.780000	76.809381	81.430000	
5.692215	0.400000	12.000000	-109.991539	82.060000	81.430000	
5.546507	0.400000	12.000000	-118.960000	70.734824	81.430000	
4.564646	0.400000	12.000000	-126.790000	79.461391	82.420000	
4.727671	0.400000	12.000000	-126.888498	105.930000	82.420000	
4.401720	0.400000	12.000000	-152.752800	104.620000	82.420000	
4.675136	0.400000	12.000000	-144.710000	121.950000	81.564560	
4.912575	0.400000	12.000000	-146.340000	143.200000	83.750939	
5.063627	0.400000	12.000000	-158.400000	129.800000	80.211713	
5.031335	0.400000	12.000000	-169.776286	130.450000	82.420000	
4.674563	0.400000	12.000000	-163.940000	144.935942	82.420000	
5.858183	0.400000	12.000000	-125.160000	92.466239	82.420000	
5.113586	0.400000	12.000000	-79.430806	93.830000	82.420000	
5.868260	0.400000	12.000000	-70.070000	93.180000	88.207683	
5.574699	0.400000	12.000000	-64.860000	82.303940	82.420000	
4.911010	0.400000	12.000000	-58.322647	92.200000	82.420000	
4.467929	0.400000	12.000000	-53.786409	119.990000	82.420000	
5.132687	0.400000	12.000000	-102.946778	181.130000	82.420000	
5.474594	0.400000	12.000000	-100.892132	196.820000	82.420000	
4.768009	0.400000	12.000000	-121.900000	193.550000	85.311119	
4.936785	0.400000	12.000000	-100.390000	115.686431	82.420000	
6.043626	0.400000	12.000000	-97.450000	129.850670	82.420000	
4.438208	0.400000	12.000000	-107.095873	135.030000	82.420000	
4.787159	0.400000	12.000000	-137.870000	137.042081	82.420000	
5.444135	0.400000	12.000000	-132.980000	146.800000	79.770743	
4.619719	0.400000	12.000000	-128.090000	138.620000	84.017769	
5.942231	0.400000	12.000000	-142.760000	101.030000	81.405675	
5.463174	0.400000	12.000000	-61.930000	112.800000	81.437151	
4.956055	0.400000	12.000000	-83.785885	181.780000	82.420000	
5.433090	0.400000	12.000000	-91.260000	190.280000	81.865547	
5.693954	0.400000	12.000000	-71.380000	207.943975	82.420000	
4.627442	0.400000	12.000000	-65.177539	124.240000	82.420000	
5.204892	0.400000	12.000000	-100.060000	164.450000	93.602605	
5.223640	0.400000	12.000000	-88.330000	157.365467	89.690000	
4.770709	0.400000	12.000000	-92.560000	148.045391	89.690000	
4.937464	0.400000	12.000000	-55.410000	164.080398	89.690000	
4.421988	0.400000	12.000000	-51.500000	152.030000	92.994450	
4.417119	0.400000	12.000000	-139.500000	119.289075	89.690000	
4.384747	0.400000	12.000000	-158.730000	132.868367	89.690000	
5.268208	0.400000	12.000000	-143.586545	158.570000	90.520000	
5.246156	0.400000	12.000000	-130.370000	157.260000	87.336179	
5.404551	0.400000	12.000000	-136.240000	168.883895	90.520000	
4.484263	0.400000	12.000000	-96.480000	180.873378	90.520000	
4.640342	0.400000	12.000000	-81.752765	174.590000	90.520000	
5.280709	0.400000	12.000000	-63.736825	176.880000	90.520000	
5.444799	0.400000	12.000000	-91.910000	115.522097	90.520000	
5.227170	0.400000	12.000000	-118.640000	119.660000	93.828752	
4.389734	0.400000	12.000000	-117.990000	145.160000	88.106063	
6.014853	0.400000	12.000000	-116.227294	135.030000	90.520000	
4.767851	0.400000	12.000000	-95.956662	99.390000	90.520000	
4.819491	0.400000	12.000000	-142.110000	90.560000	89.092889	
5.877025	0.400000	12.000000	-144.796602	78.140000	90.520000	
4.764475	0.400000	12.000000	-76.612688	71.270000	90.520000	
5.672526	0.400000	12.000000	-78.220000	82.060000	85.296723	
4.476117	0.400000	12.000000	-58.670000	125.870000	93.450825	
4.627750	0.400000	12.000000	-63.880000	133.364234	90.520000	
5.058638	0.400000	12.000000	-67.470000	143.860000	87.491505	
4.680173	0.400000	12.000000	-55.730000	114.430000	94.418130	
4.464577	0.400000	12.000000	-94.237173	204.010000	90.520000	
5.075577	0.400000	12.000000	-117.990000	175.199973	90.520000	
4.627536	0.400000	12.000000	-103.601065	153.990000	90.520000	
4.506402	0.400000	12.000000	-123.200000	163.337829	90.520000	
4.568886	0.400000	12.000000	-112.770000	153.660000	92.841526	
4.648115	0.400000	12.000000	-113.489097	165.760000	90.520000	
4.717826	0.400000	12.000000	-110.820000	192.240000	88.673768	
5.062966	0.400000	12.000000	-44.650000	186.639080	90.520000	
7.065523	0.400000	12.000000	-48.560000	174.586348	90.520000	
4.604169	0.400000	12.000000	-63.697296	152.680000	90.520000	
5.235390	0.400000	12.000000	-87.020000	133.720000	93.129106	
4.533701	0.400000	12.000000	-86.370000	165.760000	94.956154	
6.386474	0.400000	12.000000	-82.790000	199.440000	87.816590	
5.264868	0.400000	12.000000	-132.000000	128.117604	90.520000	
5.553247	0.400000	12.000000	-129.197110	117.370000	90.520000	
4.879465	0.400000	12.000000	-109.190000	123.294765	90.520000	
5.662992	0.400000	12.000000	-109.510000	111.490000	86.992313	
4.712034	0.400000	12.000000	-107.230000	101.030000	86.405977	
5.472266	0.400000	12.000000	-112.727729	88.270000	90.520000	
4.658135	0.400000	12.000000	-118.960000	108.550000	90.786447	
4.759722	0.400000	12.000000	-133.606990	97.760000	90.520000	
4.479880	0.400000	12.000000	-134.610000	75.200000	90.046095	
6.274030	0.400000	12.000000	-89.300000	82.720000	93.265294	
8.496213	0.400000	12.000000	-95.170000	64.186358	90.520000	
7.029234	0.400000	12.000000	-134.145208	201.720000	90.520000	
10.198661	0.400000	12.000000	-120.264889	229.190000	90.520000	
4.401913	0.400000	12.000000	-98.430000	216.760000	93.201923	
4.683647	0.400000	12.000000	-137.540000	187.990000	100.796220	
5.052955	0.400000	12.000000	-120.270000	185.050000	94.978021	
6.030184	0.400000	12.000000	-118.640000	201.400000	96.832833	
5.134434	0.400000	12.000000	-108.530000	210.944351	96.430000	
4.767519	0.400000	12.000000	-106.910000	200.420000	92.607963	
5.779566	0.400000	12.000000	-88.000000	214.761045	96.430000	
5.078311	0.400000	12.000000	-73.330000	220.030000	101.476399	
4.387351	0.400000	12.000000	-74.960000	178.313835	96.430000	
6.274578	0.400000	12.000000	-43.670000	132.240648	96.430000	
9.508208	0.400000	12.000000	-45.765801	103.310000	96.430000	
5.453098	0.400000	12.000000	-126.130000	150.720000	98.772620	
5.071545	0.400000	12.000000	-138.850000	112.271088	96.430000	
4.889858	0.400000	12.000000	-153.510000	108.550000	93.273887	
4.875434	0.400000	12.000000	-130.700000	66.291020	96.430000	
7.066068	0.400000	12.000000	-106.580000	145.490000	100.232022	
4.460410	0.400000	12.000000	-126.130000	173.280000	99.828958	
6.040698	0.400000	12.000000	-141.269563	177.860000	96.430000	
4.520651	0.400000	12.000000	-64.530000	213.703748	97.260000	
5.159456	0.400000	12.000000	-76.920000	206.662719	97.260000	
4.544518	0.400000	12.000000	-78.487484	227.880000	97.260000	
4.851590	0.400000	12.000000	-93.757254	227.550000	97.260000	
4.916848	0.400000	12.000000	-56.710000	204.990000	94.243855	
5.219755	0.400000	12.000000	-79.151358	193.550000	97.260000	
4.545553	0.400000	12.000000	-71.700000	186.360000	93.348292	
4.384308	0.400000	12.000000	-63.607845	186.360000	97.260000	
4.646244	0.400000	12.000000	-63.933780	160.200000	97.260000	
4.693839	0.400000	12.000000	-69.100000	169.345326	97.260000	
5.570185	0.400000	12.000000	-60.300000	168.380000	102.540295	
5.982097	0.400000	12.000000	-42.040000	161.840000	95.637765	
5.172508	0.400000	12.000000	-71.050000	132.410000	98.172447	
4.733900	0.400000	12.000000	-75.521426	142.220000	97.260000	
4.443742	0.400000	12.000000	-84.335433	149.410000	97.260000	
4.553054	0.400000	12.000000	-92.240000	144.355821	98.250000	
4.606530	0.400000	12.000000	-79.530000	117.851830	98.250000	
4.776221	0.400000	12.000000	-73.305763	106.580000	98.250000	
4.606485	0.400000	12.000000	-71.302848	96.450000	98.250000	
4.755724	0.400000	12.000000	-90.857852	95.140000	98.250000	
7.007543	0.400000	12.000000	-100.212570	109.530000	98.250000	
4.645092	0.400000	12.000000	-67.470000	85.010000	96.191988	
4.696449	0.400000	12.000000	-59.320000	94.810000	96.094679	
4.377799	0.400000	12.000000	-101.040000	199.760000	101.512241	
5.769180	0.400000	12.000000	-99.730000	124.864346	98.250000	
4.849735	0.400000	12.000000	-109.190000	133.390000	99.640422	
4.553197	0.400000	12.000000	-99.323032	135.350000	98.250000	
4.839212	0.400000	12.000000	-101.040000	75.886023	98.250000	
4.898600	0.400000	12.000000	-110.160000	79.770000	101.462511	
4.534176	0.400000	12.000000	-122.880000	75.707467	98.250000	
4.970102	0.400000	12.000000	-123.850000	95.470000	97.807591	
5.519134	0.400000	12.000000	-126.130000	106.063426	98.250000	
5.575407	0.400000	12.000000	-127.851954	137.320000	98.250000	
4.985763	0.400000	12.000000	-148.979824	138.620000	98.250000	
5.431394	0.400000	12.000000	-162.267144	146.470000	98.250000	
6.829100	0.400000	12.000000	-155.609408	119.990000	98.250000	
4.763155	0.400000	12.000000	-152.540000	96.297165	98.250000	
4.498047	0.400000	12.000000	-79.918319	126.850000	96.810000	
5.191086	0.400000	12.000000	-89.630000	183.152744	98.020000	
4.453649	0.400000	12.000000	-102.670000	187.670000	93.641437	
5.138480	0.400000	12.000000	-105.117982	179.490000	98.020000	
5.334500	0.400000	12.000000	-67.790000	199.708103	98.020000	
4.395936	0.400000	12.000000	-123.200000	193.220000	101.418660	
5.335633	0.400000	12.000000	-151.508345	150.070000	98.020000	
5.444044	0.400000	12.000000	-139.170000	145.160000	95.257961	
5.237492	0.400000	12.000000	-142.760000	128.490000	99.798279	
5.820719	0.400000	12.000000	-107.880000	92.850000	103.514275	
5.367991	0.400000	12.000000	-62.250000	107.240000	101.834267	
5.705497	0.400000	12.000000	-46.610000	119.503327	98.020000	
4.883078	0.400000	12.000000	-144.390000	101.680000	96.813578	
5.779499	0.400000	12.000000	-132.000000	86.640000	94.166857	
7.933864	0.400000	12.000000	-145.318372	199.760000	101.660000	
5.370399	0.400000	12.000000	-165.296088	134.700000	105.140000	
4.923362	0.400000	12.000000	-142.110000	118.909245	105.140000	
4.519383	0.400000	12.000000	-92.240000	153.010000	105.137759	
5.224882	0.400000	12.000000	-52.470000	149.090000	104.710652	
4.529850	0.400000	12.000000	-79.091936	97.760000	105.140000	
5.366515	0.400000	12.000000	-50.463131	89.580000	105.140000	
4.957007	0.400000	12.000000	-134.620036	82.720000	105.140000	
4.798668	0.400000	12.000000	-78.220000	158.372869	105.140000	
5.222293	0.400000	12.000000	-75.620000	169.680000	106.098484	
6.183380	0.400000	12.000000	-97.130000	166.410000	107.378248	
4.541791	0.400000	12.000000	-107.779288	172.630000	105.140000	
4.547835	0.400000	12.000000	-130.050000	184.088317	105.140000	
5.030134	0.400000	12.000000	-92.018609	196.490000	105.140000	
4.692665	0.400000	12.000000	-118.270129	210.550000	105.140000	
4.517896	0.400000	12.000000	-107.560000	218.730000	108.472663	
5.613988	0.400000	12.000000	-100.390000	227.880000	105.561237	
6.444058	0.400000	12.000000	-126.416491	221.340000	105.140000	
4.373894	0.400000	12.000000	-70.400000	116.271909	105.140000	
4.694484	0.400000	12.000000	-99.080000	153.660000	111.861627	
4.454518	0.400000	12.000000	-117.660000	168.700000	104.529981	
4.420310	0.400000	12.000000	-84.090000	175.240000	105.583950	
4.797639	0.400000	12.000000	-97.130000	177.530000	103.941266	
4.528292	0.400000	12.000000	-65.190000	176.880000	106.714169	
4.719256	0.400000	12.000000	-48.547882	164.450000	108.400000	
5.099956	0.400000	12.000000	-58.625333	157.260000	108.400000	
4.692053	0.400000	12.000000	-56.024377	115.410000	108.400000	
4.547941	0.400000	12.000000	-61.600000	137.970000	103.932900	
6.858102	0.400000	12.000000	-68.450000	149.432923	108.400000	
6.478264	0.400000	12.000000	-81.160000	71.270000	107.624927	
4.441581	0.400000	12.000000	-99.080000	96.450000	107.715842	
4.470230	0.400000	12.000000	-143.044797	90.560000	108.400000	
5.458575	0.400000	12.000000	-142.747783	75.520000	108.400000	
4.397163	0.400000	12.000000	-131.374614	128.160000	108.400000	
4.542002	0.400000	12.000000	-129.070000	117.050000	112.885467	
4.747507	0.400000	12.000000	-117.660000	117.700000	104.164214	
4.651795	0.400000	12.000000	-132.980000	152.755000	108.400000	
4.449282	0.400000	12.000000	-135.590000	169.360000	106.579848	
4.475508	0.400000	12.000000	-84.618280	166.090000	108.400000	
4.618068	0.400000	12.000000	-115.708475	226.900000	108.400000	
5.222018	0.400000	12.000000	-123.850000	137.575829	108.400000	
4.505252	0.400000	12.000000	-116.030000	143.860000	108.621050	
5.408621	0.400000	12.000000	-125.160000	159.533912	108.400000	
5.155944	0.400000	12.000000	-121.900000	126.443049	108.400000	
5.166278	0.400000	12.000000	-107.560000	113.499369	108.400000	
5.344453	0.400000	12.000000	-112.770000	102.476485	108.400000	
5.566174	0.400000	12.000000	-118.441121	88.270000	108.400000	
5.016072	0.400000	12.000000	-90.930000	127.510000	108.291565	
4.974842	0.400000	12.000000	-82.369241	136.010000	108.400000	
4.521867	0.400000	12.000000	-71.384309	195.840000	108.400000	
4.637843	0.400000	12.000000	-47.260000	181.852590	108.400000	
4.509859	0.400000	12.000000	-89.630000	205.596650	108.400000	
4.471143	0.400000	12.000000	-114.400000	189.959955	108.400000	
5.064261	0.400000	12.000000	-127.440000	207.610000	109.421823	
4.841248	0.400000	12.000000	-140.480000	161.538247	108.400000	
4.912445	0.400000	12.000000	-87.459448	87.290000	108.400000	
4.904467	0.400000	12.000000	-74.960000	87.007922	108.400000	
6.061982	0.400000	12.000000	-54.100000	129.470000	103.725521	
4.930729	0.400000	12.000000	-115.380000	156.610000	104.562100	
4.732486	0.400000	12.000000	-106.290060	160.200000	108.400000	
5.280573	0.400000	12.000000	-128.740000	148.760000	116.756636	
4.828879	0.400000	12.000000	-153.510000	140.103617	112.870000	
4.568735	0.400000	12.000000	-140.800000	107.560000	114.054345	
4.672472	0.400000	12.000000	-93.540000	119.165079	112.870000	
4.484538	0.400000	12.000000	-72.627466	133.070000	112.870000	
4.432474	0.400000	12.000000	-74.310000	141.570000	115.165129	
4.623424	0.400000	12.000000	-59.650000	143.860000	113.758791	
4.423878	0.400000	12.000000	-60.492371	131.100000	112.870000	
6.882060	0.400000	12.000000	-38.050144	130.120000	112.870000	
5.271216	0.400000	12.000000	-79.850000	108.317094	112.720000	
4.779376	0.400000	12.000000	-67.140000	160.277280	112.720000	
4.661769	0.400000	12.000000	-58.990000	165.760000	113.297060	
4.539232	0.400000	12.000000	-67.541611	169.680000	112.720000	
8.833360	0.400000	12.000000	-33.926289	158.890000	112.720000	
4.714011	0.400000	12.000000	-76.270000	176.880000	114.216071	
5.707247	0.400000	12.000000	-73.010000	185.700000	107.654193	
4.564629	0.400000	12.000000	-77.250000	212.510000	112.354102	
4.517030	0.400000	12.000000	-85.720000	217.740000	110.694520	
4.682714	0.400000	12.000000	-94.885225	222.320000	112.720000	
4.428190	0.400000	12.000000	-82.790000	226.570000	108.995683	
4.598484	0.400000	12.000000	-140.480000	178.840000	113.789560	
4.884723	0.400000	12.000000	-137.540000	189.257745	112.720000	
7.644886	0.400000	12.000000	-152.933858	188.320000	112.720000	
4.675525	0.400000	12.000000	-117.010000	203.690000	116.148732	
4.883725	0.400000	12.000000	-106.910000	205.441540	112.720000	
4.491223	0.400000	12.000000	-49.644894	100.700000	112.720000	
5.787724	0.400000	12.000000	-52.150000	110.510000	117.325233	
6.056435	0.400000	12.000000	-159.795879	108.550000	112.720000	
4.433387	0.400000	12.000000	-119.940000	183.420000	111.611527	
4.371069	0.400000	12.000000	-86.700000	193.452947	112.720000	
5.358270	0.400000	12.000000	-77.570000	200.090000	116.769708	
6.014252	0.400000	12.000000	-82.460000	151.076421	112.720000	
4.834566	0.400000	12.000000	-80.748706	126.530000	112.720000	
4.687490	0.400000	12.000000	-102.990000	145.490000	117.377242	
4.620324	0.400000	12.000000	-108.546431	151.380000	112.720000	
5.045941	0.400000	12.000000	-94.850000	68.247795	112.720000	
5.103743	0.400000	12.000000	-103.970000	69.640000	117.718933	
4.548791	0.400000	12.000000	-131.020000	70.650197	112.720000	
5.828461	0.400000	12.000000	-133.630000	98.080000	110.029693	
4.693557	0.400000	12.000000	-149.212386	167.400000	112.720000	
6.725055	0.400000	12.000000	-157.867973	158.570000	112.720000	
4.497227	0.400000	12.000000	-125.810000	171.970000	110.446896	
4.485240	0.400000	12.000000	-126.790000	164.780000	116.799703	
4.412748	0.400000	12.000000	-90.610000	159.904450	112.720000	
4.487068	0.400000	12.000000	-78.880000	189.630000	116.902937	
4.921872	0.400000	12.000000	-85.892706	182.760000	112.720000	
5.330351	0.400000	12.000000	-64.530000	188.320000	117.694572	
5.191354	0.400000	12.000000	-154.160000	130.780000	109.007522	
4.593749	0.400000	12.000000	-162.667960	123.910000	112.720000	
4.430061	0.400000	12.000000	-80.180000	81.740000	115.047574	
4.695803	0.400000	12.000000	-89.960000	80.100000	114.955017	
7.386874	0.400000	12.000000	-36.057138	175.570000	112.720000	
5.536211	0.400000	12.000000	-51.170000	175.900000	117.452369	
5.306712	0.400000	12.000000	-54.100000	189.950000	113.098363	
4.625752	0.400000	12.000000	-77.250000	221.340000	116.282023	
4.462387	0.400000	12.000000	-68.120000	210.880000	116.710483	
6.406559	0.400000	12.000000	-91.590000	232.927741	112.720000	
5.216986	0.400000	12.000000	-130.050000	214.480000	117.009063	
4.417482	0.400000	12.000000	-111.790000	131.881984	113.550000	
4.664348	0.400000	12.000000	-102.990000	134.821233	113.550000	
4.867499	0.400000	12.000000	-95.820000	143.530000	108.754613	
4.379835	0.400000	12.000000	-90.280000	137.320000	113.930447	
4.581605	0.400000	12.000000	-60.620000	94.810000	114.441518	
4.856835	0.400000	12.000000	-65.190000	86.310000	117.386334	
4.927071	0.400000	12.000000	-69.420000	111.095814	113.550000	
6.358868	0.400000	12.000000	-97.450000	108.220000	115.041260	
4.457782	0.400000	12.000000	-123.804138	106.260000	113.550000	
4.389283	0.400000	12.000000	-124.074013	96.450000	113.550000	
4.477928	0.400000	12.000000	-113.100000	76.500000	110.464591	
4.510137	0.400000	12.000000	-100.710000	80.427367	113.550000	
5.664465	0.400000	12.000000	-90.280000	94.490000	117.355519	
4.899049	0.400000	12.000000	-111.790000	96.780000	116.933529	
4.683437	0.400000	12.000000	-106.910000	87.551425	113.550000	
4.520169	0.400000	12.000000	-129.390000	88.270000	111.017455	
4.454961	0.400000	12.000000	-124.230933	76.830000	113.550000	
4.624240	0.400000	12.000000	-148.300000	120.320000	117.184392	
4.640569	0.400000	12.000000	-140.800000	132.410000	110.750491	
5.383782	0.400000	12.000000	-138.867506	144.510000	113.550000	
5.822806	0.400000	12.000000	-163.426468	145.820000	113.550000	
4.452278	0.400000	12.000000	-105.600000	187.431151	113.550000	
5.088184	0.400000	12.000000	-98.125727	200.740000	113.550000	
5.223242	0.400000	12.000000	-154.053926	97.760000	113.550000	
5.271352	0.400000	12.000000	-68.770000	98.410000	109.350692	
5.114797	0.400000	12.000000	-61.270000	104.950000	114.871801	
4.957939	0.400000	12.000000	-52.350843	122.930000	113.550000	
5.770952	0.400000	12.000000	-44.000000	148.110000	118.103238	
4.411023	0.400000	12.000000	-95.258909	183.740000	113.550000	
5.415634	0.400000	12.000000	-125.160000	197.407196	113.550000	
5.193753	0.400000	12.000000	-148.950000	149.740000	115.137172	
5.505559	0.400000	12.000000	-59.320000	198.780000	117.180616	
4.491975	0.400000	12.000000	-67.470000	204.010000	109.849501	
4.702570	0.400000	12.000000	-53.130000	136.899586	113.550000	
5.617028	0.400000	12.000000	-144.214682	197.800000	117.640000	
4.496781	0.400000	12.000000	-134.616757	201.720000	117.640000	
4.596200	0.400000	12.000000	-149.621417	106.580000	117.640000	
4.385106	0.400000	12.000000	-140.800000	123.910000	121.839327	
4.447357	0.400000	12.000000	-139.820000	115.028153	121.430000	
4.636940	0.400000	12.000000	-109.510000	171.970000	120.885651	
6.098627	0.400000	12.000000	-100.054094	165.760000	121.430000	
4.798474	0.400000	12.000000	-89.641528	170.010000	121.430000	
4.565185	0.400000	12.000000	-100.962317	190.280000	121.430000	
4.555770	0.400000	12.000000	-116.030000	208.590000	124.094083	
4.423686	0.400000	12.000000	-106.250000	209.900000	125.579210	
5.106704	0.400000	12.000000	-103.351769	224.940000	121.430000	
4.610801	0.400000	12.000000	-109.190000	217.090000	118.775709	
6.061396	0.400000	12.000000	-118.310000	222.829603	121.430000	
4.847641	0.400000	12.000000	-75.949583	149.740000	121.430000	
4.998942	0.400000	12.000000	-54.561073	150.720000	121.430000	
4.879460	0.400000	12.000000	-77.900000	160.200000	117.000641	
5.795486	0.400000	12.000000	-92.607260	149.740000	121.430000	
4.589880	0.400000	12.000000	-74.640000	115.080000	121.364010	
4.714425	0.400000	12.000000	-65.259729	115.740000	121.430000	
5.157705	0.400000	12.000000	-54.100000	92.875061	121.430000	
4.830382	0.400000	12.000000	-79.200000	97.760000	116.800358	
5.544963	0.400000	12.000000	-102.020000	126.320049	121.430000	
4.392973	0.400000	12.000000	-91.590000	125.565546	123.780000	
4.629260	0.400000	12.000000	-86.050000	118.350000	119.526307	
4.399627	0.400000	12.000000	-102.020000	92.221841	123.780000	
5.099918	0.400000	12.000000	-129.330209	117.700000	123.780000	
4.442606	0.400000	12.000000	-133.310000	126.530000	125.748678	
4.564750	0.400000	12.000000	-130.370000	132.410000	119.528544	
4.404816	0.400000	12.000000	-126.790000	141.158776	123.780000	
4.896296	0.400000	12.000000	-137.786815	147.120000	123.780000	
5.148530	0.400000	12.000000	-119.357665	148.110000	123.780000	
4.483178	0.400000	12.000000	-127.110000	158.703255	123.780000	
5.015672	0.400000	12.000000	-138.865185	157.260000	123.780000	
4.386371	0.400000	12.000000	-134.280000	168.380000	127.479608	
4.812582	0.400000	12.000000	-133.630000	174.920000	119.224028	
5.012235	0.400000	12.000000	-113.750000	193.550000	122.060737	
5.204239	0.400000	12.000000	-96.150000	197.800000	127.538515	
4.504001	0.400000	12.000000	-89.300000	199.440000	119.345469	
5.053222	0.400000	12.000000	-69.100000	202.575795	123.780000	
4.573633	0.400000	12.000000	-84.090000	178.215397	123.780000	
4.864262	0.400000	12.000000	-94.190000	178.180000	124.462823	
6.265699	0.400000	12.000000	-75.290000	171.970000	125.168937	
4.774561	0.400000	12.000000	-63.230000	171.970000	127.801245	
4.915222	0.400000	12.000000	-47.260000	167.311076	123.780000	
4.379391	0.400000	12.000000	-46.820122	157.260000	123.780000	
4.419279	0.400000	12.000000	-64.210000	137.640000	121.205742	
4.548805	0.400000	12.000000	-55.730000	118.926869	123.780000	
5.188941	0.400000	12.000000	-75.620000	90.560000	123.160755	
4.407275	0.400000	12.000000	-85.720000	86.970000	123.374107	
6.560688	0.400000	12.000000	-84.740000	71.270000	120.588990	
6.145371	0.400000	12.000000	-115.710000	82.760987	123.780000	
4.560941	0.400000	12.000000	-119.620000	94.053199	123.780000	
4.625565	0.400000	12.000000	-141.450000	82.390000	124.501217	
5.756670	0.400000	12.000000	-150.861812	90.890000	123.780000	
4.404594	0.400000	12.000000	-139.548871	92.530000	123.780000	
4.422758	0.400000	12.000000	-143.410000	100.040000	119.820208	
4.606225	0.400000	12.000000	-82.302853	103.970000	123.780000	
4.925443	0.400000	12.000000	-89.630000	110.180000	126.972408	
4.419659	0.400000	12.000000	-109.190000	105.513558	123.780000	
4.568868	0.400000	12.000000	-118.310000	115.410000	127.187206	
4.552018	0.400000	12.000000	-104.620000	115.410000	119.652812	
4.439687	0.400000	12.000000	-116.030000	124.501244	123.780000	
4.914666	0.400000	12.000000	-108.830883	140.910000	123.780000	
4.427274	0.400000	12.000000	-115.050000	158.890000	125.637132	
6.119068	0.400000	12.000000	-119.940000	169.890979	123.780000	
4.388820	0.400000	12.000000	-102.375174	153.660000	123.780000	
5.146946	0.400000	12.000000	-86.370000	160.098671	123.780000	
5.923815	0.400000	12.000000	-90.280000	209.900000	127.801222	
4.807871	0.400000	12.000000	-83.760000	207.940000	119.445328	
5.275301	0.400000	12.000000	-126.331758	206.630000	123.780000	
4.453392	0.400000	12.000000	-55.730000	161.510000	127.863893	
4.372154	0.400000	12.000000	-78.550000	185.113469	128.240000	
4.767528	0.400000	12.000000	-95.449846	157.910000	128.240000	
4.908361	0.400000	12.000000	-59.650000	141.240000	131.819612	
4.425469	0.400000	12.000000	-63.880000	132.090000	129.536522	
4.863756	0.400000	12.000000	-73.330000	134.700000	124.478505	
4.673797	0.400000	12.000000	-73.330000	141.570000	131.437420	
5.423972	0.400000	12.000000	-51.820000	130.780000	133.327395	
5.229216	0.400000	12.000000	-129.720000	101.030000	130.604778	
4.700179	0.400000	12.000000	-148.865158	126.850000	128.240000	
9.660133	0.400000	12.000000	-162.288071	139.610000	128.240000	
4.641987	0.400000	12.000000	-135.954178	186.360000	128.240000	
5.660931	0.400000	12.000000	-117.990000	199.110000	133.827254	
6.264886	0.400000	12.000000	-88.757954	188.970000	128.240000	
4.393348	0.400000	12.000000	-69.100000	155.630000	125.521659	
4.550866	0.400000	12.000000	-136.240000	74.024821	128.240000	
4.425493	0.400000	12.000000	-118.960000	185.154667	128.240000	
5.136480	0.400000	12.000000	-125.810000	178.180000	130.271446	
4.864988	0.400000	12.000000	-71.700000	191.920000	125.867452	
5.793300	0.400000	12.000000	-63.230000	183.090000	132.952380	
5.157832	0.400000	12.000000	-74.927119	211.530000	128.240000	
7.959035	0.400000	12.000000	-86.700000	224.988532	128.240000	
4.640035	0.400000	12.000000	-108.930336	199.440000	128.240000	
6.661778	0.400000	12.000000	-105.280000	181.847211	128.240000	
4.626621	0.400000	12.000000	-139.422572	176.550000	128.240000	
6.805530	0.400000	12.000000	-149.913464	187.010000	128.240000	
4.888732	0.400000	12.000000	-113.750000	149.410000	132.113675	
5.195121	0.400000	12.000000	-55.286232	108.550000	128.240000	
4.808447	0.400000	12.000000	-65.510000	146.470000	124.265649	
5.267555	0.400000	12.000000	-61.600000	153.990000	132.509961	
4.687673	0.400000	12.000000	-69.100000	163.150000	131.363622	
4.598388	0.400000	12.000000	-54.006732	173.610000	128.240000	
4.656635	0.400000	12.000000	-53.850242	185.700000	128.240000	
5.270470	0.400000	12.000000	-79.200000	199.801783	128.240000	
5.074604	0.400000	12.000000	-124.510000	124.570000	129.851559	
4.467419	0.400000	12.000000	-120.733307	135.680000	128.240000	
6.982205	0.400000	12.000000	-150.885737	157.910000	128.240000	
4.599012	0.400000	12.000000	-139.820000	106.580000	128.018211	
5.295138	0.400000	12.000000	-80.180000	123.910000	125.628906	
4.567476	0.400000	12.000000	-106.250000	132.090000	130.294610	
4.526855	0.400000	12.000000	-92.560000	140.590000	126.392110	
4.824415	0.400000	12.000000	-101.636063	144.840000	129.910000	
5.986289	0.400000	12.000000	-100.390000	107.560000	128.987855	
4.554099	0.400000	12.000000	-68.450000	98.236158	129.910000	
4.730847	0.400000	12.000000	-59.320000	94.810000	132.734955	
4.703470	0.400000	12.000000	-100.904582	84.020000	129.910000	
4.631250	0.400000	12.000000	-102.020000	75.850000	125.394773	
4.447276	0.400000	12.000000	-66.946213	87.950000	129.910000	
5.207260	0.400000	12.000000	-110.490000	94.297503	129.910000	
5.078827	0.400000	12.000000	-119.290000	103.305211	129.910000	
4.532456	0.400000	12.000000	-134.280000	88.053447	129.910000	
4.700415	0.400000	12.000000	-125.036361	81.740000	129.910000	
4.788645	0.400000	12.000000	-90.610000	99.332141	129.910000	
4.957961	0.400000	12.000000	-73.010000	106.910000	126.994262	
4.473463	0.400000	12.000000	-47.684530	140.590000	129.910000	
4.782251	0.400000	12.000000	-81.810000	145.490000	129.662230	
4.853844	0.400000	12.000000	-94.850000	132.090000	130.499149	
5.076247	0.400000	12.000000	-144.390000	144.180000	133.854440	
5.082300	0.400000	12.000000	-139.820000	133.390000	128.830436	
4.446044	0.400000	12.000000	-113.420000	75.850000	133.650732	
5.536796	0.400000	12.000000	-133.630000	195.510000	137.664703	
4.703190	0.400000	12.000000	-145.690000	111.810000	135.711193	
5.170503	0.400000	12.000000	-148.529270	101.350000	134.830000	
5.117360	0.400000	12.000000	-74.960000	152.203235	137.640000	
4.626402	0.400000	12.000000	-83.440000	158.205617	137.640000	
4.833919	0.400000	12.000000	-78.751219	169.030000	137.640000	
5.503091	0.400000	12.000000	-88.330000	166.090000	132.766951	
4.551628	0.400000	12.000000	-91.260000	161.840000	141.541279	
4.927916	0.400000	12.000000	-92.890000	142.447280	137.640000	
5.354146	0.400000	12.000000	-97.130000	152.698431	137.640000	
4.378224	0.400000	12.000000	-93.870000	189.353223	137.640000	
4.581277	0.400000	12.000000	-94.903230	207.940000	137.640000	
4.449075	0.400000	12.000000	-111.470000	165.412352	137.640000	
5.414640	0.400000	12.000000	-102.020000	169.030000	136.258899	
4.782345	0.400000	12.000000	-51.500000	146.243653	137.640000	
5.381399	0.400000	12.000000	-65.510000	105.960123	137.640000	
4.487402	0.400000	12.000000	-63.880000	115.080000	134.117150	
4.657161	0.400000	12.000000	-79.530000	109.850000	135.227881	
4.585789	0.400000	12.000000	-79.850000	97.430000	133.954036	
5.252426	0.400000	12.000000	-105.600000	119.096774	137.640000	
4.821108	0.400000	12.000000	-96.480000	116.390000	141.306901	
4.438052	0.400000	12.000000	-105.280000	158.570000	137.874550	
5.945168	0.400000	12.000000	-91.910000	84.020000	143.007415	
5.228220	0.400000	12.000000	-92.240000	89.260000	132.450811	
5.305545	0.400000	12.000000	-74.960000	78.899964	137.640000	
6.088049	0.400000	12.000000	-114.080000	176.644925	137.640000	
4.569486	0.400000	12.000000	-134.610000	124.570000	134.873092	
5.263107	0.400000	12.000000	-130.050000	110.510000	140.943894	
5.093729	0.400000	12.000000	-122.740314	100.700000	139.230000	
4.861052	0.400000	12.000000	-130.951638	93.180000	139.230000	
4.656019	0.400000	12.000000	-144.390000	91.120593	139.230000	
6.744361	0.400000	12.000000	-142.110000	74.116481	139.230000	
4.529164	0.400000	12.000000	-87.350000	125.550000	139.350766	
4.564962	0.400000	12.000000	-96.945228	126.200000	139.230000	
5.023804	0.400000	12.000000	-119.848550	156.280000	139.230000	
5.269234	0.400000	12.000000	-132.330000	163.695004	139.230000	
4.618403	0.400000	12.000000	-129.500814	152.680000	139.230000	
5.246929	0.400000	12.000000	-97.130000	179.170000	138.329824	
5.266487	0.400000	12.000000	-86.352752	177.200000	139.230000	
4.588968	0.400000	12.000000	-53.130000	119.392177	139.230000	
5.069347	0.400000	12.000000	-83.760000	103.640000	143.540902	
4.928160	0.400000	12.000000	-116.051845	142.220000	139.230000	
4.389037	0.400000	12.000000	-129.756112	141.890000	139.230000	
5.456025	0.400000	12.000000	-127.505426	130.780000	139.230000	
5.786918	0.400000	12.000000	-116.030000	115.740000	139.785201	
5.102087	0.400000	12.000000	-119.290000	89.260000	136.518862	
5.507841	0.400000	12.000000	-105.629011	83.700000	139.230000	
5.285285	0.400000	12.000000	-98.760000	95.140000	140.304862	
4.579399	0.400000	12.000000	-105.280000	101.030000	145.669548	
5.077909	0.400000	12.000000	-91.260000	107.890000	137.117341	
4.421940	0.400000	12.000000	-84.990566	115.740000	141.200000	
4.577290	0.400000	12.000000	-77.250000	121.277071	141.200000	
4.507910	0.400000	12.000000	-119.290000	168.380000	142.836847	
4.562126	0.400000	12.000000	-105.223764	189.300000	141.200000	
5.511289	0.400000	12.000000	-98.760000	200.420000	144.023602	
4.797270	0.400000	12.000000	-84.128276	208.260000	141.200000	
4.535250	0.400000	12.000000	-74.960000	202.710000	141.008948	
4.635687	0.400000	12.000000	-69.420000	170.990000	140.135775	
4.476891	0.400000	12.000000	-116.030000	127.180000	138.806350	
4.550644	0.400000	12.000000	-140.859363	118.350000	141.200000	
5.084558	0.400000	12.000000	-81.480000	88.937342	141.200000	
5.476669	0.400000	12.000000	-71.050000	136.010000	141.635098	
4.693639	0.400000	12.000000	-59.970000	141.890000	144.525368	
5.844762	0.400000	12.000000	-54.682714	162.160000	145.440000	
4.733380	0.400000	12.000000	-77.570000	181.130000	143.409455	
6.208894	0.400000	12.000000	-112.620140	196.490000	145.670000	
4.723661	0.400000	12.000000	-105.600000	174.195522	147.180000	
4.611658	0.400000	12.000000	-111.790000	150.390000	150.835287	
5.206161	0.400000	12.000000	-97.130000	157.367354	148.020000	
4.524148	0.400000	12.000000	-102.340000	140.910000	143.937460	
4.707918	0.400000	12.000000	-105.280000	149.740000	144.021871	
4.570005	0.400000	12.000000	-120.920000	147.450000	146.820848	
4.688240	0.400000	12.000000	-148.694177	149.090000	147.940000	
4.662062	0.400000	12.000000	-142.430000	157.926407	147.940000	
5.086154	0.400000	12.000000	-132.743574	159.880000	149.150000	
6.450595	0.400000	12.000000	-150.580000	121.883284	148.090000	
4.918080	0.400000	12.000000	-134.095823	136.660000	147.260000	
4.425033	0.400000	12.000000	-122.104942	124.570000	147.260000	
4.433469	0.400000	12.000000	-124.634173	136.340000	147.260000	
4.756061	0.400000	12.000000	-115.050000	133.813851	147.260000	
5.081967	0.400000	12.000000	-106.250000	114.441085	147.260000	
5.081867	0.400000	12.000000	-82.460000	141.378608	147.260000	
5.098731	0.400000	12.000000	-92.111731	136.010000	147.260000	
4.417651	0.400000	12.000000	-103.970000	133.070000	150.993747	
4.712335	0.400000	12.000000	-108.210000	126.200000	146.308217	
4.930055	0.400000	12.000000	-113.786208	95.470000	148.090000	
4.422470	0.400000	12.000000	-99.080000	77.377530	146.960000	
7.030576	0.400000	12.000000	-110.820000	78.470000	151.508038	
4.434177	0.400000	12.000000	-131.350000	85.990000	146.137401	
5.283404	0.400000	12.000000	-133.960000	78.140000	151.264640	
4.987047	0.400000	12.000000	-137.870000	93.297535	147.110000	
4.817716	0.400000	12.000000	-137.870000	103.766243	147.110000	
4.780490	0.400000	12.000000	-116.680000	107.855078	147.110000	
7.943337	0.400000	12.000000	-69.471798	97.430000	147.110000	
4.583321	0.400000	12.000000	-76.270000	128.999029	147.110000	
4.409847	0.400000	12.000000	-59.320000	132.090000	149.648701	
5.067185	0.400000	12.000000	-66.490000	150.070000	145.325286	
4.544471	0.400000	12.000000	-67.140000	159.880000	147.838940	
4.402895	0.400000	12.000000	-80.601853	191.920000	147.940000	
4.659228	0.400000	12.000000	-70.993524	194.530000	147.940000	
4.495222	0.400000	12.000000	-68.204826	185.380000	147.940000	
5.823505	0.400000	12.000000	-60.950000	173.930000	153.176566	
5.630290	0.400000	12.000000	-124.095956	187.990000	147.940000	
6.635416	0.400000	12.000000	-113.750000	211.173791	147.940000	
5.413861	0.400000	12.000000	-132.980000	179.170000	152.639453	
5.488669	0.400000	12.000000	-82.348569	77.810000	147.940000	
5.678595	0.400000	12.000000	-138.190000	146.778054	147.940000	
4.795036	0.400000	12.000000	-140.150000	180.470000	143.873234	
5.245444	0.400000	12.000000	-146.340000	109.850000	146.409447	
5.348744	0.400000	12.000000	-151.761975	100.700000	150.820000	
4.424384	0.400000	12.000000	-105.600000	165.690153	153.470000	
4.396018	0.400000	12.000000	-112.770000	161.180000	149.933041	
4.642390	0.400000	12.000000	-88.650000	147.728305	154.300000	
5.528691	0.400000	12.000000	-101.188660	144.840000	153.170000	
5.030269	0.400000	12.000000	-76.590000	159.220000	152.221158	
4.568680	0.400000	12.000000	-81.755431	172.300000	153.550000	
4.505771	0.400000	12.000000	-90.930000	165.760000	152.172078	
4.817416	0.400000	12.000000	-87.680000	157.260000	155.914110	
5.490637	0.400000	12.000000	-84.420000	136.340000	157.611631	
6.001692	0.400000	12.000000	-95.475591	127.180000	153.320000	
5.178850	0.400000	12.000000	-76.524936	110.180000	154.450000	
5.227668	0.400000	12.000000	-80.500000	99.390000	158.359221	
4.421856	0.400000	12.000000	-86.114340	106.260000	154.450000	
6.429157	0.400000	12.000000	-91.910000	80.399538	155.290000	
5.430465	0.400000	12.000000	-92.979803	94.490000	155.290000	
5.013139	0.400000	12.000000	-123.809083	100.700000	155.210000	
4.875796	0.400000	12.000000	-132.980000	128.405970	155.210000	
5.441673	0.400000	12.000000	-141.130000	127.510000	161.623716	
4.513050	0.400000	12.000000	-129.720000	108.220000	156.499025	
4.585065	0.400000	12.000000	-128.740000	116.720000	152.474043	
6.379702	0.400000	12.000000	-118.640000	87.290000	159.713466	
5.695699	0.400000	12.000000	-84.420000	120.320000	150.236162	
5.900467	0.400000	12.000000	-90.254470	192.900000	155.510000	
4.695258	0.400000	12.000000	-97.130000	170.990000	160.481410	
5.000636	0.400000	12.000000	-89.557458	177.860000	156.350000	
4.403103	0.400000	12.000000	-102.743108	190.280000	156.350000	
4.448945	0.400000	12.000000	-102.670000	200.740000	159.601669	
4.695171	0.400000	12.000000	-109.712054	138.620000	156.350000	
4.441766	0.400000	12.000000	-121.250000	137.025017	156.350000	
4.481996	0.400000	12.000000	-128.740000	141.890000	156.339459	
5.209071	0.400000	12.000000	-130.700000	152.321660	156.350000	
5.151840	0.400000	12.000000	-121.184930	156.930000	157.180000	
5.335402	0.400000	12.000000	-123.530000	168.380000	152.260976	
4.775972	0.400000	12.000000	-114.806787	171.970000	157.180000	
9.467796	0.400000	12.000000	-142.430000	87.620000	161.572410	
4.446073	0.400000	12.000000	-94.166528	115.740000	157.180000	
4.956831	0.400000	12.000000	-72.360000	117.370000	160.862530	
5.115760	0.400000	12.000000	-67.140000	124.240000	154.411636	
4.417928	0.400000	12.000000	-115.380000	127.180000	157.111220	
4.413214	0.400000	12.000000	-124.180000	125.460283	160.060000	
4.819532	0.400000	12.000000	-134.610000	164.450000	158.533560	
5.938966	0.400000	12.000000	-69.750000	177.038120	160.970000	
5.937776	0.400000	12.000000	-78.880000	187.960313	160.970000	
5.262459	0.400000	12.000000	-115.050000	194.530000	165.995185	
4.672016	0.400000	12.000000	-70.070000	137.320000	164.652008	
5.580103	0.400000	12.000000	-110.160000	78.470000	166.295700	
4.513247	0.400000	12.000000	-108.530000	113.120000	163.034732	
4.890304	0.400000	12.000000	-103.855676	130.450000	162.710000	
4.929288	0.400000	12.000000	-102.020000	91.540000	164.790758	
4.988439	0.400000	12.000000	-113.750000	98.410000	168.039144	
4.582455	0.400000	12.000000	-104.950000	153.814056	163.540000	
4.392909	0.400000	12.000000	-96.150000	156.930000	166.206851	
5.150801	0.400000	12.000000	-114.730000	145.572504	163.540000	
4.610107	0.400000	12.000000	-125.284322	147.780000	163.540000	
4.895011	0.400000	12.000000	-138.190000	153.865878	163.540000	
5.864732	0.400000	12.000000	-147.031426	147.120000	163.540000	
4.389066	0.400000	12.000000	-127.705533	157.260000	164.380000	
7.486221	0.400000	12.000000	-130.370000	136.990000	168.089507	
4.672032	0.400000	12.000000	-146.990000	112.800000	160.641376	
5.308293	0.400000	12.000000	-150.658220	121.300000	165.290000	
5.158317	0.400000	12.000000	-138.190000	104.005888	166.120000	
4.814271	0.400000	12.000000	-59.970000	197.150000	6.163036	
5.442186	0.400000	12.000000	-75.620000	205.650000	1.419725	
5.568738	0.400000	12.000000	-77.663794	222.000000	7.650000	
6.411204	0.400000	12.000000	-80.446351	199.110000	10.380000	
5.031187	0.400000	12.000000	-88.330000	211.530000	8.932254	
4.570197	0.400000	12.000000	-70.984029	228.210000	18.480000	
6.111626	0.400000	12.000000	-103.395855	203.690000	21.210000	
4.740548	0.400000	12.000000	-96.150000	195.190000	18.345187	
6.936925	0.400000	12.000000	-135.590000	119.660000	21.193588	
7.517010	0.400000	12.000000	-130.750000	178.610000	26.013468	
6.108488	1.000000	11.000000	-120.054677	160.530000	0.000000	
4.611111	1.000000	11.000000	-101.985355	161.180000	0.000000	
4.536655	1.000000	11.000000	-70.513042	214.150000	0.000000	
6.808882	1.000000	11.000000	-79.471991	126.200000	-10.450000	
4.599572	1.000000	11.000000	-63.403887	141.570000	-10.450000	
5.636995	1.000000	11.000000	-56.060000	151.380000	18.052360	
5.225514	1.000000	11.000000	-63.880000	112.140000	-1.222097	
5.992216	1.000000	11.000000	-56.060000	123.194095	1.140000	
5.038634	1.000000	11.000000	-50.520000	138.300000	9.119860	
5.530298	1.000000	11.000000	-64.860000	130.450000	-6.136112	
5.179283	1.000000	11.000000	-71.380000	116.713296	-10.000000	
5.679427	1.000000	11.000000	-68.120000	215.130000	19.335391	
5.569202	1.000000	11.000000	-74.310000	127.180000	1.946104	
4.675812	1.000000	11.000000	-71.700000	127.840000	28.662041	
4.622449	1.000000	11.000000	-64.530000	116.070000	30.863422	
8.304284	1.000000	11.000000	-154.424943	166.740000	85.600000	
4.582282	1.000000	11.000000	-94.190000	231.800000	86.483910	
5.257605	1.000000	11.000000	-104.620000	230.500000	84.183300	
5.590145	1.000000	11.000000	-57.360000	196.490000	101.108431	
4.354306	1.000000	11.000000	-56.710000	179.170000	109.059397	
4.998515	1.000000	11.000000	-52.470000	139.280000	98.018425	
4.662207	1.000000	11.000000	-42.112081	148.430000	96.510000	
4.601376	1.000000	11.000000	-65.848305	123.580000	114.380000	
4.451350	1.000000	11.000000	-43.670000	144.048532	107.110000	
5.481347	1.000000	11.000000	-98.430000	211.530000	115.685300	
5.139917	1.000000	11.000000	-90.930000	79.190859	129.230000	
4.764432	1.000000	11.000000	-71.380000	79.945266	121.350000	
5.668535	1.000000	11.000000	-119.833425	67.350000	135.210000	
7.680199	1.000000	11.000000	-104.950000	65.327882	136.580000	
4.960563	1.000000	11.000000	-126.790000	73.560000	142.967812	
6.684631	1.000000	11.000000	-148.300000	132.973506	138.620000	
4.720660	1.000000	11.000000	-144.096696	167.400000	139.300000	
4.602823	1.000000	11.000000	-71.050000	113.658074	141.960000	
5.132170	1.000000	11.000000	-62.580000	123.580000	141.090277	
4.599542	1.000000	11.000000	-80.830000	137.968177	138.020000	
5.144989	1.000000	11.000000	-155.779516	116.390000	138.020000	
5.334430	1.000000	11.000000	-86.284217	199.760000	146.580000	
5.818882	1.000000	11.000000	-128.420000	176.220000	142.159643	
4.315230	1.000000	11.000000	-143.080000	138.809249	153.700000	
4.752688	1.000000	11.000000	-137.220000	117.370000	163.050727	
5.225182	1.000000	11.000000	-101.360000	105.930000	160.681677	
5.052976	1.000000	11.000000	-92.240000	105.930000	166.828466	
4.603671	1.000000	11.000000	-83.760000	111.160000	167.164862	
4.910154	1.000000	11.000000	-108.210000	93.539320	157.260000	
4.427303	1.000000	11.000000	-74.640000	144.840000	154.749402	
5.011031	1.000000	11.000000	-111.599621	181.130000	155.360000	
4.617442	1.000000	11.000000	-75.620000	167.400000	160.473945	
6.070334	1.000000	11.000000	-90.610000	186.690000	166.143204	
4.487680	1.000000	11.000000	-118.445745	116.070000	161.420000	
4.310581	1.000000	11.000000	-113.100000	105.600000	158.155569	
4.909368	1.000000	11.000000	-128.740000	92.124882	156.270000	
4.914623	1.000000	11.000000	-64.171940	202.710000	141.200000	
4.493438	1.000000	11.000000	-128.090000	188.970000	132.377604	
4.428358	1.000000	11.000000	-73.330000	128.820000	134.286593	
4.782528	1.000000	11.000000	-87.020000	116.255986	106.500000	
4.574883	1.000000	11.000000	-86.999112	105.280000	106.500000	
4.756106	1.000000	11.000000	-77.247977	81.740000	96.510000	
4.933049	1.000000	11.000000	-68.536519	75.200000	96.510000	
5.065402	1.000000	11.000000	-58.990000	102.330000	84.075043	
4.792712	1.000000	11.000000	-71.050000	113.450000	87.850001	
4.752045	1.000000	11.000000	-122.550000	67.350000	102.672450	
4.948774	1.000000	11.000000	-112.057196	65.720000	106.200000	
