6.274881	0.400000	12.000000	1867.840000	1436.259896	0.830000	
5.693552	0.400000	12.000000	1894.638897	1446.600000	3.180000	
4.848981	0.400000	12.000000	1843.070000	1410.640000	4.597738	
6.157902	0.400000	12.000000	1811.450000	1437.450000	-2.943382	
4.839523	0.400000	12.000000	1822.530635	1400.830000	3.180000	
4.384026	0.400000	12.000000	1830.680000	1430.901587	3.180000	
6.530735	0.400000	12.000000	1857.224740	1463.930000	3.180000	
5.149951	0.400000	12.000000	1834.052925	1477.340000	3.180000	
5.143091	0.400000	12.000000	1823.510000	1447.910000	-0.872959	
7.697976	0.400000	12.000000	1841.440000	1444.970000	-4.485288	
5.034036	0.400000	12.000000	1825.721302	1417.830000	-1.360000	
6.105546	0.400000	12.000000	1861.640000	1395.930000	-7.015666	
4.545113	0.400000	12.000000	1887.720000	1412.276355	-1.360000	
4.522006	0.400000	12.000000	1860.010000	1418.124361	-1.360000	
5.870253	0.400000	12.000000	1850.890000	1477.010000	-3.441697	
5.775491	0.400000	12.000000	1856.486831	1446.600000	-1.360000	
5.402865	0.400000	12.000000	1875.310764	1460.340000	-1.360000	
7.039246	0.400000	12.000000	1865.086331	1474.720000	-1.360000	
5.225646	0.400000	12.000000	1844.700000	1427.970000	2.277954	
4.904831	0.400000	12.000000	1825.872395	1463.930000	-0.530000	
5.344160	0.400000	12.000000	1804.930000	1452.490000	3.807449	
4.702321	0.400000	12.000000	1810.800000	1416.101653	0.300000	
6.320190	0.400000	12.000000	1797.760000	1413.697774	0.300000	
7.864388	0.400000	12.000000	1784.364718	1427.320000	1.140000	
5.604321	0.400000	12.000000	1796.780000	1440.070000	-4.302048	
5.689188	0.400000	12.000000	1830.783345	1390.040000	1.140000	
6.454393	0.400000	12.000000	1849.260000	1379.895338	1.140000	
5.644882	0.400000	12.000000	1841.440000	1393.970000	2.159503	
5.422698	0.400000	12.000000	1880.870000	1393.640000	0.142483	
4.580172	0.400000	12.000000	1876.310000	1421.430000	-2.886518	
4.854241	0.400000	12.000000	1869.470000	1412.953821	1.140000	
8.699238	0.400000	12.000000	1901.410000	1430.910000	-1.199802	
4.558809	0.400000	12.000000	1889.020000	1424.700000	-2.639604	
5.613466	0.400000	12.000000	1900.100000	1410.157000	1.140000	
4.952514	0.400000	12.000000	1867.180000	1380.240000	1.783712	
5.845496	0.400000	12.000000	1836.220933	1375.980000	1.140000	
4.770961	0.400000	12.000000	1802.000000	1400.981339	1.140000	
6.043845	0.400000	12.000000	1814.060000	1386.450000	-4.676648	
5.863976	0.400000	12.000000	1820.250000	1477.990000	0.003640	
4.406400	0.400000	12.000000	1784.720000	1404.270426	1.140000	
4.561715	0.400000	12.000000	1801.350000	1386.770000	-2.715704	
4.796475	0.400000	12.000000	1868.264318	1431.240000	18.180000	
6.647504	0.400000	12.000000	1874.680000	1419.010743	18.180000	
5.755414	0.400000	12.000000	1877.940000	1450.200000	15.824462	
6.490564	0.400000	12.000000	1875.010000	1400.753258	18.180000	
5.644301	0.400000	12.000000	1844.700000	1371.297350	19.090000	
7.393097	0.400000	12.000000	1823.840000	1381.870000	17.997311	
4.570735	0.400000	12.000000	1817.259057	1397.890000	19.090000	
6.161161	0.400000	12.000000	1846.269885	1407.700000	19.090000	
5.151352	0.400000	12.000000	1843.618921	1426.660000	19.090000	
8.593497	0.400000	12.000000	1823.510000	1431.240000	16.257681	
5.344607	0.400000	12.000000	1859.690000	1464.910000	15.442493	
8.000204	0.400000	12.000000	1839.480000	1464.910000	13.470450	
6.404472	0.400000	12.000000	1850.890000	1440.186788	19.090000	
4.608639	0.400000	12.000000	1786.350000	1432.697612	33.250000	
5.265117	0.400000	12.000000	1781.140000	1413.582185	33.250000	
9.430314	0.400000	12.000000	1829.380000	1453.140000	28.690662	
4.705033	0.400000	12.000000	1871.872981	1449.220000	33.250000	
4.679053	0.400000	12.000000	1874.680000	1433.320685	33.250000	
4.631225	0.400000	12.000000	1895.870000	1430.910000	31.190033	
4.860144	0.400000	12.000000	1893.910000	1451.710904	33.250000	
4.640151	0.400000	12.000000	1898.470000	1462.950000	35.506504	
8.246747	0.400000	12.000000	1883.291588	1476.030000	33.250000	
7.868586	0.400000	12.000000	1877.274161	1395.270000	34.540000	
5.120537	0.400000	12.000000	1844.040000	1406.720000	32.545311	
5.699391	0.400000	12.000000	1816.396674	1410.310000	34.540000	
5.470274	0.400000	12.000000	1820.250000	1398.428326	34.540000	
4.528929	0.400000	12.000000	1808.840000	1400.180000	35.359062	
6.466137	0.400000	12.000000	1861.101802	1381.220000	34.540000	
6.195273	0.400000	12.000000	1848.280000	1386.770000	29.880430	
6.722884	0.400000	12.000000	1848.930000	1371.080000	31.801619	
5.411341	0.400000	12.000000	1871.699642	1367.160000	34.540000	
4.837465	0.400000	12.000000	1881.200000	1369.770000	31.060783	
5.087355	0.400000	12.000000	1883.728417	1406.720000	35.380000	
4.907862	0.400000	12.000000	1837.200000	1427.970000	34.560131	
5.378538	0.400000	12.000000	1821.734738	1436.800000	39.160000	
4.737558	0.400000	12.000000	1813.155394	1442.680000	39.160000	
5.297252	0.400000	12.000000	1840.130000	1468.735828	40.150000	
4.702766	0.400000	12.000000	1858.380000	1475.568385	40.150000	
4.479321	0.400000	12.000000	1865.880000	1465.570000	39.658450	
6.000481	0.400000	12.000000	1912.490000	1444.970000	36.612554	
5.168534	0.400000	12.000000	1904.010000	1449.220000	43.470633	
5.124253	0.400000	12.000000	1850.890000	1491.070000	46.963342	
7.060598	0.400000	12.000000	1793.429272	1468.180000	43.710000	
5.789448	0.400000	12.000000	1805.910000	1467.530000	47.411032	
5.052576	0.400000	12.000000	1831.010000	1497.210356	43.710000	
6.628863	0.400000	12.000000	1835.570000	1514.724184	43.710000	
4.580598	0.400000	12.000000	1810.572852	1529.320000	43.710000	
6.856049	0.400000	12.000000	1790.590000	1512.730925	44.470000	
6.494047	0.400000	12.000000	1778.974952	1523.440000	44.470000	
6.859850	0.400000	12.000000	1778.210000	1501.200000	47.020268	
8.187414	0.400000	12.000000	1775.270000	1481.859451	44.470000	
4.971452	0.400000	12.000000	1769.410000	1450.530000	48.214434	
6.622270	0.400000	12.000000	1779.512538	1440.390000	44.470000	
4.578817	0.400000	12.000000	1765.294009	1468.510000	44.470000	
4.455695	0.400000	12.000000	1858.704486	1419.800000	45.830000	
5.104594	0.400000	12.000000	1908.172289	1416.850000	45.830000	
5.822041	0.400000	12.000000	1922.270000	1434.881199	45.830000	
5.371933	0.400000	12.000000	1867.766405	1491.720000	45.830000	
5.894124	0.400000	12.000000	1789.290000	1430.910000	44.947236	
4.833608	0.400000	12.000000	1790.270000	1416.829243	49.390000	
5.569171	0.400000	12.000000	1776.079092	1414.240000	49.390000	
9.324321	0.400000	12.000000	1778.860000	1398.230024	49.390000	
4.737319	0.400000	12.000000	1791.240000	1389.060000	48.200521	
5.209159	0.400000	12.000000	1803.326141	1383.180000	49.390000	
4.521829	0.400000	12.000000	1811.450000	1376.089669	49.390000	
7.260669	0.400000	12.000000	1824.984803	1383.500000	49.390000	
7.431936	0.400000	12.000000	1836.550000	1367.605880	49.390000	
5.294824	0.400000	12.000000	1875.330000	1426.660000	46.613427	
4.886200	0.400000	12.000000	1878.590000	1435.820000	52.413487	
5.101471	0.400000	12.000000	1877.290000	1446.508724	49.390000	
5.210271	0.400000	12.000000	1892.280000	1457.070000	46.413100	
5.304508	0.400000	12.000000	1901.410000	1465.222826	49.390000	
4.728297	0.400000	12.000000	1890.980000	1474.979374	49.390000	
4.904248	0.400000	12.000000	1899.450000	1482.228684	49.390000	
4.908865	0.400000	12.000000	1898.800000	1439.410000	45.672990	
6.163125	0.400000	12.000000	1897.170000	1420.474752	49.390000	
9.428143	0.400000	12.000000	1876.310000	1473.873263	49.390000	
5.633082	0.400000	12.000000	1790.920000	1532.177372	49.390000	
6.875734	0.400000	12.000000	1815.360000	1541.822822	49.390000	
5.876912	0.400000	12.000000	1838.785918	1406.390000	50.220000	
6.086211	0.400000	12.000000	1853.170000	1405.428820	50.220000	
4.812788	0.400000	12.000000	1854.470000	1379.250000	52.171005	
5.667032	0.400000	12.000000	1815.087053	1392.010000	50.220000	
4.857577	0.400000	12.000000	1809.016161	1400.830000	50.220000	
5.477322	0.400000	12.000000	1873.050000	1372.214157	50.220000	
5.972060	0.400000	12.000000	1881.850000	1362.927237	50.220000	
6.321520	0.400000	12.000000	1859.133517	1367.480000	50.220000	
4.690501	0.400000	12.000000	1869.140000	1355.002616	50.220000	
4.555611	0.400000	12.000000	1897.500000	1371.440711	50.220000	
5.242908	0.400000	12.000000	1896.989022	1392.660000	51.060000	
8.194572	0.400000	12.000000	1889.020000	1405.605936	54.390000	
5.062561	0.400000	12.000000	1879.463934	1395.600000	54.390000	
5.838014	0.400000	12.000000	1875.010000	1407.923407	54.390000	
5.182947	0.400000	12.000000	1908.580000	1388.751307	54.390000	
4.476886	0.400000	12.000000	1921.610000	1373.370000	51.636956	
5.706346	0.400000	12.000000	1822.732232	1441.050000	54.390000	
5.048924	0.400000	12.000000	1811.780000	1437.643732	54.390000	
4.990956	0.400000	12.000000	1828.720000	1422.740000	55.356610	
4.890489	0.400000	12.000000	1822.860000	1405.424615	55.520000	
4.590566	0.400000	12.000000	1814.977624	1520.490000	55.520000	
5.312685	0.400000	12.000000	1840.460000	1525.958875	55.520000	
5.748054	0.400000	12.000000	1842.410000	1464.260000	60.681029	
6.038257	0.400000	12.000000	1852.188903	1468.840000	55.520000	
6.099423	0.400000	12.000000	1833.731618	1456.410000	55.520000	
4.981789	0.400000	12.000000	1768.100000	1510.030000	54.812810	
5.421832	0.400000	12.000000	1801.020000	1546.650000	53.358171	
5.921827	0.400000	12.000000	1787.590811	1545.020000	55.520000	
5.424516	0.400000	12.000000	1768.046935	1499.570000	55.520000	
4.701684	0.400000	12.000000	1764.190000	1486.164344	55.520000	
5.279633	0.400000	12.000000	1756.690000	1477.010000	50.636499	
8.329011	0.400000	12.000000	1886.740000	1489.681050	55.520000	
5.604603	0.400000	12.000000	1852.088265	1511.010000	55.520000	
4.385774	0.400000	12.000000	1914.440000	1437.961186	58.250000	
6.761726	0.400000	12.000000	1863.600385	1402.140000	58.250000	
5.176577	0.400000	12.000000	1845.670000	1383.014757	58.250000	
4.692077	0.400000	12.000000	1866.210000	1466.220000	60.272756	
5.708726	0.400000	12.000000	1845.350000	1497.280000	62.799995	
6.262424	0.400000	12.000000	1832.960000	1491.125227	60.150000	
4.973894	0.400000	12.000000	1834.959175	1505.130000	60.150000	
4.747959	0.400000	12.000000	1840.130000	1514.280000	55.590917	
6.816017	0.400000	12.000000	1826.290283	1516.570000	60.150000	
5.867864	0.400000	12.000000	1791.240000	1471.597207	60.150000	
4.566446	0.400000	12.000000	1798.090000	1462.950000	57.554548	
4.393486	0.400000	12.000000	1770.710000	1470.392032	60.150000	
4.704060	0.400000	12.000000	1760.930000	1471.241461	60.150000	
5.652885	0.400000	12.000000	1764.520000	1459.014017	60.150000	
7.087497	0.400000	12.000000	1776.620940	1489.110000	60.150000	
5.547568	0.400000	12.000000	1787.660000	1505.450000	58.304590	
7.946663	0.400000	12.000000	1782.770000	1520.854457	60.150000	
4.657501	0.400000	12.000000	1806.560000	1527.690000	59.067675	
4.961790	0.400000	12.000000	1801.666503	1518.860000	60.150000	
6.534080	0.400000	12.000000	1805.926145	1496.950000	60.150000	
7.358793	0.400000	12.000000	1822.573617	1470.470000	60.150000	
4.649912	0.400000	12.000000	1772.746398	1440.390000	60.150000	
6.750821	0.400000	12.000000	1775.600000	1429.600000	53.752957	
5.357680	0.400000	12.000000	1845.670000	1361.930000	58.696898	
5.068205	0.400000	12.000000	1860.340000	1376.640000	61.681802	
6.687106	0.400000	12.000000	1831.980000	1352.495256	60.150000	
7.375847	0.400000	12.000000	1813.410000	1370.711490	60.150000	
5.322590	0.400000	12.000000	1828.070000	1364.540000	60.054282	
5.617316	0.400000	12.000000	1915.042113	1451.510000	60.150000	
4.374595	0.400000	12.000000	1867.662945	1504.470000	60.150000	
7.062834	0.400000	12.000000	1903.690000	1415.324071	61.360000	
5.794358	0.400000	12.000000	1858.060000	1415.087490	61.360000	
6.009239	0.400000	12.000000	1847.300000	1481.825219	61.360000	
5.810204	0.400000	12.000000	1862.950000	1490.491250	61.360000	
4.814441	0.400000	12.000000	1796.460000	1527.360000	59.127960	
5.729752	0.400000	12.000000	1754.090000	1517.684385	61.360000	
5.023556	0.400000	12.000000	1754.090000	1495.819328	61.360000	
5.328608	0.400000	12.000000	1916.070000	1406.173952	62.190000	
4.389291	0.400000	12.000000	1924.220000	1391.783889	62.190000	
4.642373	0.400000	12.000000	1880.613785	1377.290000	62.190000	
6.013449	0.400000	12.000000	1887.720000	1505.780000	61.240758	
7.659734	0.400000	12.000000	1868.607526	1517.550000	63.780000	
4.816066	0.400000	12.000000	1794.500000	1411.759800	64.690000	
6.480084	0.400000	12.000000	1787.010000	1420.780000	59.839748	
4.686145	0.400000	12.000000	1792.135447	1432.550000	64.690000	
6.662028	0.400000	12.000000	1772.660000	1410.511074	64.690000	
5.814147	0.400000	12.000000	1779.510000	1399.099348	64.690000	
5.051716	0.400000	12.000000	1791.570000	1391.515123	64.690000	
5.985043	0.400000	12.000000	1802.179303	1380.240000	64.690000	
6.839442	0.400000	12.000000	1830.030000	1380.707026	64.690000	
5.205341	0.400000	12.000000	1837.200000	1369.212904	64.690000	
5.512856	0.400000	12.000000	1874.828428	1420.120000	64.690000	
5.477253	0.400000	12.000000	1871.167247	1443.340000	64.690000	
6.846289	0.400000	12.000000	1897.820000	1426.660000	70.131620	
6.695129	0.400000	12.000000	1898.800000	1448.570000	69.754802	
5.745757	0.400000	12.000000	1892.930000	1458.370000	60.647844	
5.540953	0.400000	12.000000	1904.990000	1460.404204	64.690000	
4.558438	0.400000	12.000000	1903.360000	1474.871571	64.690000	
5.011540	0.400000	12.000000	1891.960000	1476.808361	64.690000	
4.625459	0.400000	12.000000	1903.280776	1484.530000	64.690000	
6.074724	0.400000	12.000000	1870.440000	1474.400000	66.972411	
4.830010	0.400000	12.000000	1821.884846	1529.980000	64.690000	
8.195688	0.400000	12.000000	1815.360000	1545.522312	64.690000	
4.456248	0.400000	12.000000	1802.320000	1538.800000	62.883014	
5.754954	0.400000	12.000000	1791.556708	1537.170000	64.690000	
4.641683	0.400000	12.000000	1777.550000	1508.400000	61.055588	
5.058692	0.400000	12.000000	1765.143877	1520.490000	64.690000	
4.968779	0.400000	12.000000	1770.380000	1528.340000	60.826453	
5.112684	0.400000	12.000000	1828.400000	1396.260000	60.305483	
6.384618	0.400000	12.000000	1809.490000	1418.604982	64.690000	
4.665770	0.400000	12.000000	1884.460000	1483.550000	68.889474	
7.374227	0.400000	12.000000	1908.836674	1495.650000	64.690000	
4.723029	0.400000	12.000000	1926.500000	1414.730274	64.690000	
5.806086	0.400000	12.000000	1869.790000	1366.180000	65.159743	
5.691279	0.400000	12.000000	1875.980000	1355.259449	67.640000	
5.161468	0.400000	12.000000	1898.470000	1396.514261	67.640000	
6.333222	0.400000	12.000000	1906.950000	1366.113086	67.640000	
4.387557	0.400000	12.000000	1838.180000	1403.026255	67.640000	
5.225325	0.400000	12.000000	1848.280000	1404.760000	70.054086	
4.996893	0.400000	12.000000	1920.640000	1443.965111	70.300000	
4.806909	0.400000	12.000000	1886.410000	1404.100000	67.543505	
5.871396	0.400000	12.000000	1874.925961	1407.040000	70.300000	
5.644127	0.400000	12.000000	1863.661746	1392.660000	70.300000	
5.406047	0.400000	12.000000	1852.840000	1394.620000	66.475613	
5.605466	0.400000	12.000000	1833.290000	1412.330736	70.300000	
4.926103	0.400000	12.000000	1831.330000	1425.680000	72.145156	
4.595475	0.400000	12.000000	1817.581020	1409.660000	70.300000	
5.666781	0.400000	12.000000	1807.953897	1401.160000	70.300000	
5.436843	0.400000	12.000000	1818.950000	1395.464299	70.300000	
6.035881	0.400000	12.000000	1815.360000	1384.542438	70.300000	
5.973684	0.400000	12.000000	1810.800000	1441.050000	68.091650	
4.628276	0.400000	12.000000	1767.450000	1494.010000	66.730181	
4.564547	0.400000	12.000000	1774.885807	1500.880000	71.130000	
4.699394	0.400000	12.000000	1760.280000	1487.470000	69.164493	
4.908026	0.400000	12.000000	1754.119609	1479.950000	71.130000	
5.356099	0.400000	12.000000	1822.956906	1521.150000	71.130000	
5.683377	0.400000	12.000000	1844.845942	1527.360000	71.130000	
5.655280	0.400000	12.000000	1855.450000	1514.066510	71.130000	
4.638713	0.400000	12.000000	1842.090000	1468.650580	71.960000	
4.865375	0.400000	12.000000	1847.300000	1457.339961	71.960000	
5.456534	0.400000	12.000000	1906.620000	1380.864025	71.960000	
5.788369	0.400000	12.000000	1920.960000	1368.011432	71.960000	
6.702471	0.400000	12.000000	1785.509156	1440.390000	71.960000	
4.623036	0.400000	12.000000	1814.380000	1431.570000	71.710801	
5.137395	0.400000	12.000000	1800.376909	1448.240000	71.960000	
4.630945	0.400000	12.000000	1797.440000	1438.179981	71.960000	
4.457437	0.400000	12.000000	1795.810000	1380.560000	75.506892	
4.908291	0.400000	12.000000	1793.200000	1508.135764	71.960000	
4.881915	0.400000	12.000000	1869.470000	1464.590000	73.928043	
7.961816	0.400000	12.000000	1884.780000	1460.209585	73.630000	
4.872381	0.400000	12.000000	1829.801046	1450.200000	73.630000	
4.595534	0.400000	12.000000	1852.840000	1378.570284	73.630000	
5.756037	0.400000	12.000000	1840.780000	1382.200000	76.810365	
4.615165	0.400000	12.000000	1873.380000	1378.330005	73.630000	
4.695079	0.400000	12.000000	1864.188083	1381.220000	73.630000	
8.601420	0.400000	12.000000	1900.760000	1370.430000	80.695238	
4.799021	0.400000	12.000000	1854.800000	1463.205262	73.630000	
6.504707	0.400000	12.000000	1882.830000	1444.320000	68.038835	
8.187219	0.400000	12.000000	1793.200000	1468.840000	75.905340	
6.383497	0.400000	12.000000	1768.430000	1468.510000	74.823423	
8.441256	0.400000	12.000000	1773.970000	1483.759243	75.520000	
4.524169	0.400000	12.000000	1781.790000	1519.510000	75.040341	
6.934357	0.400000	12.000000	1809.820000	1513.845119	75.520000	
5.130751	0.400000	12.000000	1827.899748	1488.130000	75.520000	
4.802817	0.400000	12.000000	1839.810000	1487.697294	75.520000	
7.209585	0.400000	12.000000	1817.320000	1451.161297	75.520000	
5.244261	0.400000	12.000000	1775.920000	1425.401216	75.520000	
9.616436	0.400000	12.000000	1761.580000	1434.510000	81.637522	
5.827889	0.400000	12.000000	1841.760000	1357.350000	80.589860	
6.417571	0.400000	12.000000	1824.130768	1359.310000	75.520000	
4.553703	0.400000	12.000000	1831.010000	1368.470000	79.991330	
6.294227	0.400000	12.000000	1831.660000	1347.823394	75.520000	
4.423065	0.400000	12.000000	1821.880000	1369.770000	71.872868	
4.618254	0.400000	12.000000	1860.800046	1369.450000	75.520000	
5.525109	0.400000	12.000000	1855.780000	1361.600000	80.424486	
6.241750	0.400000	12.000000	1846.980000	1361.930000	70.492849	
7.187267	0.400000	12.000000	1891.400833	1414.240000	76.510000	
5.321182	0.400000	12.000000	1906.620000	1417.532828	76.510000	
6.862937	0.400000	12.000000	1874.030000	1436.140000	78.199743	
5.146627	0.400000	12.000000	1874.680000	1450.854806	76.510000	
5.555404	0.400000	12.000000	1849.260000	1479.875736	76.510000	
4.789471	0.400000	12.000000	1864.250000	1486.170000	74.408280	
4.722734	0.400000	12.000000	1868.160000	1494.990000	76.286477	
4.539009	0.400000	12.000000	1840.780000	1505.830113	76.510000	
4.547953	0.400000	12.000000	1849.580000	1501.200000	72.227736	
4.489842	0.400000	12.000000	1848.128178	1515.920000	78.170000	
6.126445	0.400000	12.000000	1837.850000	1516.900000	84.120254	
7.680821	0.400000	12.000000	1869.155721	1511.010000	79.010000	
6.119268	0.400000	12.000000	1884.130000	1496.950000	80.224229	
5.357713	0.400000	12.000000	1830.030000	1524.914736	79.010000	
6.670045	0.400000	12.000000	1794.830000	1523.817235	79.010000	
4.395024	0.400000	12.000000	1784.720000	1531.624127	79.010000	
4.948049	0.400000	12.000000	1807.210000	1537.747820	79.010000	
7.699602	0.400000	12.000000	1792.870000	1556.746035	67.040000	
5.269903	0.400000	12.000000	1875.660000	1392.173209	74.460000	
5.024128	0.400000	12.000000	1815.040000	1495.650000	80.232539	
6.031175	0.400000	12.000000	1826.520357	1463.610000	77.420000	
5.606637	0.400000	12.000000	1919.785631	1399.850000	79.230000	
5.282528	0.400000	12.000000	1907.794415	1394.290000	80.070000	
9.389812	0.400000	12.000000	1934.856288	1392.010000	80.980000	
4.821045	0.400000	12.000000	1919.953463	1413.580000	80.980000	
5.335913	0.400000	12.000000	1929.235706	1418.160000	80.980000	
5.232974	0.400000	12.000000	1933.020000	1423.060000	90.164296	
7.161461	0.400000	12.000000	1848.280000	1402.623886	86.890000	
4.779099	0.400000	12.000000	1825.470000	1402.470000	74.983477	
4.627394	0.400000	12.000000	1827.786748	1409.990000	81.730000	
4.475743	0.400000	12.000000	1807.210000	1416.817904	83.780000	
5.227490	0.400000	12.000000	1793.850000	1412.930000	90.079994	
7.938965	0.400000	12.000000	1789.595462	1419.470000	77.950000	
4.815672	0.400000	12.000000	1920.579420	1462.300000	81.280000	
6.169605	0.400000	12.000000	1914.120000	1472.848603	81.280000	
5.167125	0.400000	12.000000	1890.000000	1479.505380	82.490000	
4.421479	0.400000	12.000000	1882.500000	1484.530000	78.434662	
5.906661	0.400000	12.000000	1902.710000	1472.110000	75.570771	
5.408010	0.400000	12.000000	1907.930000	1488.505333	84.310000	
5.902178	0.400000	12.000000	1866.296955	1478.650000	87.190000	
4.898707	0.400000	12.000000	1859.360000	1514.610000	95.862615	
6.282229	0.400000	12.000000	1870.120000	1468.840000	94.773252	
5.803110	0.400000	12.000000	1883.810000	1464.260000	91.166259	
5.001903	0.400000	12.000000	1883.810000	1453.470000	89.780309	
5.270962	0.400000	12.000000	1885.440000	1445.300000	96.876950	
6.062123	0.400000	12.000000	1875.330000	1434.236469	91.880000	
4.375997	0.400000	12.000000	1876.960000	1413.842308	92.790000	
4.668820	0.400000	12.000000	1852.520000	1467.334651	95.070000	
4.707864	0.400000	12.000000	1859.690000	1451.840000	94.840594	
6.806140	0.400000	12.000000	1835.570000	1447.492366	97.640000	
5.171939	0.400000	12.000000	1844.700000	1457.720000	95.712018	
4.456721	0.400000	12.000000	1848.610000	1447.910000	103.953128	
5.189243	0.400000	12.000000	1848.610000	1402.140000	99.288248	
4.858467	0.400000	12.000000	1850.240000	1435.071094	89.080000	
4.541103	0.400000	12.000000	1920.640000	1444.970000	91.655951	
5.561868	0.400000	12.000000	1920.960000	1432.964562	81.200000	
5.382071	0.400000	12.000000	1805.188659	1401.160000	88.780000	
4.924305	0.400000	12.000000	1814.817069	1396.260000	88.780000	
4.662750	0.400000	12.000000	1825.470000	1393.970000	87.053335	
5.135785	0.400000	12.000000	1814.380000	1385.470000	92.571217	
5.144201	0.400000	12.000000	1826.770000	1375.033556	88.780000	
4.977166	0.400000	12.000000	1830.030000	1385.140000	86.622178	
4.934069	0.400000	12.000000	1841.835762	1382.520000	89.690000	
4.571366	0.400000	12.000000	1859.040000	1375.607819	89.690000	
4.848622	0.400000	12.000000	1851.870000	1381.870000	93.821207	
8.550496	0.400000	12.000000	1800.040000	1367.751414	89.690000	
5.654131	0.400000	12.000000	1801.020000	1385.790000	90.216157	
5.161150	0.400000	12.000000	1830.680000	1361.270000	87.352719	
4.643648	0.400000	12.000000	1791.890000	1390.370000	87.891244	
6.078128	0.400000	12.000000	1785.050000	1398.540000	94.933221	
4.773890	0.400000	12.000000	1784.952707	1417.510000	89.690000	
5.003460	0.400000	12.000000	1779.687729	1439.410000	89.690000	
5.052812	0.400000	12.000000	1804.280000	1436.127140	89.690000	
5.075017	0.400000	12.000000	1813.080000	1430.312835	90.820000	
7.852516	0.400000	12.000000	1779.180000	1449.454924	97.940000	
5.494215	0.400000	12.000000	1773.320000	1452.490000	110.111519	
5.688931	0.400000	12.000000	1769.080000	1463.239170	109.990000	
4.528365	0.400000	12.000000	1824.810000	1410.310000	101.947701	
5.378865	0.400000	12.000000	1775.920000	1510.360000	77.499211	
4.738705	0.400000	12.000000	1772.340000	1520.489455	82.040000	
4.665304	0.400000	12.000000	1760.930000	1522.884102	82.040000	
7.669735	0.400000	12.000000	1760.280000	1506.760000	74.384179	
4.858515	0.400000	12.000000	1769.080000	1511.670000	85.703351	
4.680759	0.400000	12.000000	1820.250000	1530.300000	80.121278	
4.754731	0.400000	12.000000	1812.100000	1523.362543	82.040000	
5.935007	0.400000	12.000000	1890.330000	1514.546180	82.040000	
4.766893	0.400000	12.000000	1901.410000	1499.570000	80.381337	
5.951163	0.400000	12.000000	1839.455580	1531.940000	87.570000	
6.289905	0.400000	12.000000	1797.110000	1506.567956	88.400000	
5.213001	0.400000	12.000000	1771.360000	1499.900000	86.288233	
4.802453	0.400000	12.000000	1816.670000	1508.907140	89.230000	
5.185114	0.400000	12.000000	1820.900000	1518.024756	89.230000	
6.004136	0.400000	12.000000	1756.643324	1496.630000	90.900000	
4.447804	0.400000	12.000000	1770.710000	1489.139677	91.810000	
4.518276	0.400000	12.000000	1769.738122	1466.220000	92.790000	
7.240412	0.400000	12.000000	1839.658604	1471.130000	90.450000	
7.708419	0.400000	12.000000	1902.060000	1372.771114	101.880000	
4.455412	0.400000	12.000000	1912.160000	1382.289366	103.700000	
4.461084	0.400000	12.000000	1887.720000	1416.200000	109.320245	
10.007600	0.400000	12.000000	1749.334575	1453.140000	98.850000	
5.199183	0.400000	12.000000	1771.360000	1422.978081	98.850000	
6.577765	0.400000	12.000000	1783.694265	1426.010000	98.850000	
4.806312	0.400000	12.000000	1833.835263	1419.140000	100.750000	
4.850693	0.400000	12.000000	1831.330000	1429.029683	101.580000	
5.115176	0.400000	12.000000	1818.300000	1433.530000	101.728194	
4.563615	0.400000	12.000000	1816.990000	1451.770268	102.490000	
6.077129	0.400000	12.000000	1855.450000	1502.190000	98.913183	
4.411071	0.400000	12.000000	1842.859027	1514.280000	102.490000	
4.704215	0.400000	12.000000	1877.940000	1475.925227	104.080000	
4.784117	0.400000	12.000000	1871.798905	1483.880000	104.080000	
4.435886	0.400000	12.000000	1892.610000	1489.433443	104.080000	
5.621161	0.400000	12.000000	1894.890000	1478.970000	102.374288	
4.538000	0.400000	12.000000	1882.500000	1488.450000	107.487035	
4.399180	0.400000	12.000000	1884.866835	1497.610000	104.080000	
4.400692	0.400000	12.000000	1884.780000	1481.910000	101.644305	
4.746126	0.400000	12.000000	1886.740000	1472.379880	104.080000	
5.387034	0.400000	12.000000	1878.270000	1455.502109	103.170000	
7.332688	0.400000	12.000000	1850.560000	1420.780000	104.171421	
6.449216	0.400000	12.000000	1803.300000	1420.686994	102.410000	
5.181007	0.400000	12.000000	1836.550000	1494.040651	105.370000	
4.485842	0.400000	12.000000	1838.180000	1483.220000	101.192398	
5.796650	0.400000	12.000000	1846.000000	1488.780000	107.852005	
4.565183	0.400000	12.000000	1844.040000	1476.434641	105.370000	
4.471337	0.400000	12.000000	1851.870000	1471.780000	107.017663	
6.572619	0.400000	12.000000	1880.870000	1406.060000	107.775359	
6.787549	0.400000	12.000000	1877.290000	1392.952112	105.370000	
4.438735	0.400000	12.000000	1861.047217	1397.240000	103.700000	
4.788022	0.400000	12.000000	1857.831214	1388.410000	100.820000	
5.484357	0.400000	12.000000	1860.340000	1365.000003	107.030000	
4.931723	0.400000	12.000000	1836.607600	1388.080000	104.080000	
6.644207	0.400000	12.000000	1825.470000	1388.410000	98.908629	
4.451808	0.400000	12.000000	1819.270000	1395.930000	107.235607	
4.373138	0.400000	12.000000	1797.440000	1411.564142	104.160000	
6.130239	0.400000	12.000000	1816.340000	1421.100000	104.597159	
6.022362	0.400000	12.000000	1815.366665	1376.970000	110.520000	
6.190614	0.400000	12.000000	1904.340000	1419.646317	112.490000	
9.276249	0.400000	12.000000	1930.641541	1415.870000	119.150000	
4.447961	0.400000	12.000000	1826.120000	1500.220000	104.502666	
4.441440	0.400000	12.000000	1802.000000	1481.590000	117.710519	
5.420275	0.400000	12.000000	1847.083141	1522.780000	98.700000	
4.450712	0.400000	12.000000	1862.620000	1521.800000	106.131828	
5.740774	0.400000	12.000000	1905.320000	1473.410000	106.993087	
6.430544	0.400000	12.000000	1913.470000	1465.890000	98.939329	
6.746055	0.400000	12.000000	1937.063314	1422.080000	104.610000	
4.478058	0.400000	12.000000	1824.108647	1465.240000	102.490000	
4.790840	0.400000	12.000000	1799.598892	1524.740000	105.900000	
4.831906	0.400000	12.000000	1791.240000	1516.595019	105.900000	
5.944675	0.400000	12.000000	1801.064257	1511.010000	105.900000	
5.340947	0.400000	12.000000	1810.150000	1523.760000	100.561284	
4.989429	0.400000	12.000000	1822.210000	1516.532599	105.900000	
4.697852	0.400000	12.000000	1815.775980	1507.740000	105.900000	
4.838490	0.400000	12.000000	1801.350000	1537.170000	104.823931	
5.678515	0.400000	12.000000	1813.080000	1538.150000	102.434171	
5.529600	0.400000	12.000000	1787.216499	1526.710000	105.900000	
4.898766	0.400000	12.000000	1780.899761	1516.240000	105.900000	
4.769469	0.400000	12.000000	1781.579180	1506.440000	105.900000	
5.538121	0.400000	12.000000	1775.270000	1497.311116	105.900000	
6.182197	0.400000	12.000000	1777.820146	1485.840000	105.900000	
4.650106	0.400000	12.000000	1770.380000	1518.530000	104.564766	
5.014584	0.400000	12.000000	1753.147326	1484.860000	105.900000	
5.178880	0.400000	12.000000	1764.520000	1484.351841	105.900000	
4.955476	0.400000	12.000000	1790.590000	1419.800000	109.369967	
5.184983	0.400000	12.000000	1808.520000	1436.800000	104.041264	
4.828382	0.400000	12.000000	1850.771958	1434.180000	105.900000	
5.347449	0.400000	12.000000	1870.120000	1434.830000	108.285011	
4.996891	0.400000	12.000000	1845.350000	1382.520000	107.074698	
7.262493	0.400000	12.000000	1829.380000	1356.578212	105.900000	
5.107172	0.400000	12.000000	1786.790344	1383.830000	105.900000	
4.853653	0.400000	12.000000	1887.204433	1450.850000	110.220000	
4.925911	0.400000	12.000000	1889.670000	1440.390000	114.401514	
4.835765	0.400000	12.000000	1889.350000	1430.295552	110.220000	
4.906050	0.400000	12.000000	1886.740000	1463.280000	112.001698	
4.611189	0.400000	12.000000	1873.028481	1467.200000	111.050000	
4.634241	0.400000	12.000000	1861.320000	1461.505813	111.050000	
5.018386	0.400000	12.000000	1849.580000	1462.300000	107.155235	
5.074813	0.400000	12.000000	1829.910586	1471.130000	111.050000	
4.919451	0.400000	12.000000	1840.130000	1469.464077	111.050000	
5.315922	0.400000	12.000000	1845.487770	1500.220000	111.050000	
6.324325	0.400000	12.000000	1854.150000	1508.744226	111.050000	
4.848437	0.400000	12.000000	1884.460000	1518.530000	111.146774	
4.561194	0.400000	12.000000	1874.350000	1515.771423	111.050000	
6.423967	0.400000	12.000000	1805.260000	1497.610000	106.430734	
4.834703	0.400000	12.000000	1805.910000	1504.470000	115.459732	
4.597088	0.400000	12.000000	1798.410000	1492.700000	115.039301	
5.054603	0.400000	12.000000	1790.205248	1489.430000	111.050000	
5.554558	0.400000	12.000000	1834.057720	1528.990000	111.050000	
4.608920	0.400000	12.000000	1835.570000	1518.530000	110.545319	
6.192324	0.400000	12.000000	1797.760000	1545.573088	111.050000	
4.586491	0.400000	12.000000	1842.090000	1538.480000	110.632776	
5.842820	0.400000	12.000000	1815.360000	1526.470470	111.050000	
5.440274	0.400000	12.000000	1788.310000	1538.050728	111.050000	
5.753064	0.400000	12.000000	1779.840000	1527.690000	114.970956	
7.311508	0.400000	12.000000	1768.430000	1533.332659	111.050000	
4.451660	0.400000	12.000000	1756.690000	1501.530000	111.865085	
4.453463	0.400000	12.000000	1766.470000	1497.468775	111.050000	
7.426297	0.400000	12.000000	1865.550000	1418.490000	113.082341	
4.389043	0.400000	12.000000	1867.840000	1383.830000	113.410382	
5.768393	0.400000	12.000000	1834.288060	1378.930000	112.410000	
5.388137	0.400000	12.000000	1826.120000	1370.750000	110.258529	
5.406750	0.400000	12.000000	1859.360000	1378.244528	112.410000	
5.408162	0.400000	12.000000	1910.210000	1394.711709	112.410000	
5.946724	0.400000	12.000000	1846.650000	1412.280000	117.674190	
5.403255	0.400000	12.000000	1833.610000	1405.339754	112.410000	
5.922696	0.400000	12.000000	1796.460000	1440.390000	109.951516	
5.148072	0.400000	12.000000	1818.095683	1449.220000	112.410000	
4.809761	0.400000	12.000000	1835.900000	1432.740312	112.410000	
4.821807	0.400000	12.000000	1861.977000	1481.910000	112.410000	
5.473987	0.400000	12.000000	1795.152603	1376.640000	112.410000	
4.891743	0.400000	12.000000	1796.421057	1387.100000	112.410000	
6.233070	0.400000	12.000000	1869.140000	1492.473212	112.410000	
6.272542	0.400000	12.000000	1779.180000	1470.140000	117.415954	
5.973770	0.400000	12.000000	1782.057651	1442.350000	114.990000	
6.546362	0.400000	12.000000	1773.970000	1421.887366	114.990000	
5.434648	0.400000	12.000000	1761.338157	1415.870000	114.990000	
4.879226	0.400000	12.000000	1873.050000	1502.692482	114.990000	
5.331154	0.400000	12.000000	1878.270000	1485.582979	119.150000	
4.614614	0.400000	12.000000	1872.730000	1477.340000	115.903149	
5.059178	0.400000	12.000000	1864.900000	1470.399103	119.150000	
5.467939	0.400000	12.000000	1875.980000	1456.117908	119.150000	
4.889048	0.400000	12.000000	1877.832897	1444.320000	119.150000	
4.414412	0.400000	12.000000	1846.320000	1449.220000	117.648876	
6.067042	0.400000	12.000000	1859.040000	1444.742194	119.150000	
5.038989	0.400000	12.000000	1850.560000	1437.314279	119.150000	
5.886054	0.400000	12.000000	1832.811645	1453.800000	119.150000	
5.165580	0.400000	12.000000	1840.130000	1463.046351	119.150000	
4.527354	0.400000	12.000000	1825.957663	1445.950000	119.150000	
4.713801	0.400000	12.000000	1806.890000	1452.554761	119.150000	
5.332611	0.400000	12.000000	1819.270000	1432.550000	117.614635	
4.969164	0.400000	12.000000	1829.700000	1425.492910	119.150000	
5.029197	0.400000	12.000000	1829.050000	1409.330000	121.485381	
5.004607	0.400000	12.000000	1841.034340	1401.490000	119.150000	
5.307159	0.400000	12.000000	1852.057666	1401.490000	119.150000	
4.617359	0.400000	12.000000	1830.680000	1386.403524	119.150000	
5.486478	0.400000	12.000000	1818.865486	1405.740000	119.150000	
7.810683	0.400000	12.000000	1804.280000	1423.017729	119.230000	
5.013363	0.400000	12.000000	1816.010000	1417.712686	119.230000	
7.757921	0.400000	12.000000	1816.410536	1391.350000	120.590000	
5.651179	0.400000	12.000000	1909.230000	1433.200000	122.935769	
5.970609	0.400000	12.000000	1862.300000	1517.783885	118.850000	
4.562993	0.400000	12.000000	1842.090000	1523.760000	119.191138	
4.790100	0.400000	12.000000	1763.860000	1447.260000	118.938750	
8.207445	0.400000	12.000000	1750.260945	1455.430000	118.850000	
5.330853	0.400000	12.000000	1761.881644	1435.160000	118.850000	
5.330294	0.400000	12.000000	1773.247469	1409.010000	118.850000	
4.567965	0.400000	12.000000	1877.610000	1401.995134	123.250000	
5.444659	0.400000	12.000000	1809.170000	1439.690688	123.250000	
4.970361	0.400000	12.000000	1789.290000	1417.430461	123.250000	
5.035457	0.400000	12.000000	1868.490000	1435.779939	123.250000	
4.382380	0.400000	12.000000	1839.810000	1495.968729	123.250000	
4.983496	0.400000	12.000000	1832.310000	1489.430000	125.444303	
6.599242	0.400000	12.000000	1849.876918	1483.880000	123.250000	
4.427164	0.400000	12.000000	1855.629365	1473.410000	123.250000	
4.558597	0.400000	12.000000	1833.290000	1502.190000	126.363065	
4.461676	0.400000	12.000000	1826.400451	1496.950000	123.250000	
4.596783	0.400000	12.000000	1825.645645	1518.210000	123.250000	
4.514669	0.400000	12.000000	1790.920000	1514.858493	123.250000	
4.744403	0.400000	12.000000	1779.840000	1515.920000	119.954180	
6.060532	0.400000	12.000000	1768.891912	1516.570000	123.250000	
5.603519	0.400000	12.000000	1778.853724	1500.550000	124.150000	
5.491069	0.400000	12.000000	1775.779687	1486.490000	124.150000	
4.961565	0.400000	12.000000	1755.060000	1482.240000	127.583708	
5.237631	0.400000	12.000000	1802.650000	1522.690094	124.150000	
8.144005	0.400000	12.000000	1800.690000	1537.957065	124.150000	
5.072926	0.400000	12.000000	1890.980000	1484.053250	124.150000	
4.404145	0.400000	12.000000	1874.445804	1473.740000	124.150000	
7.847546	0.400000	12.000000	1913.140000	1415.663540	124.150000	
6.812847	0.400000	12.000000	1896.520000	1427.260876	124.150000	
4.590906	0.400000	12.000000	1810.150000	1496.067500	124.150000	
5.762208	0.400000	12.000000	1817.786602	1504.800000	124.150000	
5.122970	0.400000	12.000000	1773.970000	1455.555803	124.150000	
4.651786	0.400000	12.000000	1763.540000	1458.580344	124.150000	
5.684585	0.400000	12.000000	1793.007950	1384.160000	124.150000	
4.588434	0.400000	12.000000	1806.906923	1382.200000	124.150000	
5.292863	0.400000	12.000000	1837.850000	1377.677879	124.150000	
7.313708	0.400000	12.000000	1855.801562	1370.750000	124.150000	
5.149901	0.400000	12.000000	1814.060000	1475.050000	125.936371	
5.266970	0.400000	12.000000	1825.140000	1481.104447	124.150000	
6.062498	0.400000	12.000000	1836.550000	1480.930000	119.633474	
4.613343	0.400000	12.000000	1800.671908	1496.630000	127.110000	
4.832593	0.400000	12.000000	1796.460000	1487.432889	127.110000	
4.408524	0.400000	12.000000	1787.660000	1491.720000	131.150835	
4.760044	0.400000	12.000000	1768.430000	1491.720000	129.350671	
4.404942	0.400000	12.000000	1759.300000	1493.360000	128.382077	
5.777537	0.400000	12.000000	1759.630000	1502.190000	122.623534	
5.770905	0.400000	12.000000	1783.090000	1525.933902	127.110000	
5.552910	0.400000	12.000000	1785.050000	1537.131360	127.110000	
6.798269	0.400000	12.000000	1816.010000	1531.008816	127.110000	
6.349700	0.400000	12.000000	1827.750000	1525.400000	131.610563	
5.712197	0.400000	12.000000	1846.000000	1530.039726	127.110000	
4.675500	0.400000	12.000000	1884.780000	1474.070000	128.446690	
4.547385	0.400000	12.000000	1870.770000	1464.839533	127.110000	
5.583014	0.400000	12.000000	1860.010000	1465.107331	127.940000	
4.559648	0.400000	12.000000	1849.910000	1463.280000	132.043269	
4.429179	0.400000	12.000000	1846.980000	1472.894349	127.940000	
5.497665	0.400000	12.000000	1836.870000	1472.100329	127.940000	
4.715877	0.400000	12.000000	1846.650000	1407.265549	127.940000	
4.886933	0.400000	12.000000	1835.900000	1424.700000	127.197491	
4.838254	0.400000	12.000000	1813.080000	1429.366863	127.940000	
4.642805	0.400000	12.000000	1812.750000	1441.050000	132.705146	
4.371327	0.400000	12.000000	1821.293452	1448.240000	129.000000	
5.211602	0.400000	12.000000	1808.862651	1451.840000	129.000000	
4.374908	0.400000	12.000000	1870.387169	1418.160000	129.000000	
5.052000	0.400000	12.000000	1858.380000	1412.187781	129.000000	
6.128114	0.400000	12.000000	1855.450000	1423.060000	135.391875	
4.598632	0.400000	12.000000	1864.410486	1425.680000	129.840000	
4.889217	0.400000	12.000000	1844.370000	1416.980968	129.840000	
6.115057	0.400000	12.000000	1870.992081	1453.140000	129.840000	
7.085399	0.400000	12.000000	1774.620000	1468.840000	132.449020	
4.429149	0.400000	12.000000	1783.420000	1476.066399	136.200000	
4.945943	0.400000	12.000000	1782.120000	1428.137331	138.550000	
5.954272	0.400000	12.000000	1809.490000	1418.160000	136.973887	
5.832412	0.400000	12.000000	1804.930000	1429.600000	144.734932	
6.929135	0.400000	12.000000	1850.560000	1444.970000	131.715016	
5.483554	0.400000	12.000000	1840.010144	1451.180000	136.880000	
6.319801	0.400000	12.000000	1839.729734	1495.970000	136.880000	
6.300203	0.400000	12.000000	1852.247275	1512.970000	136.880000	
6.618514	0.400000	12.000000	1863.270000	1522.065594	136.880000	
4.961749	0.400000	12.000000	1841.440000	1530.314612	136.880000	
4.628153	0.400000	12.000000	1830.976422	1535.530000	136.880000	
4.961515	0.400000	12.000000	1869.140000	1489.430000	132.613981	
4.432021	0.400000	12.000000	1875.330000	1482.803244	136.880000	
5.766722	0.400000	12.000000	1887.744090	1483.550000	136.880000	
4.824257	0.400000	12.000000	1807.210000	1481.910000	139.777156	
5.260798	0.400000	12.000000	1834.590000	1502.510000	145.260850	
5.480568	0.400000	12.000000	1820.480763	1511.670000	145.890000	
5.621207	0.400000	12.000000	1808.520000	1497.293251	145.890000	
6.443659	0.400000	12.000000	1796.709058	1493.680000	145.890000	
4.894769	0.400000	12.000000	1783.420000	1494.756698	146.730000	
5.544364	0.400000	12.000000	1775.270000	1484.211263	146.730000	
5.497662	0.400000	12.000000	1775.600000	1471.855437	146.730000	
9.256311	0.400000	12.000000	1776.250000	1458.050000	152.133088	
4.509422	0.400000	12.000000	1813.410000	1445.300000	144.145918	
4.866725	0.400000	12.000000	1822.525221	1464.590000	147.710000	
4.404921	0.400000	12.000000	1835.591187	1481.590000	142.860000	
6.158120	0.400000	12.000000	1827.482378	1474.400000	142.860000	
5.211320	0.400000	12.000000	1859.050755	1473.090000	142.030000	
5.755390	0.400000	12.000000	1867.510000	1481.343342	143.700000	
4.951640	0.400000	12.000000	1856.430000	1481.590000	149.828020	
4.630655	0.400000	12.000000	1860.010000	1489.994191	146.350000	
6.392904	0.400000	12.000000	1877.210167	1456.740000	146.350000	
4.521436	0.400000	12.000000	1858.380000	1461.970000	148.633916	
4.431004	0.400000	12.000000	1866.530000	1433.119508	144.910000	
5.798224	0.400000	12.000000	1857.080000	1444.200382	144.910000	
4.561708	0.400000	12.000000	1855.240540	1433.200000	144.910000	
4.739757	0.400000	12.000000	1857.410000	1419.452706	145.740000	
4.857103	0.400000	12.000000	1846.980000	1413.234921	146.650000	
4.809623	0.400000	12.000000	1823.840000	1411.950000	142.886557	
6.410115	0.400000	12.000000	1825.470000	1423.390000	155.868378	
5.249505	0.400000	12.000000	1835.084987	1415.870000	150.440000	
4.959157	0.400000	12.000000	1844.040000	1427.290736	150.440000	
5.022709	0.400000	12.000000	1835.570000	1434.084981	150.440000	
6.238355	0.400000	12.000000	1834.134199	1446.280000	150.440000	
4.764579	0.400000	12.000000	1813.410000	1452.490000	150.418649	
4.981053	0.400000	12.000000	1801.020000	1455.110000	157.860730	
4.731359	0.400000	12.000000	1800.040000	1435.490000	154.423183	
5.204890	0.400000	12.000000	1797.050977	1420.780000	144.910000	
4.821842	0.400000	12.000000	1791.570000	1433.030424	144.530000	
6.093044	0.400000	12.000000	1778.734306	1440.390000	143.390000	
5.224436	0.400000	12.000000	1873.338520	1509.700000	143.700000	
5.654027	0.400000	12.000000	1840.460000	1465.534591	145.360000	
5.328869	0.400000	12.000000	1846.650000	1475.380000	148.979057	
5.127628	0.400000	12.000000	1844.075679	1486.490000	145.360000	
5.861519	0.400000	12.000000	1846.320000	1502.693412	145.360000	
7.905894	0.400000	12.000000	1823.840000	1440.720000	139.114769	
6.674187	0.400000	12.000000	1785.380000	1506.203721	144.150000	
5.063745	0.400000	12.000000	1802.848756	1529.650000	139.230000	
6.987201	0.400000	12.000000	1789.290000	1520.145209	137.560000	
4.408284	0.400000	12.000000	1785.378121	1420.780000	131.200000	
4.407513	0.400000	12.000000	1821.230000	1490.673156	154.830000	
5.499305	0.400000	12.000000	1830.846181	1488.130000	154.830000	
4.561013	0.400000	12.000000	1824.020592	1480.610000	154.830000	
4.456779	0.400000	12.000000	1838.500000	1460.990000	158.806941	
4.386672	0.400000	12.000000	1842.410000	1453.470000	152.835454	
4.386470	0.400000	12.000000	1848.280000	1446.930000	158.311908	
5.418108	0.400000	12.000000	1844.249915	1438.430000	154.830000	
4.575489	0.400000	12.000000	1852.190000	1420.450000	158.994035	
5.257623	0.400000	12.000000	1863.446687	1419.800000	154.830000	
5.495483	0.400000	12.000000	1856.588149	1494.990000	157.030000	
5.230607	0.400000	12.000000	1838.830000	1520.170000	136.015703	
7.637190	0.400000	12.000000	1827.750000	1464.910000	170.538627	
4.819357	0.400000	12.000000	1849.795029	1473.740000	164.680000	
4.488689	0.400000	12.000000	1835.900000	1483.880000	164.945942	
8.767191	0.400000	12.000000	1824.090527	1503.820000	160.210000	
4.796975	0.400000	12.000000	1840.460000	1502.840000	167.289361	
4.686534	0.400000	12.000000	1816.942516	1482.240000	166.950000	
4.449521	0.400000	12.000000	1799.720000	1472.760000	170.232251	
5.015381	0.400000	12.000000	1806.560000	1478.823600	166.950000	
4.691775	0.400000	12.000000	1794.830000	1495.245781	166.950000	
6.388096	0.400000	12.000000	1787.330000	1482.570000	166.765817	
4.744210	0.400000	12.000000	1810.470000	1463.823508	161.950000	
4.504130	0.400000	12.000000	1818.950000	1472.760000	162.424814	
5.761455	0.400000	12.000000	1840.845584	1493.030000	161.950000	
4.595481	0.400000	12.000000	1862.300000	1486.170000	161.737627	
4.557837	0.400000	12.000000	1863.930000	1470.470000	160.856316	
5.928046	0.400000	12.000000	1871.420000	1478.320000	166.373129	
4.756069	0.400000	12.000000	1871.420000	1489.891452	161.950000	
4.479944	0.400000	12.000000	1865.550000	1459.030000	165.996808	
10.596286	0.400000	12.000000	1860.990000	1431.240000	169.258245	
5.832024	0.400000	12.000000	1823.840000	1432.220000	164.663907	
8.565561	0.400000	12.000000	1820.900000	1450.734869	161.650000	
4.655009	0.400000	12.000000	1813.063621	1431.890000	161.650000	
7.533828	0.400000	12.000000	1811.780000	1418.810000	161.872780	
4.820986	0.400000	12.000000	1799.720000	1421.697421	161.650000	
5.091467	0.400000	12.000000	1791.570000	1446.600000	163.583038	
5.708668	0.400000	12.000000	1789.290000	1459.680000	162.232794	
5.514930	0.400000	12.000000	1789.940000	1471.130000	161.990777	
6.267942	0.400000	12.000000	1782.169395	1439.410000	161.650000	
4.592247	0.400000	12.000000	1792.845331	1433.850000	161.650000	
5.044897	0.400000	12.000000	1788.091945	1425.350000	161.650000	
4.925297	0.400000	12.000000	1834.557873	1472.430000	161.650000	
5.265505	0.400000	12.000000	1824.221186	1518.210000	156.880000	
4.838876	0.400000	12.000000	1833.290000	1522.780000	156.874023	
5.626544	0.400000	12.000000	1825.140000	1531.021403	156.880000	
7.147028	0.400000	12.000000	1806.784392	1523.110000	156.880000	
7.182037	0.400000	12.000000	1791.510875	1510.690000	156.880000	
7.891866	0.400000	12.000000	1851.540000	1513.960000	158.245922	
6.028530	0.400000	12.000000	1814.060000	1473.410000	139.143932	
4.789891	0.400000	12.000000	1803.717865	1473.740000	144.000000	
5.713480	0.400000	12.000000	1789.879793	1481.590000	144.000000	
6.197560	0.400000	12.000000	1790.666441	1469.490000	144.000000	
5.604156	0.400000	12.000000	1790.966671	1446.600000	144.000000	
5.135181	0.400000	12.000000	1787.980000	1458.370000	139.386590	
4.821028	0.400000	12.000000	1829.472636	1426.010000	144.000000	
4.462776	0.400000	12.000000	1890.032614	1425.030000	138.320000	
6.621252	0.400000	12.000000	1903.690000	1437.529507	138.320000	
5.076769	0.400000	12.000000	1902.380000	1449.799318	138.320000	
4.713080	0.400000	12.000000	1891.630000	1453.800000	136.379152	
6.212075	0.400000	12.000000	1900.430000	1461.198886	138.320000	
4.449420	0.400000	12.000000	1868.447433	1442.030000	139.150000	
4.512368	0.400000	12.000000	1861.640000	1453.305824	139.150000	
4.722374	0.400000	12.000000	1882.500000	1451.510000	137.813610	
4.622831	0.400000	12.000000	1897.500000	1416.200000	141.628362	
5.202425	0.400000	12.000000	1875.660000	1403.450000	143.161509	
4.691538	0.400000	12.000000	1875.330000	1416.200000	138.232632	
4.998549	0.400000	12.000000	1859.040000	1403.450000	135.413418	
4.455447	0.400000	12.000000	1855.184998	1381.220000	139.150000	
7.086248	0.400000	12.000000	1810.800000	1385.263001	139.150000	
4.410886	0.400000	12.000000	1827.100000	1392.125340	139.150000	
6.414328	0.400000	12.000000	1825.140000	1401.810000	132.773768	
5.809151	0.400000	12.000000	1851.870000	1393.640000	139.556652	
5.415023	0.400000	12.000000	1895.648116	1435.820000	147.710000	
6.456322	0.400000	12.000000	1891.630000	1448.463771	147.710000	
4.930788	0.400000	12.000000	1876.640000	1435.490000	152.313127	
4.609360	0.400000	12.000000	1865.550000	1411.482708	147.710000	
5.342208	0.400000	12.000000	1839.810000	1384.238969	147.710000	
4.824922	0.400000	12.000000	1832.477319	1397.560000	147.710000	
6.483362	0.400000	12.000000	1810.150000	1406.060000	150.579770	
5.290472	0.400000	12.000000	1793.850000	1411.620000	153.000268	
5.168493	0.400000	12.000000	1799.070000	1402.140000	149.092021	
4.429874	0.400000	12.000000	1904.990000	1402.229213	134.230000	
4.831013	0.400000	12.000000	1891.630000	1400.092383	134.230000	
4.472803	0.400000	12.000000	1869.470000	1389.060000	131.601453	
6.084544	0.400000	12.000000	1880.550000	1396.546288	134.230000	
5.744605	0.400000	12.000000	1824.160000	1383.676048	134.230000	
4.591314	0.400000	12.000000	1788.640000	1398.540000	136.264829	
5.067127	0.400000	12.000000	1799.979447	1448.240000	134.230000	
5.272622	0.400000	12.000000	1800.690000	1459.360000	138.986088	
7.245550	0.400000	12.000000	1837.520000	1439.410000	131.935326	
5.067563	0.400000	12.000000	1818.300000	1461.640000	136.580337	
5.101385	0.400000	12.000000	1810.162552	1490.420000	133.240000	
5.164904	0.400000	12.000000	1819.270000	1497.610000	133.188230	
4.518920	0.400000	12.000000	1880.870000	1504.800000	136.382237	
4.404025	0.400000	12.000000	1803.075960	1512.320000	134.080000	
5.159165	0.400000	12.000000	1762.127692	1443.990000	136.580000	
7.794625	0.400000	12.000000	1768.791905	1424.050000	136.580000	
4.626609	0.400000	12.000000	1788.310000	1461.953682	126.050000	
6.256391	0.400000	12.000000	1796.460000	1470.470000	120.279932	
4.809445	0.400000	12.000000	1858.060000	1492.050000	125.603587	
5.613577	0.400000	12.000000	1863.096120	1501.200000	126.050000	
5.345870	0.400000	12.000000	1791.308064	1502.190000	126.050000	
4.564604	0.400000	12.000000	1808.520000	1411.290000	120.841527	
5.492393	0.400000	12.000000	1797.159002	1403.450000	121.810000	
5.666284	0.400000	12.000000	1858.833305	1392.660000	121.810000	
4.586509	0.400000	12.000000	1901.053049	1447.590000	121.810000	
5.994460	0.400000	12.000000	1898.095474	1461.320000	121.810000	
6.683357	0.400000	12.000000	1909.190766	1470.800000	121.810000	
4.804678	0.400000	12.000000	1810.150000	1515.843420	121.810000	
4.440036	0.400000	12.000000	1841.911598	1514.280000	118.550000	
7.087500	0.400000	12.000000	1900.760000	1381.749891	118.550000	
7.131230	0.400000	12.000000	1878.590000	1372.749096	118.550000	
6.986005	0.400000	12.000000	1894.011856	1404.100000	118.550000	
5.389114	0.400000	12.000000	1787.330000	1392.426552	118.550000	
5.047371	0.400000	12.000000	1784.658992	1406.720000	118.550000	
5.546997	0.400000	12.000000	1773.320000	1434.180000	115.975409	
4.984983	0.400000	12.000000	1806.790951	1464.260000	118.550000	
4.726627	0.400000	12.000000	1929.440000	1396.447624	112.490000	
4.509121	0.400000	12.000000	1887.070000	1381.540000	115.050145	
4.555360	0.400000	12.000000	1858.380000	1430.209141	112.490000	
4.815248	0.400000	12.000000	1792.870000	1464.910000	108.643749	
4.842890	0.400000	12.000000	1919.330000	1445.950000	109.258265	
4.504678	0.400000	12.000000	1867.596236	1509.380000	110.520000	
4.867233	0.400000	12.000000	1856.432747	1490.740000	110.520000	
6.729711	0.400000	12.000000	1816.670000	1487.150000	111.879979	
5.751624	0.400000	12.000000	1823.840000	1478.320000	105.135593	
5.352463	0.400000	12.000000	1814.380000	1473.090000	110.880247	
6.022582	0.400000	12.000000	1789.940000	1500.880000	112.290766	
4.876681	0.400000	12.000000	1788.640000	1454.120000	109.031417	
5.348374	0.400000	12.000000	1897.500000	1462.950000	107.522819	
4.462224	0.400000	12.000000	1899.366920	1450.530000	104.840000	
4.609722	0.400000	12.000000	1910.137679	1445.620000	104.840000	
4.491179	0.400000	12.000000	1806.560000	1403.373993	104.840000	
5.258007	0.400000	12.000000	1807.870000	1388.134610	104.840000	
5.243417	0.400000	12.000000	1889.670000	1509.365401	104.840000	
7.101080	0.400000	12.000000	1902.169594	1500.550000	104.840000	
4.908916	0.400000	12.000000	1907.911574	1428.950000	102.410000	
4.792001	0.400000	12.000000	1897.820000	1427.970000	99.512508	
5.219448	0.400000	12.000000	1922.920000	1434.683619	102.410000	
4.854441	0.400000	12.000000	1799.417583	1453.140000	102.410000	
5.710700	0.400000	12.000000	1891.630000	1399.850000	104.627348	
5.866078	0.400000	12.000000	1894.560000	1388.491661	102.410000	
5.854063	0.400000	12.000000	1766.965995	1409.990000	102.410000	
7.163076	0.400000	12.000000	1765.907258	1438.430000	102.410000	
5.351141	0.400000	12.000000	1787.733947	1477.660000	101.580000	
5.012201	0.400000	12.000000	1799.720000	1477.990000	95.792860	
5.269854	0.400000	12.000000	1802.650000	1467.530000	102.624517	
4.753266	0.400000	12.000000	1817.562463	1497.610000	99.080000	
7.719920	0.400000	12.000000	1870.119613	1500.550000	99.080000	
5.152182	0.400000	12.000000	1900.430000	1438.760000	100.391882	
6.457895	0.400000	12.000000	1876.960000	1424.700000	102.057311	
4.874715	0.400000	12.000000	1808.428361	1484.200000	99.080000	
5.685016	0.400000	12.000000	1742.030000	1467.860000	99.264537	
6.972912	0.400000	12.000000	1908.871159	1397.240000	96.510000	
5.153426	0.400000	12.000000	1904.990000	1412.138517	96.510000	
5.749629	0.400000	12.000000	1895.870000	1415.220000	90.889543	
5.077174	0.400000	12.000000	1887.390000	1418.160000	97.220023	
4.743804	0.400000	12.000000	1858.380000	1439.458518	96.510000	
6.440741	0.400000	12.000000	1862.615067	1410.970000	96.510000	
5.512212	0.400000	12.000000	1820.580000	1444.095689	96.510000	
4.786782	0.400000	12.000000	1824.633433	1454.780000	96.510000	
7.254646	0.400000	12.000000	1834.590000	1399.520000	95.914180	
4.707215	0.400000	12.000000	1870.770000	1452.447312	96.510000	
4.748161	0.400000	12.000000	1809.599700	1406.720000	96.430000	
4.521929	0.400000	12.000000	1815.040000	1413.580000	91.989443	
4.378051	0.400000	12.000000	1837.875747	1372.720000	95.520000	
4.720716	0.400000	12.000000	1801.670000	1493.680000	93.297032	
6.271431	0.400000	12.000000	1827.100000	1508.070000	95.347976	
5.531866	0.400000	12.000000	1829.700000	1522.780000	99.285897	
4.637387	0.400000	12.000000	1859.236726	1485.510000	95.520000	
4.620249	0.400000	12.000000	1806.890000	1513.483780	94.610000	
4.777006	0.400000	12.000000	1847.666862	1494.990000	94.610000	
6.208448	0.400000	12.000000	1760.906204	1481.590000	90.290000	
5.345018	0.400000	12.000000	1749.520000	1477.010000	86.551378	
5.058511	0.400000	12.000000	1750.158507	1487.470000	90.290000	
4.720249	0.400000	12.000000	1850.890000	1417.830000	88.854761	
4.481520	0.400000	12.000000	1859.040000	1422.959925	90.290000	
6.739059	0.400000	12.000000	1877.940000	1402.537087	90.290000	
5.615889	0.400000	12.000000	1881.125233	1379.580000	90.290000	
5.649802	0.400000	12.000000	1824.490000	1498.260000	86.603351	
5.234554	0.400000	12.000000	1825.227257	1482.240000	90.290000	
5.575668	0.400000	12.000000	1814.060000	1473.090000	95.107031	
5.502899	0.400000	12.000000	1791.890000	1494.990000	85.703157	
5.267438	0.400000	12.000000	1783.750000	1501.041903	90.290000	
4.493005	0.400000	12.000000	1778.894992	1478.970000	90.290000	
5.083468	0.400000	12.000000	1791.941758	1457.390000	90.290000	
4.370246	0.400000	12.000000	1794.257282	1443.010000	90.290000	
5.862382	0.400000	12.000000	1791.104039	1431.890000	90.290000	
4.779271	0.400000	12.000000	1838.830000	1440.720000	87.562260	
7.210396	0.400000	12.000000	1840.780000	1426.875059	88.020000	
5.440549	0.400000	12.000000	1839.810000	1413.260000	90.943037	
4.429083	0.400000	12.000000	1864.296035	1402.790000	87.190000	
4.458406	0.400000	12.000000	1889.350000	1434.510000	82.818464	
6.235117	0.400000	12.000000	1898.470000	1426.660000	84.609072	
7.001731	0.400000	12.000000	1898.470000	1452.418824	86.350000	
5.087441	0.400000	12.000000	1897.500000	1464.590000	88.038629	
5.293251	0.400000	12.000000	1910.779616	1456.410000	86.350000	
6.651771	0.400000	12.000000	1908.250000	1443.010000	82.435447	
5.254796	0.400000	12.000000	1911.190000	1429.162326	86.350000	
5.191665	0.400000	12.000000	1903.753689	1402.790000	86.350000	
9.297393	0.400000	12.000000	1890.650000	1389.720000	80.635517	
6.162675	0.400000	12.000000	1773.970000	1413.580000	92.306324	
6.137641	0.400000	12.000000	1764.894613	1406.060000	86.350000	
4.376076	0.400000	12.000000	1780.877273	1407.700000	86.350000	
4.824227	0.400000	12.000000	1795.150000	1481.635997	83.860000	
6.734811	0.400000	12.000000	1806.890000	1480.671279	83.860000	
5.860563	0.400000	12.000000	1805.260000	1462.365056	83.860000	
4.922565	0.400000	12.000000	1778.530000	1466.118514	83.860000	
6.384492	0.400000	12.000000	1773.101138	1453.470000	83.860000	
5.619325	0.400000	12.000000	1869.767229	1424.050000	83.860000	
4.388949	0.400000	12.000000	1791.570000	1545.674193	82.640000	
4.915838	0.400000	12.000000	1781.140000	1545.670000	81.903477	
4.532935	0.400000	12.000000	1854.639697	1450.530000	78.780000	
5.595752	0.400000	12.000000	1857.333503	1436.470000	78.780000	
5.884852	0.400000	12.000000	1802.000000	1495.650000	80.285902	
5.651133	0.400000	12.000000	1760.930000	1453.800000	79.753199	
4.504778	0.400000	12.000000	1831.660000	1473.740000	70.607756	
5.423833	0.400000	12.000000	1795.150000	1402.649939	74.610000	
4.741907	0.400000	12.000000	1822.860000	1508.148186	71.580000	
6.948894	0.400000	12.000000	1845.670000	1435.820000	68.475791	
4.558322	0.400000	12.000000	1845.670000	1423.060000	75.748659	
6.208424	0.400000	12.000000	1820.250000	1479.580115	71.580000	
7.018818	0.400000	12.000000	1779.840000	1455.186901	69.840000	
5.296696	0.400000	12.000000	1894.240000	1437.450000	65.387100	
6.663642	0.400000	12.000000	1825.597949	1439.740000	69.840000	
5.318739	0.400000	12.000000	1820.580000	1421.760000	69.004927	
5.349880	0.400000	12.000000	1807.870000	1467.505115	62.870000	
5.022066	0.400000	12.000000	1803.950000	1481.407087	62.870000	
4.416100	0.400000	12.000000	1790.590000	1491.720000	60.388687	
4.691008	0.400000	12.000000	1863.600000	1438.430000	59.041122	
5.299410	0.400000	12.000000	1854.150000	1447.590000	58.628117	
4.880575	0.400000	12.000000	1881.734443	1466.550000	62.870000	
4.823041	0.400000	12.000000	1820.261302	1506.760000	53.400000	
4.970751	0.400000	12.000000	1801.710014	1510.690000	53.400000	
5.843693	0.400000	12.000000	1779.510000	1466.849518	53.400000	
5.104445	0.400000	12.000000	1783.420000	1449.550000	55.400963	
6.567623	0.400000	12.000000	1799.741534	1425.030000	53.400000	
6.461058	0.400000	12.000000	1815.690000	1423.505187	53.400000	
5.508738	0.400000	12.000000	1845.681616	1424.700000	53.400000	
4.710011	0.400000	12.000000	1839.150000	1440.070000	55.695380	
6.579404	0.400000	12.000000	1863.270000	1388.080000	47.384715	
5.404887	0.400000	12.000000	1869.019767	1453.470000	53.400000	
5.044245	0.400000	12.000000	1842.410000	1477.340000	49.816196	
5.383939	0.400000	12.000000	1819.270000	1482.570000	55.381298	
4.644651	0.400000	12.000000	1798.067925	1397.560000	53.400000	
6.040974	0.400000	12.000000	1817.640000	1457.720000	56.462323	
6.546624	0.400000	12.000000	1819.920000	1496.300000	62.277048	
4.830945	0.400000	12.000000	1843.390000	1451.510000	60.735084	
5.294233	0.400000	12.000000	1851.540000	1434.830000	56.860614	
4.640283	0.400000	12.000000	1888.410472	1421.430000	56.130000	
9.068568	0.400000	12.000000	1832.310000	1540.529427	56.130000	
4.881365	0.400000	12.000000	1856.430000	1501.530000	59.589384	
5.762463	0.400000	12.000000	1890.000000	1382.125331	56.130000	
4.877360	0.400000	12.000000	1858.710000	1478.320000	52.540118	
8.178980	0.400000	12.000000	1802.980000	1482.570000	42.886420	
5.067326	0.400000	12.000000	1789.622819	1490.420000	47.720000	
4.989040	0.400000	12.000000	1796.130000	1439.090000	49.422990	
6.659168	0.400000	12.000000	1799.070000	1409.660000	52.962034	
5.250891	0.400000	12.000000	1853.820000	1452.260653	47.720000	
5.023047	0.400000	12.000000	1829.423846	1396.260000	47.720000	
6.561111	0.400000	12.000000	1799.038589	1496.950000	43.630000	
7.045818	0.400000	12.000000	1825.470000	1375.000000	37.054519	
5.885540	0.400000	12.000000	1909.560000	1434.562591	43.630000	
5.398097	0.400000	12.000000	1874.742581	1506.760000	43.630000	
4.816559	0.400000	12.000000	1818.950000	1474.245986	43.630000	
4.582673	0.400000	12.000000	1838.024036	1484.530000	43.630000	
4.972764	0.400000	12.000000	1799.070000	1455.760000	36.182865	
4.894440	0.400000	12.000000	1825.790000	1425.680000	38.201275	
5.486112	0.400000	12.000000	1832.640000	1413.085135	38.710000	
7.574007	0.400000	12.000000	1869.882386	1413.580000	38.710000	
5.081893	0.400000	12.000000	1865.703685	1400.830000	38.710000	
4.686935	0.400000	12.000000	1888.040000	1387.932716	38.710000	
4.997746	0.400000	12.000000	1849.910000	1510.360000	41.659627	
4.557843	0.400000	12.000000	1801.802595	1523.110000	38.710000	
9.595123	0.400000	12.000000	1767.780000	1513.171263	38.710000	
6.425903	0.400000	12.000000	1766.470000	1495.650000	42.026790	
7.673710	0.400000	12.000000	1758.320000	1483.880000	36.173853	
6.006618	0.400000	12.000000	1831.660000	1476.478007	38.710000	
5.397270	0.400000	12.000000	1817.173044	1457.070000	38.710000	
5.329303	0.400000	12.000000	1853.170000	1439.410000	43.881753	
4.920786	0.400000	12.000000	1862.300000	1438.954643	38.710000	
4.582918	0.400000	12.000000	1875.660000	1493.354127	38.710000	
4.520117	0.400000	12.000000	1841.440000	1501.395524	38.710000	
5.248403	0.400000	12.000000	1859.360000	1499.692923	38.710000	
6.887794	0.400000	12.000000	1825.341537	1522.780000	38.710000	
5.631053	0.400000	12.000000	1875.758486	1381.540000	38.710000	
4.774515	0.400000	12.000000	1885.440000	1419.140000	41.874372	
5.199680	0.400000	12.000000	1898.470000	1407.700000	43.317705	
7.103776	0.400000	12.000000	1878.920000	1457.852584	38.710000	
5.657102	0.400000	12.000000	1858.060000	1487.333060	38.710000	
7.404601	0.400000	12.000000	1841.760000	1453.140000	42.654353	
8.844867	0.400000	12.000000	1766.610699	1430.580000	38.710000	
6.991394	0.400000	12.000000	1814.380000	1494.670000	43.891750	
5.564375	0.400000	12.000000	1812.750000	1517.550000	38.075151	
6.127297	0.400000	12.000000	1802.320000	1540.450235	38.710000	
4.651060	0.400000	12.000000	1851.870000	1459.179648	38.710000	
5.240355	0.400000	12.000000	1914.782167	1420.450000	38.710000	
5.103744	0.400000	12.000000	1805.260000	1424.370000	37.352562	
6.196525	0.400000	12.000000	1821.550000	1486.170000	30.466476	
5.560124	0.400000	12.000000	1806.240000	1508.070000	38.189372	
5.014146	0.400000	12.000000	1830.409015	1504.470000	33.940000	
4.517088	0.400000	12.000000	1802.558423	1390.700000	33.940000	
5.197815	0.400000	12.000000	1788.310000	1447.808818	33.940000	
5.545412	0.400000	12.000000	1776.900000	1459.900125	33.940000	
6.357684	0.400000	12.000000	1900.129520	1485.840000	33.940000	
4.654462	0.400000	12.000000	1871.420000	1483.854307	33.940000	
6.212764	0.400000	12.000000	1834.590000	1385.790000	28.086148	
4.900405	0.400000	12.000000	1836.870000	1441.050000	33.005225	
5.703574	0.400000	12.000000	1850.240000	1422.891688	33.940000	
4.582536	0.400000	12.000000	1819.920000	1503.177205	33.940000	
6.073216	0.400000	12.000000	1810.150000	1383.180000	39.526957	
5.692932	0.400000	12.000000	1788.960000	1399.200000	28.538631	
7.040583	0.400000	12.000000	1797.110000	1413.260000	31.717336	
7.398640	0.400000	12.000000	1799.720000	1441.200941	30.980000	
5.139808	0.400000	12.000000	1791.240000	1499.570000	28.593886	
4.708632	0.400000	12.000000	1800.370000	1488.200025	30.980000	
5.332910	0.400000	12.000000	1891.300000	1443.340000	27.219987	
4.535620	0.400000	12.000000	1907.930000	1468.542445	30.980000	
5.610171	0.400000	12.000000	1854.150000	1400.369744	30.980000	
7.327338	0.400000	12.000000	1796.460000	1468.180000	20.431969	
7.973426	0.400000	12.000000	1813.730000	1471.450000	21.189323	
4.496312	0.400000	12.000000	1788.716893	1481.260000	26.660000	
5.969729	0.400000	12.000000	1776.580000	1480.266870	26.660000	
7.566867	0.400000	12.000000	1793.520000	1512.972076	26.660000	
4.612612	0.400000	12.000000	1784.564027	1521.800000	26.660000	
4.754360	0.400000	12.000000	1780.160000	1501.200000	28.794331	
6.658058	0.400000	12.000000	1834.270000	1518.016374	26.660000	
5.125334	0.400000	12.000000	1833.834703	1489.430000	26.660000	
6.431718	0.400000	12.000000	1853.213322	1492.700000	26.660000	
5.320973	0.400000	12.000000	1843.720000	1468.628524	26.660000	
5.128606	0.400000	12.000000	1857.730000	1415.220000	26.805799	
4.608288	0.400000	12.000000	1860.340000	1424.050000	30.573253	
5.004819	0.400000	12.000000	1907.270000	1438.739058	26.660000	
7.817837	0.400000	12.000000	1906.726145	1453.470000	26.660000	
5.007728	0.400000	12.000000	1888.370000	1491.011144	26.660000	
8.119765	0.400000	12.000000	1921.290000	1432.856566	26.660000	
8.008474	0.400000	12.000000	1775.173980	1445.300000	26.660000	
5.991831	0.400000	12.000000	1767.797187	1460.660000	26.660000	
4.784028	0.400000	12.000000	1765.820000	1478.970000	25.899559	
6.205543	0.400000	12.000000	1897.170000	1471.016827	26.660000	
5.437328	0.400000	12.000000	1867.870941	1507.420000	26.660000	
5.277305	0.400000	12.000000	1884.780000	1503.820000	29.695316	
6.182577	0.400000	12.000000	1851.870000	1519.967359	26.660000	
7.113831	0.400000	12.000000	1862.950000	1449.550000	23.706335	
5.736280	0.400000	12.000000	1812.100000	1442.267552	19.690000	
5.691789	0.400000	12.000000	1814.060000	1454.296645	19.690000	
5.768740	0.400000	12.000000	1802.650000	1452.057350	19.690000	
5.292128	0.400000	12.000000	1829.050000	1468.510000	20.942497	
5.781186	0.400000	12.000000	1847.300000	1483.880000	19.401700	
8.274528	0.400000	12.000000	1847.294804	1506.110000	19.690000	
6.061300	0.400000	12.000000	1868.160000	1497.426265	19.690000	
5.702062	0.400000	12.000000	1859.360000	1477.660000	17.421231	
6.219092	0.400000	12.000000	1882.500000	1462.061044	19.690000	
4.530797	0.400000	12.000000	1871.420000	1461.320000	22.350854	
5.226314	0.400000	12.000000	1844.040000	1451.873737	19.690000	
6.910426	0.400000	12.000000	1887.720000	1415.220000	21.923254	
6.471098	0.400000	12.000000	1888.700000	1402.790000	13.280778	
7.729150	0.400000	12.000000	1904.340000	1409.448947	19.690000	
5.148951	0.400000	12.000000	1914.440000	1421.912942	19.690000	
5.647831	0.400000	12.000000	1886.410000	1387.100000	23.960083	
6.881291	0.400000	12.000000	1875.270452	1377.950000	19.690000	
6.057591	0.400000	12.000000	1865.230000	1393.310000	14.195966	
5.517124	0.400000	12.000000	1832.310000	1416.850000	24.457627	
6.160365	0.400000	12.000000	1831.835187	1399.200000	19.690000	
4.497838	0.400000	12.000000	1810.037097	1414.560000	19.690000	
4.458752	0.400000	12.000000	1820.250000	1515.920000	22.927894	
5.217973	0.400000	12.000000	1824.490000	1527.158955	19.690000	
6.526555	0.400000	12.000000	1803.630000	1522.130000	15.756446	
7.540931	0.400000	12.000000	1813.080000	1528.670000	26.781799	
7.809258	0.400000	12.000000	1807.210000	1507.090000	7.978053	
6.808443	0.400000	12.000000	1791.240000	1497.280000	14.674919	
6.361485	0.400000	12.000000	1821.659352	1488.130000	12.800000	
4.416339	0.400000	12.000000	1828.070000	1497.486499	12.800000	
4.494105	0.400000	12.000000	1812.750000	1498.260000	14.514579	
6.447485	0.400000	12.000000	1802.320000	1486.820000	17.863678	
9.161930	0.400000	12.000000	1787.660000	1458.700000	3.767346	
4.378372	0.400000	12.000000	1779.811810	1445.950000	12.800000	
5.935187	0.400000	12.000000	1874.680000	1479.630000	16.841109	
5.917689	0.400000	12.000000	1876.310000	1490.740000	10.650611	
5.463699	0.400000	12.000000	1892.610000	1458.370000	7.787878	
8.124103	0.400000	12.000000	1775.600000	1414.505840	12.800000	
5.335978	0.400000	12.000000	1770.710000	1493.360000	15.940867	
5.415741	0.400000	12.000000	1789.940000	1477.615073	7.270000	
6.896912	0.400000	12.000000	1803.300000	1472.110000	5.220183	
4.988026	0.400000	12.000000	1905.320000	1445.300000	10.332081	
8.744853	0.400000	12.000000	1834.590000	1514.280000	4.353067	
4.729486	0.400000	12.000000	1857.730000	1490.907689	7.270000	
4.879773	0.400000	12.000000	1833.290000	1490.090000	2.933037	
4.535512	0.400000	12.000000	1842.090000	1496.950000	10.414981	
4.399564	0.400000	12.000000	1827.348976	1451.840000	7.270000	
4.424275	0.400000	12.000000	1827.420000	1441.621219	7.270000	
5.847053	0.400000	12.000000	1855.231768	1435.820000	7.270000	
5.208615	0.400000	12.000000	1854.150000	1406.537056	7.270000	
4.523655	0.400000	12.000000	1775.270000	1476.832061	7.270000	
5.968868	0.400000	12.000000	1788.398070	1511.990000	7.270000	
5.901284	0.400000	12.000000	1781.790000	1491.070000	8.299428	
4.506106	0.400000	12.000000	1775.659836	1502.840000	7.270000	
4.642341	0.400000	12.000000	1771.690000	1453.202721	7.270000	
4.404316	0.400000	12.000000	1772.340000	1438.161578	7.270000	
7.426827	0.400000	12.000000	1762.812411	1471.780000	7.270000	
4.524848	0.400000	12.000000	1874.030000	1448.590518	2.270000	
7.553517	0.400000	12.000000	1885.760000	1472.430000	3.090661	
6.272947	0.400000	12.000000	1849.910000	1502.742592	2.270000	
6.011307	0.400000	12.000000	1864.900000	1504.918596	2.270000	
5.899791	0.400000	12.000000	1831.787662	1406.720000	2.270000	
6.028913	0.400000	12.000000	1752.460000	1464.910000	86.805285	
5.902592	0.400000	12.000000	1743.660000	1479.846517	109.000000	
5.464762	0.400000	12.000000	1901.978011	1494.990000	128.090000	
4.581277	0.400000	12.000000	1889.020000	1500.046005	130.520000	
4.615575	0.400000	12.000000	1883.810000	1514.280000	130.336766	
7.190794	0.400000	12.000000	1806.063055	1548.280000	88.550000	
5.382601	0.400000	12.000000	1795.150000	1537.933318	88.550000	
6.117827	0.400000	12.000000	1920.960000	1387.750000	101.513709	
4.426343	0.400000	12.000000	1925.200000	1403.120000	93.211322	
5.729180	0.400000	12.000000	1909.560000	1384.122357	85.290000	
6.196974	0.400000	12.000000	1784.400000	1411.384652	137.710000	
6.118536	1.000000	11.000000	1841.760000	1463.930000	-1.001253	
5.601624	1.000000	11.000000	1813.410000	1461.685368	-4.770000	
4.643908	1.000000	11.000000	1880.550000	1436.470000	8.170050	
5.683362	1.000000	11.000000	1902.130452	1426.010000	24.160000	
4.530544	1.000000	11.000000	1761.910000	1469.638704	27.950000	
4.548637	1.000000	11.000000	1778.210000	1464.584840	19.320000	
5.701714	1.000000	11.000000	1901.730000	1398.699771	27.420000	
5.532804	1.000000	11.000000	1899.630389	1385.790000	37.950000	
5.006820	1.000000	11.000000	1911.178373	1380.890000	42.190000	
5.422855	1.000000	11.000000	1909.880000	1370.194290	45.450000	
4.548319	1.000000	11.000000	1905.320000	1368.470000	54.334542	
4.960069	1.000000	11.000000	1891.960000	1362.589067	55.070000	
5.851088	1.000000	11.000000	1752.780000	1489.430000	48.309974	
4.379339	1.000000	11.000000	1809.170000	1448.878836	57.650000	
4.691434	1.000000	11.000000	1792.870000	1453.470000	58.551963	
5.757118	1.000000	11.000000	1859.902818	1352.770000	69.770000	
7.370452	1.000000	11.000000	1877.610000	1367.480000	76.482717	
4.803893	1.000000	11.000000	1882.180000	1368.602323	91.880000	
5.408071	1.000000	11.000000	1871.473001	1373.700000	91.880000	
5.139406	1.000000	11.000000	1869.790000	1385.664469	93.250000	
4.333890	1.000000	11.000000	1924.731745	1414.240000	46.510000	
6.701486	1.000000	11.000000	1926.500000	1404.430000	53.520768	
5.649991	1.000000	11.000000	1922.920000	1426.390036	53.780000	
4.496763	1.000000	11.000000	1921.290000	1450.917716	38.330000	
5.995193	1.000000	11.000000	1926.180000	1426.049835	69.460000	
4.494540	1.000000	11.000000	1895.210000	1372.875406	66.580000	
4.402952	1.000000	11.000000	1875.980000	1492.380000	62.790217	
5.920608	1.000000	11.000000	1880.220000	1516.900000	73.674067	
5.462953	1.000000	11.000000	1930.090000	1438.100000	89.859520	
4.810549	1.000000	11.000000	1766.470000	1425.680000	68.266916	
5.361210	1.000000	11.000000	1741.964929	1497.610000	86.580000	
4.340008	1.000000	11.000000	1758.000000	1513.300000	84.251926	
4.400430	1.000000	11.000000	1762.393208	1524.420000	97.410000	
4.710292	1.000000	11.000000	1761.910000	1520.170000	108.368464	
4.372761	1.000000	11.000000	1763.540000	1509.380000	113.474429	
5.997206	1.000000	11.000000	1753.760000	1519.190000	115.257952	
7.249475	1.000000	11.000000	1748.220000	1514.365359	99.760000	
7.664641	1.000000	11.000000	1750.500000	1530.356154	99.760000	
4.786228	1.000000	11.000000	1744.630000	1490.891548	100.290000	
4.444518	1.000000	11.000000	1755.060000	1475.050000	109.656247	
7.034327	1.000000	11.000000	1763.860000	1485.301318	119.380000	
5.381947	1.000000	11.000000	1764.520000	1468.503197	122.340000	
5.094397	1.000000	11.000000	1789.940000	1428.511954	123.170000	
5.374065	1.000000	11.000000	1915.420000	1395.930000	49.640141	
5.859245	1.000000	11.000000	1907.600000	1398.220000	40.983003	
4.650504	1.000000	11.000000	1914.860398	1407.040000	51.130000	
7.352338	1.000000	11.000000	1860.010000	1532.692225	65.300000	
8.191734	1.000000	11.000000	1825.790000	1543.417222	82.340000	
5.246065	1.000000	11.000000	1794.373823	1557.110000	84.990000	
5.776701	1.000000	11.000000	1760.930000	1530.300000	69.237860	
4.980590	1.000000	11.000000	1767.780000	1538.651304	69.160000	
5.846591	1.000000	11.000000	1771.272848	1536.510000	92.260000	
4.494825	1.000000	11.000000	1823.180000	1545.744676	100.600000	
5.853577	1.000000	11.000000	1835.348574	1539.780000	102.340000	
4.774535	1.000000	11.000000	1855.191932	1528.010000	103.320000	
5.127004	1.000000	11.000000	1906.950000	1485.840000	109.338671	
4.955048	1.000000	11.000000	1924.238101	1465.570000	104.460000	
4.917905	1.000000	11.000000	1917.050000	1459.030000	109.055818	
4.314006	1.000000	11.000000	1935.630000	1403.120000	104.219888	
5.868669	1.000000	11.000000	1936.930000	1390.377636	96.350000	
6.198036	1.000000	11.000000	1932.040000	1379.120876	96.350000	
5.328586	1.000000	11.000000	1846.644201	1365.520000	104.610000	
5.110381	1.000000	11.000000	1878.590000	1362.910000	99.454130	
4.317413	1.000000	11.000000	1869.470000	1362.580000	93.561176	
4.294804	1.000000	11.000000	1894.560000	1378.498265	94.230000	
8.078578	1.000000	11.000000	1911.840000	1364.210000	92.191487	
5.441374	1.000000	11.000000	1893.260000	1362.910000	91.035869	
6.171425	1.000000	11.000000	1938.658834	1410.640000	96.960000	
5.206331	1.000000	11.000000	1927.122364	1411.620000	97.790000	
4.410225	1.000000	11.000000	1921.610000	1426.990000	120.593205	
5.742028	1.000000	11.000000	1917.050000	1407.511737	108.100000	
4.404742	1.000000	11.000000	1917.700000	1434.830000	117.327172	
4.566748	1.000000	11.000000	1890.650000	1392.330000	117.467040	
5.871638	1.000000	11.000000	1878.920000	1385.140000	124.550047	
4.290916	1.000000	11.000000	1831.010000	1511.670000	120.059646	
5.457042	1.000000	11.000000	1874.680000	1427.320000	116.948692	
5.508367	1.000000	11.000000	1883.160000	1432.870000	121.896573	
4.510644	1.000000	11.000000	1897.097375	1474.070000	121.880000	
4.781486	1.000000	11.000000	1902.710000	1480.930000	125.651727	
6.138948	1.000000	11.000000	1896.520000	1509.084750	121.880000	
5.570893	1.000000	11.000000	1882.660347	1490.740000	127.710000	
5.229013	1.000000	11.000000	1893.580000	1439.410000	127.580149	
4.958626	1.000000	11.000000	1890.650000	1469.490000	139.223273	
5.062717	1.000000	11.000000	1878.367860	1465.890000	135.140000	
4.765420	1.000000	11.000000	1908.900000	1421.432272	135.970000	
4.431906	1.000000	11.000000	1900.534224	1425.680000	136.800000	
4.491812	1.000000	11.000000	1889.517472	1412.600000	136.350000	
4.926561	1.000000	11.000000	1866.530000	1420.899735	142.560000	
5.092691	1.000000	11.000000	1882.180000	1439.716561	136.430000	
4.325852	1.000000	11.000000	1830.680000	1517.297257	141.730000	
7.008294	1.000000	11.000000	1839.150000	1515.260000	149.124012	
4.642996	1.000000	11.000000	1865.230000	1496.950000	142.721961	
4.498763	1.000000	11.000000	1876.906275	1475.700000	146.120000	
4.892673	1.000000	11.000000	1875.010000	1465.570000	153.727993	
6.153518	1.000000	11.000000	1877.846806	1495.650000	148.770000	
4.702992	1.000000	11.000000	1813.383137	1485.840000	151.730000	
5.223810	1.000000	11.000000	1809.490000	1493.856849	157.640000	
5.352826	1.000000	11.000000	1806.936260	1504.800000	157.640000	
4.424931	1.000000	11.000000	1849.373564	1484.860000	158.240000	
4.339509	1.000000	11.000000	1827.100000	1455.752045	148.390000	
4.341229	1.000000	11.000000	1860.010000	1452.820000	151.876586	
5.893537	1.000000	11.000000	1866.075554	1439.740000	154.680000	
4.791935	1.000000	11.000000	1869.217243	1450.530000	154.680000	
5.163174	1.000000	11.000000	1850.240000	1457.070000	157.283350	
4.666102	1.000000	11.000000	1851.870000	1468.451535	154.230000	
6.340082	1.000000	11.000000	1866.210000	1395.600000	140.515253	
5.956713	1.000000	11.000000	1848.958887	1384.160000	128.240000	
5.112479	1.000000	11.000000	1837.850000	1387.430000	133.282822	
4.700044	1.000000	11.000000	1829.700000	1462.300000	126.973238	
4.845357	1.000000	11.000000	1855.387724	1455.110000	120.060000	
5.385755	1.000000	11.000000	1817.970000	1528.010000	148.821196	
5.151039	1.000000	11.000000	1815.690000	1520.170000	140.820061	
7.275141	1.000000	11.000000	1767.120000	1505.450000	133.653017	
5.147825	1.000000	11.000000	1819.920000	1536.190000	116.234523	
4.370942	1.000000	11.000000	1851.540000	1540.305323	121.350000	
6.585065	1.000000	11.000000	1880.096245	1525.400000	98.630000	
6.350826	1.000000	11.000000	1912.160000	1449.989058	127.340000	
5.619956	1.000000	11.000000	1843.676204	1400.510000	143.620000	
6.403311	1.000000	11.000000	1880.870000	1426.660000	145.314017	
