4.402953	0.4	12.	188.133416	-31.65	-0.08
4.45	0.4	12.	179.64	-44.07	3.591953
4.437151	0.4	12.	171.231046	-44.4	-0.08
5.165401	0.4	12.	178.427105	-58.78	-0.08
4.973793	0.4	12.	167.91	-62.05	-3.01612
4.914608	0.4	12.	172.474529	-72.19	-0.08
5.31393	0.4	12.	178.01	-84.42832	-0.08
5.652146	0.4	12.	156.18	-76.379356	-0.08
4.551794	0.4	12.	145.1	-57.973846	-0.08
4.733097	0.4	12.	129.379517	-58.13	-0.08
4.463243	0.4	12.	127.753343	-71.21	-0.08
4.925313	0.4	12.	144.854373	-75.79	-0.08
4.909626	0.4	12.	149.98	-43.42	-4.878692
4.497732	0.4	12.	142.378143	-40.48	-0.08
4.687167	0.4	12.	150.195318	-34.59	-0.08
5.514374	0.4	12.	166.28	-24.46	-3.054116
5.022907	0.4	12.	160.74	-14.32	4.208551
4.545513	0.4	12.	154.22	-20.377243	-0.08
4.900223	0.4	12.	139.88	-19.22	-4.077159
6.228846	0.4	12.	137.93	-8.983537	-0.08
6.355867	0.4	12.	126.84	-21.51	-4.694966
5.262753	0.4	12.	128.15	0.249196	-0.08
4.574604	0.4	12.	124.24	-11.608214	-0.08
5.504269	0.4	12.	113.849077	-17.26	-0.08
4.69049	0.4	12.	171.82	-2.024176	-0.08
5.700468	0.4	12.	182.25	1.329602	-0.08
5.197248	0.4	12.	177.04	-11.7	-4.470255
4.478572	0.4	12.	187.47	-40.48	-3.268751
4.747644	0.4	12.	124.89	-38.19	-1.237977
4.577769	0.4	12.	133.36	-44.07901	-0.08
4.577825	0.4	12.	120.98	-54.53	-2.376531
5.540571	0.4	12.	181.93	-23.516841	-0.08
7.68375	0.4	12.	170.84	12.145696	-0.08
5.8055	0.4	12.	152.208294	2.03	-0.08
5.220372	0.4	12.	149.33	-67.94	4.824153
4.706167	0.4	12.	118.37	-30.08888	-0.08
5.108969	0.4	12.	99.474907	-39.82	-0.08
5.682808	0.4	12.	110.87	-47.67	-1.791288
5.224935	0.4	12.	137.553235	-30.99	-0.08
4.411572	0.4	12.	146.07	-24.78	0.515427
6.038841	0.4	12.	147.38	-13.01	7.095023
5.550209	0.4	12.	172.15	-18.376555	4.92
5.332593	0.4	12.	194.31	-45.587948	6.14
4.533549	0.4	12.	156.5	-42.515865	6.14
4.518966	0.4	12.	156.83	-28.63969	6.97
5.15389	0.4	12.	132.06	-35.24	8.091313
4.524822	0.4	12.	134.01	-22.82	6.120471
4.420773	0.4	12.	133.36	2.833649	7.88
6.459099	0.4	12.	123.501718	-46.36	7.88
4.469078	0.4	12.	150.31	-50.755652	8.71
4.503017	0.4	12.	170.84	-55.65469	8.71
5.314415	0.4	12.	173.124549	-28.71	8.71
4.718127	0.4	12.	136.091798	-63.36	8.71
5.144312	0.4	12.	137.27	-53.55	3.981482
4.478225	0.4	12.	123.033153	-28.71	9.54
5.479909	0.4	12.	190.07	-74.253071	9.54
5.395497	0.4	12.	194.308854	-56.5	9.54
5.080132	0.4	12.	186.49	-63.69	7.876607
4.714698	0.4	12.	155.53	7.596716	10.68
5.113634	0.4	12.	184.21	-8.099598	10.68
4.893883	0.4	12.	187.47	-22.931571	10.68
5.091482	0.4	12.	195.94	-34.26	6.526597
4.530107	0.4	12.	125.87	-68.27	10.141218
5.165803	0.4	12.	116.09	-62.05	5.69473
8.36916	0.4	12.	92.219253	-47.67	10.68
4.5517	0.4	12.	104.03	-55.81482	10.68
4.893092	0.4	12.	122.93	-5.49	9.252671
5.434789	0.4	12.	115.44	-13.721518	10.68
4.804521	0.4	12.	127.492558	-16.28	10.68
4.609975	0.4	12.	143.14	-2.55	7.901016
4.537248	0.4	12.	138.9	1.7	14.930662
5.984592	0.4	12.	101.75	-30.34	9.510742
8.983486	0.4	12.	203.325926	-69.9	13.48
5.225389	0.4	12.	201.48	-50.28	15.297124
4.510401	0.4	12.	202.13	-39.262702	13.48
4.386321	0.4	12.	159.08082	-9.09	13.48
4.789061	0.4	12.	170.52	-5.633382	13.48
5.510591	0.4	12.	134.99	-7.78	11.835036
4.58232	0.4	12.	136.3	-16.28	18.415285
4.485111	0.4	12.	142.16	-24.13	13.689181
4.373663	0.4	12.	142.49	-34.59	12.87847
4.588869	0.4	12.	150.96	-38.84	12.778519
4.443145	0.4	12.	151.61	-24.13	13.10169
4.480889	0.4	12.	157.81	-17.59	17.371128
4.567124	0.4	12.	163.81579	-24.78	16.97
4.982788	0.4	12.	172.47	-36.837464	16.97
5.016179	0.4	12.	181.6	-39.17	11.994579
4.706244	0.4	12.	183.542962	-30.67	16.97
4.397238	0.4	12.	178.01	-61.15297	16.97
4.813529	0.4	12.	172.094891	-79.05	16.97
4.410201	0.4	12.	168.24	-67.61	20.553359
4.618162	0.4	12.	145.35611	-67.28	16.97
4.554887	0.4	12.	149.01	-76.487586	16.97
4.722988	0.4	12.	128.8	-58.13	12.407239
4.755754	0.4	12.	120.463502	-54.86	16.97
4.62161	0.4	12.	149.66	-32.3	19.513213
5.487414	0.4	12.	169.21	-46.36	12.068148
4.52376	0.4	12.	180.62	-45.05	21.288542
5.160123	0.4	12.	187.47	-52.9	19.986858
4.750769	0.4	12.	165.63	-58.271518	19.01
4.482178	0.4	12.	155.2	-65.32	16.873698
4.528326	0.4	12.	142.81	-56.17	16.658208
4.545475	0.4	12.	152.350137	-56.5	20.07
6.055728	0.4	12.	134.01	-47.34	15.290491
4.916113	0.4	12.	153.24	-45.71	21.493667
4.566848	0.4	12.	163.509187	-33.61	20.07
4.797624	0.4	12.	141.84	-6.197902	20.07
4.598152	0.4	12.	178.01	-16.28	15.621402
4.706433	0.4	12.	176.39	-6.47	23.888413
6.026829	0.4	12.	183.50702	1.05	20.07
4.49985	0.4	12.	171.17	3.99	19.578264
4.431606	0.4	12.	162.038771	3.66	20.91
4.460925	0.4	12.	125.54	-19.88	19.246561
4.484488	0.4	12.	125.21	-36.88	24.660002
4.91755	0.4	12.	117.07	-29.03	21.605826
5.869878	0.4	12.	100.630893	-41.13	20.91
4.840758	0.4	12.	112.83	-48.98	17.408821
4.636579	0.4	12.	187.79	-32.63	25.507372
4.963094	0.4	12.	192.68	-42.11	17.935822
4.484815	0.4	12.	134.34	-84.899003	21.97
5.129473	0.4	12.	123.91	-80.69	17.264488
5.627585	0.4	12.	182.9	-70.55	18.401259
5.618804	0.4	12.	208.209141	-58.13	21.97
4.635066	0.4	12.	195.94	-48.	24.976994
4.412782	0.4	12.	189.1	-78.532362	21.97
4.832921	0.4	12.	159.733953	-73.17	21.97
4.765176	0.4	12.	150.64	-72.52	25.763128
4.407551	0.4	12.	135.64	-72.19	17.829391
4.862923	0.4	12.	163.02	-43.408434	21.97
4.468072	0.4	12.	168.00107	-16.61	21.97
4.456936	0.4	12.	153.832122	-0.26	21.97
4.468878	0.4	12.	145.42	3.878356	21.97
4.50946	0.4	12.	114.811224	-19.88	21.97
6.021776	0.4	12.	104.562599	-56.82	21.97
4.740128	0.4	12.	116.74	-52.57	25.852482
4.421339	0.4	12.	148.36	-63.03	26.973661
4.546593	0.4	12.	159.76	-61.73	26.198164
4.943465	0.4	12.	136.3	-28.060442	22.88
4.872614	0.4	12.	132.06	-35.9	18.182949
4.449553	0.4	12.	156.83	-28.38	24.146823
5.68965	0.4	12.	163.664037	-6.47	22.88
4.521818	0.4	12.	131.41	-63.36	20.448993
5.040097	0.4	12.	135.607866	-54.86	24.09
4.451358	0.4	12.	129.588629	-1.9	24.09
4.511353	0.4	12.	177.081354	-25.11	24.09
4.707566	0.4	12.	143.79	-39.785695	24.09
4.774036	0.4	12.	144.544277	-49.63	24.09
4.93898	0.4	12.	173.017726	-54.21	24.09
4.452577	0.4	12.	124.084145	-47.01	24.92
5.112513	0.4	12.	194.96	-58.659101	26.59
4.529859	0.4	12.	184.21	-59.326836	26.59
4.593888	0.4	12.	189.75	-66.96	25.306278
4.940491	0.4	12.	176.06	-65.32	26.67591
4.931229	0.4	12.	172.388128	-74.8	26.59
4.89221	0.4	12.	162.37	-81.410402	26.59
5.449505	0.4	12.	150.64	-88.622456	26.59
4.502778	0.4	12.	183.656618	-85.59	26.59
6.54862	0.4	12.	169.87	-93.667888	27.88
4.492302	0.4	12.	129.781328	-67.61	28.71
4.680888	0.4	12.	122.266133	-61.4	28.71
4.593637	0.4	12.	124.56	-7.13	32.624588
6.920683	0.4	12.	135.97	7.906811	28.71
4.940996	0.4	12.	146.527071	-5.49	28.71
5.345048	0.4	12.	187.14	-11.05	30.768228
6.524562	0.4	12.	103.38	-30.01	27.236293
4.612946	0.4	12.	99.453075	-46.36	31.28
4.666114	0.4	12.	116.633127	-12.03	31.28
5.644828	0.4	12.	129.78	-13.67	26.101258
9.452087	0.4	12.	105.01	-3.596088	31.28
4.698889	0.4	12.	176.06	-48.98	33.772734
4.547407	0.4	12.	196.92	-33.101685	31.28
5.778129	0.4	12.	205.72	-38.51	26.007176
4.614515	0.4	12.	203.44	-47.625407	31.28
4.418569	0.4	12.	137.253161	-63.36	31.28
5.397549	0.4	12.	170.84	-38.512778	32.5
4.933999	0.4	12.	186.239834	-40.48	32.5
4.390015	0.4	12.	179.32	-33.28	29.959258
4.556528	0.4	12.	150.64	-34.503683	32.5
4.417049	0.4	12.	158.46	-20.53	29.397177
4.46638	0.4	12.	151.29	-16.210719	32.5
4.551931	0.4	12.	143.486041	-22.82	32.5
5.158945	0.4	12.	134.67	-18.57	37.227951
4.847876	0.4	12.	135.64	-3.766402	32.5
4.418463	0.4	12.	140.21	-41.469412	32.5
4.475072	0.4	12.	141.51	-32.441602	32.5
4.411361	0.4	12.	128.15	-54.095139	32.5
5.034362	0.4	12.	164.33	-70.244491	32.5
5.294037	0.4	12.	168.24	-60.578847	32.5
4.774687	0.4	12.	180.724876	-78.73	32.5
4.491994	0.4	12.	139.88	-82.98	34.086462
4.690682	0.4	12.	119.247483	-40.48	34.31
4.542093	0.4	12.	160.641465	-36.88	34.31
4.555107	0.4	12.	156.18	-7.45	30.63115
4.865887	0.4	12.	198.22	-74.8	33.787626
5.317787	0.4	12.	130.206057	-92.79	35.45
4.647115	0.4	12.	195.94	-42.275757	35.45
4.921923	0.4	12.	179.97	-15.3	38.610052
4.417337	0.4	12.	184.409605	-0.59	35.45
5.401575	0.4	12.	175.73	5.95	32.945314
4.81217	0.4	12.	162.04	-27.204477	35.45
4.451108	0.4	12.	154.55	-43.42	31.704896
4.723359	0.4	12.	142.143726	-11.05	35.45
4.718713	0.4	12.	131.08	-26.74	32.056997
4.401098	0.4	12.	99.47	-41.78	39.621021
4.377579	0.4	12.	109.9	-25.11	34.652292
4.39642	0.4	12.	114.198823	-32.96	35.45
4.45824	0.4	12.	141.18	-54.585026	35.45
4.572394	0.4	12.	153.57	-55.94896	35.45
4.611026	0.4	12.	154.317299	-65.98	35.45
5.00717	0.4	12.	185.395132	-52.57	35.45
4.412343	0.4	12.	177.69	-58.6656	35.45
4.894826	0.4	12.	173.13	-5.17	34.30763
6.043919	0.4	12.	110.951731	-83.31	35.45
5.148702	0.4	12.	120.98	-72.668076	35.45
4.592273	0.4	12.	122.28	-28.18545	37.12
4.552653	0.4	12.	121.95	-17.592944	37.12
5.556532	0.4	12.	163.67	1.7	32.441417
4.603112	0.4	12.	113.81	-56.845378	37.12
4.988539	0.4	12.	109.24	-49.3	33.300618
4.875748	0.4	12.	102.269569	-57.15	37.12
4.796207	0.4	12.	124.24	-83.96	39.128865
4.801074	0.4	12.	132.71	-79.71	40.999934
4.880634	0.4	12.	145.069451	-70.23	37.12
4.383109	0.4	12.	184.53	-69.432888	37.12
4.560022	0.4	12.	188.12	-31.32	37.14835
4.712713	0.4	12.	201.81	-60.741799	37.12
4.397264	0.4	12.	195.29	-53.268943	37.12
4.584797	0.4	12.	184.508375	9.55	37.12
5.523344	0.4	12.	144.625273	3.33	37.12
4.381157	0.4	12.	153.076926	-26.74	38.86
4.55166	0.4	12.	131.771213	-36.23	38.86
4.838766	0.4	12.	181.93	-26.74	43.544569
6.556444	0.4	12.	165.63	-5.17	45.312322
4.442155	0.4	12.	106.31	-35.725178	38.86
4.524692	0.4	12.	113.48	-46.03	42.357404
4.491249	0.4	12.	121.63	-53.55	40.480711
7.115733	0.4	12.	90.184039	-62.71	38.86
4.505963	0.4	12.	137.025058	-65.32	40.22
4.525418	0.4	12.	132.06	-57.24199	40.22
4.97645	0.4	12.	175.08	-24.78	35.479415
4.537738	0.4	12.	147.38	-61.470627	40.22
4.717696	0.4	12.	163.02	-12.69	35.782131
4.387933	0.4	12.	167.59	-19.927209	40.22
4.517042	0.4	12.	170.52	-29.69	42.936658
4.973072	0.4	12.	200.83	-18.9	35.732334
4.904859	0.4	12.	189.1	-19.22	37.794597
4.740043	0.4	12.	206.37	-25.80449	41.06
5.251854	0.4	12.	146.07	-44.462514	41.06
4.421116	0.4	12.	135.32	-44.508796	41.06
4.476925	0.4	12.	125.963241	-44.07	41.06
4.529346	0.4	12.	153.24	-73.91207	41.06
4.423662	0.4	12.	189.75	-83.338974	41.06
5.129852	0.4	12.	199.223928	-81.67	41.06
4.615895	0.4	12.	209.731493	-82.98	41.06
4.737637	0.4	12.	207.35	-73.436634	41.89
5.301227	0.4	12.	214.84	-57.8	40.75601
4.42653	0.4	12.	209.96	-41.42839	38.41
4.58844	0.4	12.	214.84	-49.3	34.597679
4.385831	0.4	12.	151.89937	-8.76	38.41
4.926892	0.4	12.	168.153876	-47.67	39.84
4.533955	0.4	12.	161.78957	-54.86	39.84
4.898972	0.4	12.	154.55	2.03	44.223253
5.042643	0.4	12.	191.05	-101.29	36.702158
4.381252	0.4	12.	231.79	-72.84	36.149771
4.414567	0.4	12.	228.21	-59.77	35.453143
4.880774	0.4	12.	222.67	-50.705079	39.84
4.68305	0.4	12.	213.87	-67.94	36.450759
4.856387	0.4	12.	187.14	-93.039494	40.68
4.851598	0.4	12.	123.26	1.753988	40.68
5.282477	0.4	12.	112.18	-68.201636	40.68
7.516436	0.4	12.	239.62	-82.32	35.287435
5.755367	0.4	12.	236.36	-97.69	39.581634
5.145098	0.4	12.	225.27	-97.36	37.695933
10.232768	0.4	12.	228.86	-111.42	31.851684
4.991115	0.4	12.	216.8	-112.73	45.740143
6.583828	0.4	12.	216.15	-125.225222	41.51
4.412037	0.4	12.	213.87	-104.56	40.039124
5.418857	0.4	12.	213.87	-92.13	41.38294
5.929363	0.4	12.	191.168953	-111.42	41.51
6.010737	0.4	12.	202.79	-102.59	36.443159
5.195431	0.4	12.	203.76	-112.08	43.909295
4.606283	0.4	12.	206.7	-119.27	37.1215
4.641343	0.4	12.	178.01	-86.57	39.782418
6.026406	0.4	12.	179.64	-104.631502	42.42
5.466817	0.4	12.	229.19	-78.73	46.509051
4.555688	0.4	12.	234.4	-59.870568	42.42
4.864529	0.4	12.	238.45869	-70.55	42.42
5.03681	0.4	12.	247.835452	-89.52	42.42
5.236149	0.4	12.	249.39	-78.4	44.758574
4.510467	0.4	12.	241.57	-106.384753	42.42
4.80861	0.4	12.	232.45	-118.29	46.541977
4.766224	0.4	12.	230.49	-90.17	44.360125
6.557721	0.4	12.	223.65	-67.625763	42.42
5.93704	0.4	12.	222.02	-83.31	38.045965
4.66099	0.4	12.	192.36	-7.45	39.728187
5.606225	0.4	12.	201.595626	-3.2	42.42
4.49276	0.4	12.	189.1	1.7	42.940092
5.008995	0.4	12.	170.19	-80.69	37.519963
5.39236	0.4	12.	151.61	-83.96	47.742967
4.458279	0.4	12.	151.61	-51.92	44.324939
4.692702	0.4	12.	116.41	-23.8	43.368172
5.31379	0.4	12.	162.7	-64.662408	42.42
4.528868	0.4	12.	181.5188	-47.01	42.42
5.124056	0.4	12.	191.05	-45.71	46.966226
6.941158	0.4	12.	134.99	8.24501	44.31
4.4128	0.4	12.	128.8	-68.27	42.073917
4.573387	0.4	12.	200.299665	-13.99	44.31
4.415636	0.4	12.	193.316821	-25.76	44.31
4.629772	0.4	12.	210.61	-32.63	46.681997
5.026307	0.4	12.	217.368356	-39.82	44.31
5.322969	0.4	12.	246.650112	-64.67	44.31
4.966276	0.4	12.	187.79	-59.77	43.325245
4.653731	0.4	12.	194.837171	-66.63	44.31
4.437375	0.4	12.	161.07	-74.15	48.091916
4.955944	0.4	12.	169.87	-93.484662	44.31
4.412836	0.4	12.	223.749786	-105.21	44.31
4.570135	0.4	12.	123.91	-61.4	45.797257
4.471773	0.4	12.	138.58	-71.54	46.851768
4.502098	0.4	12.	176.06	-48.32	50.534643
4.99865	0.4	12.	196.92	-57.072729	46.36
4.462952	0.4	12.	200.83	-39.82	44.536617
4.441025	0.4	12.	199.53	-30.99	48.183869
4.479053	0.4	12.	187.47	-15.478457	46.36
5.497683	0.4	12.	174.76	5.041137	46.36
5.326133	0.4	12.	182.884425	-5.82	46.36
4.840379	0.4	12.	158.189789	-14.97	46.36
4.633076	0.4	12.	128.47	-12.03	41.816618
4.390712	0.4	12.	122.320673	-7.13	46.36
4.478614	0.4	12.	144.77	-64.02	50.051753
4.636193	0.4	12.	186.81	-73.757268	46.36
4.397288	0.4	12.	162.935653	-34.59	46.36
5.25727	0.4	12.	147.05	-15.63	47.363012
4.451373	0.4	12.	177.36	-39.367419	47.19
5.484331	0.4	12.	186.957869	-35.9	47.19
4.606858	0.4	12.	151.61	-27.497107	48.86
4.69909	0.4	12.	151.61	-36.88	45.973774
4.384293	0.4	12.	138.9	-19.88	51.344409
4.825881	0.4	12.	129.582172	-18.57	48.86
4.694512	0.4	12.	136.95	-10.583002	48.86
5.22192	0.4	12.	141.908066	-1.57	48.86
4.603057	0.4	12.	163.02	-65.	52.812443
4.470871	0.4	12.	172.258238	-63.69	48.86
4.648795	0.4	12.	184.21	-86.9	49.03725
4.427119	0.4	12.	174.492773	-85.27	48.86
5.017509	0.4	12.	162.408427	-86.25	48.86
5.126009	0.4	12.	142.49	-80.36	43.865159
4.37046	0.4	12.	139.88	-36.88	44.874691
4.551394	0.4	12.	130.43	-2.476644	48.86
4.382264	0.4	12.	135.32	-31.65	50.764408
5.417472	0.4	12.	142.16	-26.42	43.454363
4.996353	0.4	12.	145.1	-33.28	53.207276
4.906638	0.4	12.	170.52	-40.8	53.759211
4.654329	0.4	12.	209.123936	-59.77	48.86
4.38521	0.4	12.	137.471472	-87.56	48.86
4.880039	0.4	12.	129.383171	-52.57	49.69
4.60475	0.4	12.	115.11	-38.51	47.338379
4.439788	0.4	12.	120.98	-44.73	50.573716
4.64394	0.4	12.	175.112069	-19.22	50.68
4.427553	0.4	12.	184.21	-14.65	54.823682
4.876415	0.4	12.	174.43	-3.2	52.905825
5.221244	0.4	12.	161.39	-43.944503	50.68
4.733634	0.4	12.	157.81	-33.28	54.541091
4.515105	0.4	12.	163.02	-25.767621	50.68
4.998412	0.4	12.	141.84	-52.9	47.224035
7.967347	0.4	12.	107.9523	-83.31	50.68
4.405226	0.4	12.	124.767528	-91.81	50.68
4.94933	0.4	12.	133.69	-96.109979	50.68
4.481485	0.4	12.	150.31	-94.493566	50.68
4.564517	0.4	12.	111.85	-60.449511	50.68
5.737236	0.4	12.	100.865779	-42.76	50.68
5.893822	0.4	12.	107.61	-30.125334	50.68
4.501152	0.4	12.	178.99	-57.8	47.152509
4.879002	0.4	12.	129.13	-26.09	55.180756
4.395343	0.4	12.	153.57	-65.32	56.045698
4.437017	0.4	12.	154.22	-59.77	48.682617
4.42033	0.4	12.	150.810605	-43.09	52.8
5.595303	0.4	12.	133.811345	-79.05	52.8
4.590096	0.4	12.	122.61	-30.34	48.73818
4.474964	0.4	12.	180.805837	-71.54	53.63
4.534241	0.4	12.	208.98	-44.73	49.459189
4.537632	0.4	12.	216.8	-42.886656	54.46
4.3828	0.4	12.	215.17	-52.25	50.326773
5.244268	0.4	12.	110.55	-50.170424	54.46
5.954494	0.4	12.	95.88	-63.866377	54.46
4.542114	0.4	12.	105.01	-58.46	57.111379
6.643051	0.4	12.	88.71	-51.965906	54.46
4.557926	0.4	12.	120.27287	-57.8	54.46
5.48114	0.4	12.	116.215998	-69.9	54.46
4.613445	0.4	12.	190.73	-102.124863	55.3
4.439139	0.4	12.	199.2	-80.04	54.202141
5.190341	0.4	12.	193.66	-71.875165	55.3
5.212276	0.4	12.	213.54	-87.56	59.742007
4.689973	0.4	12.	231.47	-69.620619	55.3
5.540441	0.4	12.	182.25	-26.74	54.587355
4.907446	0.4	12.	201.81	-20.21	51.394639
4.512318	0.4	12.	204.224882	-28.05	56.13
5.2881	0.4	12.	213.601145	-23.15	56.13
4.79581	0.4	12.	212.56	-77.89213	56.13
4.737183	0.4	12.	190.138036	-82.98	56.13
4.836847	0.4	12.	190.73	-92.79	57.641785
4.478905	0.4	12.	162.246052	-1.57	56.13
5.273151	0.4	12.	188.322198	8.57	56.13
7.726223	0.4	12.	170.52	19.442694	56.13
4.387238	0.4	12.	162.781048	7.59	56.13
4.79023	0.4	12.	152.59	-5.49	52.197961
4.39849	0.4	12.	151.94	0.39	59.997382
5.58478	0.4	12.	143.47	8.040841	56.13
4.431938	0.4	12.	142.685946	-45.38	56.13
5.149549	0.4	12.	126.52	-36.434691	56.13
5.282268	0.4	12.	130.824643	-60.75	56.13
6.534935	0.4	12.	229.19	-49.061871	56.13
4.597179	0.4	12.	218.76	-58.13	61.306708
4.96259	0.4	12.	212.579419	-65.	56.96
4.610331	0.4	12.	237.01	-78.4	59.058736
4.460563	0.4	12.	236.957976	-92.46	56.96
4.845378	0.4	12.	244.18	-98.449796	56.96
5.196457	0.4	12.	227.23	-110.11	61.626488
4.617454	0.4	12.	220.71	-117.109125	56.96
4.90995	0.4	12.	210.28	-118.488003	56.96
4.865336	0.4	12.	208.65	-99.726959	56.96
4.807838	0.4	12.	200.010406	-107.5	57.8
4.752583	0.4	12.	184.53	-106.19	61.6993
4.568817	0.4	12.	181.246756	-98.34	57.8
8.267562	0.4	12.	258.851177	-80.04	57.8
4.912772	0.4	12.	247.76	-87.769732	57.8
4.517301	0.4	12.	236.68	-112.019741	57.8
5.816131	0.4	12.	232.77	-121.779188	57.8
5.033843	0.4	12.	215.17	-108.81	56.322079
6.525481	0.4	12.	226.306324	-88.86	57.8
4.547598	0.4	12.	151.763885	-52.57	57.8
4.710169	0.4	12.	194.96	-50.94	57.005562
4.43613	0.4	12.	172.938364	-61.07	57.8
4.389909	0.4	12.	123.650344	-49.3	57.8
5.183523	0.4	12.	118.018656	-29.03	57.8
4.507687	0.4	12.	123.58	1.458234	58.71
5.672222	0.4	12.	113.15	-8.44	62.920246
5.091056	0.4	12.	193.66	-0.289798	58.71
6.733885	0.4	12.	205.362023	-5.49	58.71
4.903641	0.4	12.	161.72	-44.07	61.384422
4.500084	0.4	12.	203.11	-58.78	58.157338
5.460423	0.4	12.	235.7	-60.8047	60.07
4.86863	0.4	12.	170.19	-80.04	55.260793
4.823177	0.4	12.	155.53	-78.07	56.873189
4.690603	0.4	12.	153.24	-83.63	64.294113
4.403503	0.4	12.	128.47	-74.575054	60.07
4.507145	0.4	12.	169.87	2.68	60.743227
5.11429	0.4	12.	179.32	6.28	61.821726
4.384797	0.4	12.	214.19	-72.19	64.258698
4.476557	0.4	12.	230.49	-100.63	58.518998
4.613276	0.4	12.	244.83	-70.55	57.983615
4.485645	0.4	12.	204.74	-35.24	65.272704
5.016316	0.4	12.	197.145677	-40.8	61.81
4.795112	0.4	12.	196.59	-27.205071	61.81
4.859601	0.4	12.	195.674645	-16.94	61.81
4.891485	0.4	12.	188.641498	-9.42	61.81
4.372978	0.4	12.	179.289846	-8.11	61.81
4.765977	0.4	12.	166.710079	-9.74	61.81
5.44092	0.4	12.	153.57	-14.65	59.950364
4.78298	0.4	12.	144.12	-16.61	65.976286
4.489767	0.4	12.	167.26	-34.92	61.149372
4.643348	0.4	12.	143.79	-65.32	59.827836
4.564103	0.4	12.	134.34	-68.92	66.367005
5.52366	0.4	12.	100.44	-43.021932	62.65
4.716488	0.4	12.	116.41	-76.494722	62.65
4.839951	0.4	12.	124.56	-66.395919	62.65
4.996416	0.4	12.	180.95	-38.51	58.497576
4.659842	0.4	12.	176.39	-48.055371	62.65
4.518247	0.4	12.	186.16	-75.430244	62.65
5.108446	0.4	12.	183.853266	-56.5	62.65
5.015058	0.4	12.	181.6	-90.074305	64.31
4.517859	0.4	12.	168.24	-85.59	64.418391
5.142086	0.4	12.	227.317482	-67.61	64.31
4.835475	0.4	12.	236.03	-86.25	65.91831
4.494372	0.4	12.	131.271956	-30.99	64.31
4.471415	0.4	12.	153.24	-24.46	66.333731
4.441077	0.4	12.	146.4	-25.76	60.286907
4.444623	0.4	12.	151.61	-37.86	60.384913
4.488943	0.4	12.	137.6	-7.78	68.089
5.177326	0.4	12.	136.3	-1.9	59.761524
4.648145	0.4	12.	113.15	-35.824375	65.14
4.624747	0.4	12.	161.39	-62.074435	65.14
5.035222	0.4	12.	146.020292	-73.5	65.14
4.877782	0.4	12.	176.06	-79.964119	65.14
4.450779	0.4	12.	134.01	-46.69	62.520773
4.469822	0.4	12.	132.06	-38.84	69.111966
4.990892	0.4	12.	118.04	-44.147307	65.14
4.385055	0.4	12.	139.23	-27.4	68.39229
4.431966	0.4	12.	136.3	-20.53	61.080371
5.813094	0.4	12.	129.13	-12.03	60.900046
4.37134	0.4	12.	143.47	-36.760935	65.14
4.708028	0.4	12.	109.870527	-69.9	65.14
4.514036	0.4	12.	121.95	-81.02	68.720568
4.925425	0.4	12.	207.02	-65.120529	65.14
5.184358	0.4	12.	205.72	-53.55	66.353371
5.751488	0.4	12.	184.86	-30.296023	65.14
4.431316	0.4	12.	175.08	-29.69	69.489006
4.591334	0.4	12.	169.87	-24.13	61.064095
4.550095	0.4	12.	162.37	-18.9	62.812835
4.692142	0.4	12.	173.852849	-16.28	65.14
4.65518	0.4	12.	161.07	-10.72	69.590918
4.390319	0.4	12.	161.861507	-1.24	65.14
4.520601	0.4	12.	144.44	-7.45	61.882002
4.697404	0.4	12.	170.84	-40.8	69.469456
4.761253	0.4	12.	167.190386	-52.25	65.14
4.561826	0.4	12.	157.467425	-51.92	65.14
4.451906	0.4	12.	172.8	-67.676007	65.14
4.956551	0.4	12.	164.	-74.8	61.752142
4.514758	0.4	12.	203.11	-90.82	62.321026
5.045148	0.4	12.	222.99	-98.379962	65.98
4.868932	0.4	12.	221.598414	-79.38	65.98
4.792152	0.4	12.	157.16	-33.94	68.471494
4.61726	0.4	12.	160.74	-28.05	62.038109
4.705087	0.4	12.	185.434465	-18.57	66.81
5.575257	0.4	12.	123.982637	-23.15	66.74
4.662186	0.4	12.	116.74	-88.807132	68.78
4.437242	0.4	12.	142.901844	-88.54	68.78
4.452866	0.4	12.	131.713615	-78.4	68.78
6.372273	0.4	12.	141.18	-54.86	62.652581
4.654964	0.4	12.	149.825933	-65.32	68.78
4.48343	0.4	12.	185.84	-40.156397	68.78
4.86921	0.4	12.	150.64	-45.38	67.325673
4.474956	0.4	12.	106.31	-41.197692	70.75
5.400584	0.4	12.	117.07	-59.11	67.833804
5.956379	0.4	12.	105.98	-61.047571	70.75
4.488573	0.4	12.	94.58	-60.641756	70.75
6.087543	0.4	12.	89.69	-48.417141	70.75
4.677262	0.4	12.	165.96	-68.59	72.227606
4.651157	0.4	12.	193.66	-71.86	67.892259
4.613601	0.4	12.	181.93	-74.060771	70.75
4.407366	0.4	12.	182.054637	-63.36	70.75
5.22956	0.4	12.	190.4	-99.33	67.243323
4.735177	0.4	12.	234.73	-66.154777	70.75
4.621763	0.4	12.	218.1	-42.632358	70.75
4.548541	0.4	12.	217.14203	-51.92	70.75
5.550691	0.4	12.	223.97	-59.318093	71.58
4.668153	0.4	12.	218.24626	-32.63	71.58
4.436269	0.4	12.	208.98	-18.057213	71.58
4.373141	0.4	12.	199.85	-18.129745	71.58
4.396555	0.4	12.	211.26	-26.714065	71.58
4.881973	0.4	12.	189.42	5.320119	71.58
4.552276	0.4	12.	168.56	15.325515	71.58
5.963733	0.4	12.	212.56	-85.206544	71.58
4.41146	0.4	12.	201.48	-77.204592	71.58
4.392572	0.4	12.	189.1	-83.96	67.321133
5.130878	0.4	12.	195.62	-84.29	74.693112
4.379148	0.4	12.	197.956133	-93.44	71.58
4.38827	0.4	12.	134.34	-60.018206	71.58
4.74653	0.4	12.	130.1	-51.901509	71.58
4.622765	0.4	12.	123.26	-35.165909	71.58
4.911757	0.4	12.	124.56	-44.07	76.378548
4.676117	0.4	12.	110.22	-50.61	66.96095
4.387229	0.4	12.	145.582823	-2.88	71.58
4.865101	0.4	12.	147.7	6.476586	71.58
4.836093	0.4	12.	154.87	-1.029109	71.58
4.611432	0.4	12.	161.460841	6.28	71.58
4.848883	0.4	12.	230.49	-75.46	74.813371
5.841723	0.4	12.	228.53	-46.072981	71.58
4.823015	0.4	12.	197.24	-61.07	67.755092
5.638303	0.4	12.	203.44	-65.	76.514279
5.087877	0.4	12.	191.38	-64.02	75.756278
5.126426	0.4	12.	156.18	-59.11	74.412312
4.599961	0.4	12.	120.65	-71.54	69.670003
4.619776	0.4	12.	181.27	-97.181771	71.58
4.806019	0.4	12.	220.71	-107.5	69.111671
8.428184	0.4	12.	227.23	-125.12636	71.58
4.474032	0.4	12.	234.959838	-114.04	71.58
4.565653	0.4	12.	202.13	-114.69	72.648443
5.763181	0.4	12.	208.	-107.83	66.752093
4.997522	0.4	12.	183.56	-2.22	68.507573
4.406172	0.4	12.	172.873197	-1.57	71.58
5.860888	0.4	12.	125.272563	-5.49	71.58
4.390225	0.4	12.	135.64	-18.845362	71.58
4.445826	0.4	12.	138.88904	-46.36	71.58
4.707622	0.4	12.	145.42	-40.48	74.450708
5.228459	0.4	12.	177.397191	-53.88	71.58
4.944039	0.4	12.	167.26	-59.44	75.739735
4.40971	0.4	12.	173.542839	-90.17	71.58
4.398202	0.4	12.	227.491103	-91.81	72.49
4.408398	0.4	12.	238.64	-95.407812	72.49
6.197292	0.4	12.	249.842446	-93.11	72.49
4.59859	0.4	12.	228.53	-110.11	76.913352
4.674431	0.4	12.	214.84	-116.98	73.063906
6.198	0.4	12.	206.04	-125.602796	72.49
4.599034	0.4	12.	213.22	-60.09	73.97919
4.46757	0.4	12.	146.4	-52.682049	72.49
4.56196	0.4	12.	159.178348	-76.44	72.49
7.043751	0.4	12.	207.326964	-6.15	74.39
4.904637	0.4	12.	196.27	-9.09	69.560923
5.049017	0.4	12.	193.01	-4.18	77.849162
4.932017	0.4	12.	192.36	-49.498999	74.39
4.446947	0.4	12.	157.48	-40.8	76.019058
4.543413	0.4	12.	162.7	-48.071635	74.39
5.79988	0.4	12.	115.11	-24.612508	74.39
5.541471	0.4	12.	101.492293	-32.63	74.39
6.627839	0.4	12.	183.23	-110.930296	75.37
4.395988	0.4	12.	188.12	-91.48	73.449783
4.57808	0.4	12.	242.529739	-59.44	75.37
4.844054	0.4	12.	168.56	4.32	78.26652
4.521164	0.4	12.	180.3	6.6	79.676445
4.429585	0.4	12.	174.76	7.26	71.456671
4.493773	0.4	12.	149.98	-30.01	76.456484
4.606986	0.4	12.	129.712175	-69.57	75.37
5.491489	0.4	12.	139.328195	-74.8	75.37
4.813771	0.4	12.	153.9	-92.233829	75.37
4.651024	0.4	12.	123.683393	-87.56	75.37
4.756165	0.4	12.	240.27	-66.96	80.708864
4.700129	0.4	12.	185.19	-27.180243	76.2
4.682826	0.4	12.	164.065052	-3.86	76.2
4.383129	0.4	12.	173.517598	-78.07	76.2
4.604896	0.4	12.	165.63	-83.903742	76.2
4.41173	0.4	12.	185.51	-96.38	80.407215
4.590942	0.4	12.	173.13	-98.102369	76.2
4.435598	0.4	12.	188.77	-72.52	79.612244
4.518437	0.4	12.	184.036442	-45.05	76.2
5.153813	0.4	12.	201.48	-43.75	80.822975
4.42882	0.4	12.	198.55	-38.51	72.777015
4.761793	0.4	12.	207.44152	-34.92	77.04
5.860199	0.4	12.	196.606732	-26.42	77.04
4.483334	0.4	12.	191.05	-14.050442	77.04
4.402622	0.4	12.	183.840613	-6.47	77.04
4.529813	0.4	12.	170.52	-10.984499	77.04
4.502215	0.4	12.	175.693296	-23.8	77.04
5.5713	0.4	12.	165.96	-32.3	74.205355
4.817666	0.4	12.	153.9	-17.26	72.260157
4.465193	0.4	12.	145.42	-18.104127	77.04
4.830339	0.4	12.	151.29	-11.05	81.231017
4.452552	0.4	12.	118.7	-50.61	72.615399
4.851359	0.4	12.	123.58	-53.55	81.078339
5.29366	0.4	12.	144.25779	-62.71	77.04
4.432116	0.4	12.	213.22	-69.9	73.304942
5.94354	0.4	12.	217.45	-66.3	82.466434
5.298867	0.4	12.	220.06	-76.316554	77.04
4.455491	0.4	12.	210.61	-76.44	81.299688
6.867799	0.4	12.	131.41	-104.125677	77.04
4.812253	0.4	12.	250.7	-77.520402	77.04
4.491277	0.4	12.	135.64	-67.61	82.114508
4.651377	0.4	12.	121.032789	-62.38	78.17
5.746233	0.4	12.	114.586121	-75.79	78.17
5.301076	0.4	12.	133.36	-92.13	73.084231
4.499508	0.4	12.	185.19	-55.202527	78.17
4.552832	0.4	12.	206.7	-52.275276	78.17
4.472457	0.4	12.	181.93	-16.262565	78.17
4.628393	0.4	12.	97.84	-42.676619	78.17
4.910627	0.4	12.	185.511065	-84.29	80.07
4.803409	0.4	12.	230.82	-64.67	82.841734
4.414451	0.4	12.	173.954695	-46.03	80.07
4.649579	0.4	12.	178.67	-37.53	75.8098
4.441012	0.4	12.	151.29	-23.15	82.931637
4.761868	0.4	12.	159.169636	-27.07	80.07
4.433446	0.4	12.	189.75	-20.21	84.11794
5.210446	0.4	12.	202.79	-15.63	81.406794
4.528622	0.4	12.	136.3	-8.44	80.563236
4.45004	0.4	12.	175.323067	-87.23	80.07
4.386694	0.4	12.	236.03	-86.9	79.119454
4.868258	0.4	12.	182.25	-76.44	86.053901
4.457758	0.4	12.	182.58	-33.032326	83.02
4.777345	0.4	12.	168.333657	-23.15	83.02
4.57108	0.4	12.	174.76	-29.36	85.842823
4.491275	0.4	12.	171.644597	-37.53	83.02
4.404458	0.4	12.	162.04	-12.36	80.235681
4.782371	0.4	12.	143.14	-9.09	87.076707
4.438015	0.4	12.	135.97	-28.38	81.251523
4.846659	0.4	12.	138.25	-18.903347	83.02
4.641828	0.4	12.	131.546281	-36.23	83.02
4.645406	0.4	12.	135.32	-47.18058	83.02
4.639679	0.4	12.	157.48	-54.379354	83.02
4.669229	0.4	12.	167.266557	-51.92	83.02
4.408143	0.4	12.	130.1	-14.97	80.479708
5.399756	0.4	12.	125.54	-21.51	87.293055
5.956577	0.4	12.	226.58	-83.297325	83.02
4.657815	0.4	12.	246.79	-84.873348	83.02
4.458999	0.4	12.	213.54	-105.54	85.875022
5.067851	0.4	12.	124.503693	-77.42	83.93
4.648792	0.4	12.	136.601485	-86.25	83.93
5.395996	0.4	12.	148.00636	-70.88	83.93
4.534103	0.4	12.	151.29	-46.36	80.945685
4.919834	0.4	12.	174.43	-13.99	86.069346
4.94789	0.4	12.	190.07	-41.476196	83.93
4.809025	0.4	12.	195.62	-70.800909	86.35
4.914586	0.4	12.	179.32	-66.63	81.583998
4.478874	0.4	12.	166.61	-65.32	89.855677
5.41847	0.4	12.	166.61	-76.070822	86.35
4.611476	0.4	12.	158.272622	-67.94	86.35
4.391669	0.4	12.	116.09	-54.940728	86.35
5.506606	0.4	12.	103.38	-53.20807	86.35
5.082283	0.4	12.	90.99	-54.481676	86.35
4.373864	0.4	12.	108.59	-37.322837	86.35
6.084991	0.4	12.	112.5	-65.857667	86.35
4.452715	0.4	12.	100.12	-66.3	86.290667
5.442744	0.4	12.	223.932227	-53.23	86.35
4.627086	0.4	12.	217.45	-43.847233	86.35
4.471891	0.4	12.	209.3	-39.82	85.178518
4.465807	0.4	12.	156.066071	0.39	86.35
4.769149	0.4	12.	142.81	-27.4	90.911198
4.796384	0.4	12.	143.47	-34.92	82.989627
4.385919	0.4	12.	218.43	-113.359537	88.55
4.991714	0.4	12.	236.447761	-110.77	88.55
7.942976	0.4	12.	231.466208	-122.87	88.55
5.317867	0.4	12.	237.66	-98.574567	88.55
5.219361	0.4	12.	226.394092	-94.42	88.55
4.489283	0.4	12.	247.76	-93.44	88.16977
5.228311	0.4	12.	223.97	-73.087517	88.55
4.982865	0.4	12.	208.538489	-85.27	88.55
4.373626	0.4	12.	213.22	-93.945724	88.55
4.764124	0.4	12.	195.62	-84.29	84.763242
4.62876	0.4	12.	183.23	-92.997769	88.55
4.945625	0.4	12.	193.01	-97.980178	88.55
4.466662	0.4	12.	215.120422	-58.13	88.55
4.414673	0.4	12.	205.07	-63.03	89.195009
4.547683	0.4	12.	202.641067	-76.77	88.55
5.777609	0.4	12.	208.841265	-27.4	88.55
4.677605	0.4	12.	171.852134	-0.92	88.55
4.596796	0.4	12.	180.83741	2.35	88.55
4.640419	0.4	12.	189.1	6.911532	88.55
4.396845	0.4	12.	121.3	-36.88	90.878797
4.81258	0.4	12.	143.14	-56.5	85.363196
4.734567	0.4	12.	158.46	-74.8	93.157554
4.452904	0.4	12.	128.722566	-50.94	88.55
5.241281	0.4	12.	142.49	-48.32	92.571973
4.478527	0.4	12.	149.33	-39.654913	88.55
5.397185	0.4	12.	178.67	-51.59	87.798449
5.293919	0.4	12.	163.423834	-6.47	88.55
5.928053	0.4	12.	144.12	6.513753	89.39
4.855856	0.4	12.	150.31	-4.84	93.315738
4.619615	0.4	12.	190.73	-2.22	94.406469
5.794111	0.4	12.	201.558377	-7.78	90.22
4.950732	0.4	12.	157.48	-44.674425	91.05
5.020954	0.4	12.	163.67	-36.823009	91.05
4.497136	0.4	12.	189.75	-48.876061	91.05
4.658039	0.4	12.	193.01	-62.234142	91.05
4.662231	0.4	12.	170.19	-55.19	93.700468
4.392943	0.4	12.	132.712802	-73.82	91.05
4.851325	0.4	12.	136.95	-82.	92.86066
4.896209	0.4	12.	167.91	-96.866009	91.88
4.449741	0.4	12.	173.13	-76.77	94.840055
4.639506	0.4	12.	184.64861	-68.92	91.88
4.676193	0.4	12.	188.12	-105.699252	91.88
4.509241	0.4	12.	191.782988	-89.19	91.88
4.676638	0.4	12.	197.24	-103.25	95.545811
5.455349	0.4	12.	178.67	-111.501049	91.88
4.520717	0.4	12.	197.202688	-115.02	91.88
6.03741	0.4	12.	206.7	-120.23351	91.88
5.646155	0.4	12.	210.61	-110.11	97.302645
4.55722	0.4	12.	226.58	-110.938429	91.88
4.388182	0.4	12.	205.260141	-100.96	91.88
4.822374	0.4	12.	213.87	-99.	96.55187
7.591914	0.4	12.	220.39	-137.555095	91.88
4.403014	0.4	12.	216.8	-123.19	89.634724
5.73551	0.4	12.	90.707137	-64.34	92.72
5.202568	0.4	12.	80.930311	-69.9	92.72
5.570608	0.4	12.	77.3088	-57.15	92.72
4.741199	0.4	12.	97.980512	-72.84	92.72
6.240258	0.4	12.	129.020134	-96.38	92.72
4.584272	0.4	12.	134.99	-108.076878	92.72
5.183419	0.4	12.	121.63	-54.86	96.10826
4.889225	0.4	12.	147.491149	-59.77	93.55
4.559482	0.4	12.	155.727562	-54.86	93.55
4.6395	0.4	12.	138.9	-66.96	94.027179
4.985536	0.4	12.	124.89	-64.286236	93.55
4.449419	0.4	12.	136.751209	-57.8	93.55
4.927403	0.4	12.	245.007706	-75.79	93.55
4.377838	0.4	12.	239.29	-65.98	92.00098
6.733236	0.4	12.	210.257568	-47.67	94.38
4.881681	0.4	12.	193.974218	-40.15	95.29
4.925769	0.4	12.	205.00886	-35.57	95.29
4.464045	0.4	12.	193.01	-27.4	92.868772
4.629439	0.4	12.	199.85	-26.42	100.30728
5.53044	0.4	12.	202.13	-19.22	92.816549
4.387504	0.4	12.	188.12	-19.633973	96.96
4.438565	0.4	12.	181.27	-16.94	102.18178
4.404697	0.4	12.	167.59	-7.244299	97.94
4.907106	0.4	12.	182.9	-10.07	94.337881
5.123177	0.4	12.	173.45	10.608849	97.94
5.345676	0.4	12.	157.48	-22.49	93.062698
4.458085	0.4	12.	152.59	-29.605832	98.85
4.712535	0.4	12.	145.844994	-22.49	98.85
4.437745	0.4	12.	180.369894	-43.09	97.94
4.39744	0.4	12.	172.497546	-47.34	97.94
4.764817	0.4	12.	177.248478	-62.05	97.94
4.769858	0.4	12.	103.7	-44.103303	97.94
5.368369	0.4	12.	92.027187	-41.46	97.94
4.826157	0.4	12.	110.22	-55.163061	97.94
4.444708	0.4	12.	117.72	-74.8	94.386851
5.506009	0.4	12.	107.94	-73.5	97.136269
5.150012	0.4	12.	176.71	-84.94	102.559303
4.46578	0.4	12.	168.078692	-83.63	97.94
4.889567	0.4	12.	175.08	-90.17	93.780647
4.474014	0.4	12.	183.56	-84.94	94.431707
4.380614	0.4	12.	178.67	-98.493281	97.94
4.991938	0.4	12.	187.847759	-96.38	97.94
4.576553	0.4	12.	227.832665	-65.98	97.94
5.03186	0.4	12.	253.351688	-82.	98.78
4.701204	0.4	12.	240.147516	-86.9	98.78
4.465119	0.4	12.	230.16	-85.59	94.723473
4.551194	0.4	12.	227.88	-98.469784	98.78
5.285164	0.4	12.	222.02	-118.666191	98.78
4.41017	0.4	12.	181.967832	-33.94	98.78
4.613649	0.4	12.	180.95	-24.46	94.325021
4.459648	0.4	12.	172.8	-32.96	100.902842
5.114195	0.4	12.	169.54	-26.74	93.865187
4.566553	0.4	12.	166.61	-19.991855	100.29
4.498446	0.4	12.	174.1	-14.32	97.202469
4.444486	0.4	12.	175.41	-7.13	104.971565
4.395424	0.4	12.	201.48	-46.187276	101.28
4.374622	0.4	12.	188.12	-76.11	97.078928
4.675133	0.4	12.	164.716916	-50.94	101.28
5.121046	0.4	12.	152.208909	-46.69	102.11
4.494011	0.4	12.	191.153104	-33.61	102.11
4.803393	0.4	12.	214.52	-40.8	104.056301
4.538254	0.4	12.	210.61	-31.829281	102.11
4.566913	0.4	12.	219.73	-51.750478	103.02
5.770917	0.4	12.	211.59	-73.5	97.973659
4.37193	0.4	12.	180.993331	-68.92	103.02
4.638649	0.4	12.	161.72	-69.57	107.085236
4.490368	0.4	12.	170.52	-64.02	104.780124
4.496627	0.4	12.	173.45	-73.855853	103.85
4.661143	0.4	12.	199.53	-76.11	100.197664
4.515633	0.4	12.	195.29	-80.36	108.083892
4.932637	0.4	12.	200.5	-86.57	100.186533
4.416439	0.4	12.	210.364279	-54.86	103.85
4.41697	0.4	12.	214.84	-78.4	107.975424
4.633672	0.4	12.	219.73	-82.32	99.790001
4.645753	0.4	12.	219.08	-91.81	100.299552
5.00883	0.4	12.	237.66	-111.42	100.095037
4.631427	0.4	12.	244.173749	-95.08	103.85
4.520987	0.4	12.	231.79	-92.46	105.742639
4.658562	0.4	12.	218.76	-109.46	105.504493
4.971977	0.4	12.	230.437972	-123.19	103.85
4.439551	0.4	12.	212.24	-117.832471	103.85
4.8092	0.4	12.	196.180485	-95.08	103.85
7.405614	0.4	12.	193.01	-117.796288	103.85
4.381789	0.4	12.	172.47	-100.63	107.355123
6.653695	0.4	12.	159.619124	-100.63	103.85
4.694667	0.4	12.	155.85	-80.04	101.756943
4.919878	0.4	12.	163.35	-80.36	108.228749
4.521475	0.4	12.	151.61	-71.54	99.993608
4.448377	0.4	12.	137.6	-91.48	107.174103
4.898248	0.4	12.	131.73	-87.56	100.038604
5.477157	0.4	12.	126.84	-76.44	98.907758
4.622381	0.4	12.	117.39	-66.63	99.241984
4.628601	0.4	12.	129.78	-58.78	102.900171
4.761298	0.4	12.	140.86	-52.104862	104.84
4.742108	0.4	12.	141.51	-42.44	107.781925
4.837326	0.4	12.	136.62	-36.55	100.269748
4.426474	0.4	12.	121.95	-39.17	107.900618
4.452784	0.4	12.	126.921256	-32.3	104.84
4.811784	0.4	12.	158.13	-24.579761	104.84
4.376753	0.4	12.	144.77	-32.262118	104.84
4.724359	0.4	12.	135.371923	-26.74	104.84
5.289582	0.4	12.	137.27	-16.28	106.578919
4.400511	0.4	12.	146.73	-12.36	105.620103
4.504673	0.4	12.	159.11	-12.03	108.225403
4.454836	0.4	12.	170.84	3.64609	104.84
5.30425	0.4	12.	180.62	2.03	101.121887
4.395895	0.4	12.	189.42	-12.69	103.390662
5.204468	0.4	12.	177.906855	-49.96	105.67
4.921839	0.4	12.	184.671211	-39.82	105.67
4.856484	0.4	12.	111.53	-38.19	99.240184
4.46888	0.4	12.	99.964393	-35.57	103.93
4.850648	0.4	12.	110.55	-31.65	107.62103
6.279355	0.4	12.	129.45	-18.57	98.029834
5.970354	0.4	12.	128.8	-6.8	105.275509
5.190973	0.4	12.	138.58	-7.45	99.359347
5.200871	0.4	12.	156.5	3.571903	103.93
4.530825	0.4	12.	133.04	-48.	100.365403
4.549387	0.4	12.	160.41	-60.75	101.70612
4.93535	0.4	12.	144.807308	-65.32	104.76
4.502594	0.4	12.	185.47784	-58.13	104.76
4.551544	0.4	12.	198.87	-51.26	108.661718
5.984033	0.4	12.	194.96	-55.19	99.231356
4.45913	0.4	12.	184.262982	-79.05	104.76
5.070773	0.4	12.	243.809358	-79.05	104.76
4.966455	0.4	12.	232.12	-73.5	105.024396
4.948226	0.4	12.	221.69	-71.747187	104.76
4.633524	0.4	12.	227.56	-81.987086	104.76
5.279123	0.4	12.	222.99	-97.69	108.382078
4.651025	0.4	12.	205.72	-93.44	108.183822
4.505998	0.4	12.	213.22	-87.56	107.93534
4.46375	0.4	12.	207.02	-81.471006	104.76
5.516025	0.4	12.	231.046322	-57.48	104.76
4.804755	0.4	12.	221.69	-59.11	109.440216
4.60279	0.4	12.	216.47	-61.4	100.664518
4.483529	0.4	12.	210.93	-65.98	106.260098
4.837176	0.4	12.	199.85	-70.55	109.499538
4.552305	0.4	12.	203.44	-67.61	100.550806
4.7125	0.4	12.	190.852833	-71.21	104.76
4.538308	0.4	12.	229.14164	-106.85	104.76
5.045418	0.4	12.	235.7	-100.63	109.360623
4.499309	0.4	12.	102.07	-60.75	103.128362
4.454592	0.4	12.	101.764226	-51.92	104.76
4.647371	0.4	12.	93.92	-57.8	107.85123
4.407341	0.4	12.	109.57	-65.65	105.806234
4.47239	0.4	12.	131.73	-41.13	107.253903
4.767399	0.4	12.	122.28	-45.05	100.030577
4.503271	0.4	12.	154.22	-13.99	100.376676
4.738284	0.4	12.	175.08	-23.445852	104.76
4.965735	0.4	12.	142.16	5.343848	104.76
4.758806	0.4	12.	149.33	-3.86	108.673797
5.105157	0.4	12.	118.37	-27.07	101.669979
4.957852	0.4	12.	125.87	-23.8	109.260735
4.556598	0.4	12.	113.056971	-46.36	104.76
5.052753	0.4	12.	117.455908	-58.46	104.76
4.383987	0.4	12.	165.072033	-42.44	109.
4.404063	0.4	12.	135.32	-56.5	111.429658
4.553193	0.4	12.	123.232203	-51.26	109.
4.65231	0.4	12.	122.28	-66.651292	109.
4.677603	0.4	12.	100.77	-77.050066	109.
4.637972	0.4	12.	88.71	-65.	105.146702
5.054783	0.4	12.	84.15	-61.07	113.70748
5.508302	0.4	12.	81.21	-51.708587	109.
4.377191	0.4	12.	192.03	-103.25	110.526633
4.84529	0.4	12.	187.613371	-90.5	109.
4.797605	0.4	12.	168.56	-91.94071	109.
5.183418	0.4	12.	135.32	-79.05	105.521451
6.824659	0.4	12.	125.902361	-93.11	109.
4.520303	0.4	12.	133.69	-104.401551	109.
4.378051	0.4	12.	134.827497	-65.32	109.
4.548461	0.4	12.	156.687039	-56.5	109.84
4.686889	0.4	12.	169.87	-54.21	111.004804
4.619254	0.4	12.	208.98	-47.828965	109.84
4.493815	0.4	12.	213.54	-100.96	106.578956
4.73796	0.4	12.	203.11	-102.734592	109.84
4.528172	0.4	12.	203.76	-124.477158	109.84
4.70217	0.4	12.	209.96	-108.15	114.143635
4.484861	0.4	12.	222.165708	-121.56	109.84
4.74911	0.4	12.	219.929072	-132.35	109.84
4.465746	0.4	12.	225.6	-112.4	112.24249
4.549888	0.4	12.	234.633801	-112.08	109.84
4.588899	0.4	12.	188.360505	-48.98	109.84
4.394077	0.4	12.	159.11	-34.26	106.064026
5.227573	0.4	12.	150.96	-38.613413	109.84
4.435671	0.4	12.	147.182815	-56.82	109.84
4.865336	0.4	12.	142.81	-64.02	114.693797
4.417531	0.4	12.	129.45	-72.415327	109.84
4.464059	0.4	12.	193.287171	-61.4	109.84
4.454015	0.4	12.	187.711354	-5.49	110.67
4.631389	0.4	12.	194.64	-14.280068	110.67
4.412477	0.4	12.	200.83	-32.96	111.430877
4.653124	0.4	12.	194.64	-40.15	108.762446
5.174534	0.4	12.	184.86	4.182289	110.67
4.433697	0.4	12.	197.24	-4.86063	110.67
4.425545	0.4	12.	207.02	-26.42	108.390387
4.603365	0.4	12.	193.66	-25.11	108.300629
4.487713	0.4	12.	200.18	-20.86	114.353646
4.54063	0.4	12.	205.011068	-13.34	111.5
4.41025	0.4	12.	188.12	-32.239702	111.5
4.52594	0.4	12.	138.9	-74.354744	113.32
4.99635	0.4	12.	141.84	-98.755442	113.32
4.779264	0.4	12.	182.58	-82.95206	113.32
4.7736	0.4	12.	183.88	-99.524735	113.32
4.407603	0.4	12.	186.81	-22.17	117.606562
4.371181	0.4	12.	179.97	-26.74	112.807443
4.842512	0.4	12.	178.73347	-11.38	114.16
4.745535	0.4	12.	166.28	-14.871478	114.16
4.466909	0.4	12.	156.83	-19.312169	114.16
4.653214	0.4	12.	146.4	-20.53	109.607319
4.41414	0.4	12.	178.99	-35.57	115.390102
4.467356	0.4	12.	172.47	-30.01	118.547404
5.810225	0.4	12.	251.47532	-81.67	114.16
5.118536	0.4	12.	239.29	-91.53996	114.16
4.498101	0.4	12.	231.47	-81.98937	114.16
6.611976	0.4	12.	181.27	-110.76207	114.16
4.409498	0.4	12.	181.582828	-59.77	114.16
4.435816	0.4	12.	147.38	-80.69	110.145466
5.035319	0.4	12.	162.37	-94.09	118.528713
5.021828	0.4	12.	156.83	-88.54	111.725213
4.403014	0.4	12.	147.7	-91.032574	114.99
4.431599	0.4	12.	120.65	-74.48	118.942041
5.232003	0.4	12.	116.09	-75.13	110.279688
4.58958	0.4	12.	115.772304	-54.53	114.99
5.324393	0.4	12.	104.68	-56.110964	114.99
4.550564	0.4	12.	106.31	-44.73	113.961897
4.647168	0.4	12.	96.21	-43.09	110.768546
4.526567	0.4	12.	172.979697	-44.07	114.99
4.44665	0.4	12.	162.922664	-36.23	114.99
4.773449	0.4	12.	164.98	-26.09	112.818558
4.46659	0.4	12.	196.243077	-45.71	115.82
4.546569	0.4	12.	211.26	-98.421167	115.82
4.840756	0.4	12.	173.13	-81.34	111.27774
4.936975	0.4	12.	151.61	-28.38	111.805815
4.607562	0.4	12.	178.67	-91.48	112.579883
4.502342	0.4	12.	191.532148	-70.23	116.58
4.425156	0.4	12.	163.089294	-49.96	116.58
4.508813	0.4	12.	155.53	-44.4	117.257406
4.557594	0.4	12.	144.830192	-44.73	117.41
4.517245	0.4	12.	149.01	-53.251387	118.32
4.525029	0.4	12.	165.564578	-71.21	118.32
4.589001	0.4	12.	184.86	-65.	122.621084
5.343288	0.4	12.	181.93	-70.23	113.75656
4.76797	0.4	12.	175.41	-98.029076	119.23
4.611022	0.4	12.	201.167338	-86.9	119.23
4.425215	0.4	12.	196.92	-78.07	116.57688
4.423533	0.4	12.	216.602633	-80.04	119.23
4.896891	0.4	12.	221.69	-66.63	115.972875
4.757062	0.4	12.	231.47	-66.63	114.535195
4.392013	0.4	12.	226.189394	-117.96	119.23
4.46688	0.4	12.	218.76	-107.352162	119.23
4.391385	0.4	12.	216.15	-117.96	117.754062
5.50568	0.4	12.	227.23	-128.196312	119.23
4.598898	0.4	12.	240.544328	-117.31	119.23
5.325129	0.4	12.	210.28	-125.99315	119.23
7.489109	0.4	12.	192.03	-120.496089	119.23
5.127281	0.4	12.	198.55	-109.13	116.308769
4.606046	0.4	12.	193.407639	-99.	119.23
4.423365	0.4	12.	175.08	-65.420784	119.23
4.514108	0.4	12.	158.46	-65.98	116.008335
4.432927	0.4	12.	127.82	-53.23	122.109921
4.419494	0.4	12.	134.01	-48.65	117.019231
4.427065	0.4	12.	175.08	-13.99	122.345921
4.37639	0.4	12.	174.43	-74.523948	119.23
4.484341	0.4	12.	166.874296	-61.4	119.23
4.455959	0.4	12.	215.82	-45.38	115.505939
4.449009	0.4	12.	207.35	-40.48	116.288835
4.995677	0.4	12.	194.31	-35.24	119.377992
4.401974	0.4	12.	167.59	-20.53	123.533071
4.702491	0.4	12.	159.11	-75.46	123.728975
5.114741	0.4	12.	150.64	-72.19	115.277894
5.177214	0.4	12.	165.96	-82.066699	119.23
4.426064	0.4	12.	152.717301	-81.34	120.06
4.877366	0.4	12.	129.29247	-86.57	120.06
4.383322	0.4	12.	127.5	-60.09	116.189258
5.228635	0.4	12.	107.243029	-66.3	120.06
5.069767	0.4	12.	117.948865	-65.	120.06
4.42194	0.4	12.	139.23	-43.09	124.315308
4.37388	0.4	12.	139.88	-37.21	116.005043
4.510533	0.4	12.	201.16	-48.	123.423383
4.381101	0.4	12.	186.16	-14.65	123.07322
5.099267	0.4	12.	184.53	-5.082121	120.06
4.484297	0.4	12.	185.19	8.820925	120.06
4.555084	0.4	12.	195.94	5.732019	120.06
4.455042	0.4	12.	178.01	2.03	124.233841
4.667684	0.4	12.	171.5	-2.22	118.907221
4.375881	0.4	12.	175.41	6.93	115.974694
4.583952	0.4	12.	173.78	-21.19	116.926631
4.503692	0.4	12.	152.27	-16.94	123.508377
4.781272	0.4	12.	157.81	-26.42	123.303844
4.628085	0.4	12.	144.44	-33.28	124.572525
4.838526	0.4	12.	142.81	-24.685861	120.06
4.923366	0.4	12.	157.635322	-56.82	120.06
5.332318	0.4	12.	189.810104	-52.25	120.06
4.511543	0.4	12.	216.15	-50.94	122.798861
4.848094	0.4	12.	240.92	-79.221785	120.06
4.406332	0.4	12.	181.27	-77.09	124.376573
4.595251	0.4	12.	192.03	-75.46	124.329598
4.436183	0.4	12.	203.11	-66.3	124.188954
4.397237	0.4	12.	216.15	-59.44	119.914157
4.756084	0.4	12.	225.844494	-59.44	121.12
4.443478	0.4	12.	238.96	-69.086929	121.12
4.388848	0.4	12.	241.25	-98.525923	121.12
4.669789	0.4	12.	229.84	-102.27	119.37567
4.722979	0.4	12.	227.88	-90.5	126.372348
4.432059	0.4	12.	222.67	-94.42	119.368408
4.737445	0.4	12.	218.1	-85.59	126.715241
4.645287	0.4	12.	230.16	-74.849029	123.02
4.509606	0.4	12.	221.36	-74.8	126.016144
4.422147	0.4	12.	188.12	-83.860736	123.85
4.71275	0.4	12.	177.018227	-49.96	123.85
4.631913	0.4	12.	185.19	-39.82	126.021144
4.456741	0.4	12.	133.69	-90.5	129.469175
5.121471	0.4	12.	124.889311	-93.77	125.67
5.404592	0.4	12.	132.71	-75.13	130.4602
4.490711	0.4	12.	132.71	-59.77	127.39272
4.593445	0.4	12.	125.344048	-67.94	125.67
4.373332	0.4	12.	120.	-56.197303	126.5
5.141764	0.4	12.	134.34	-30.768308	126.5
5.041431	0.4	12.	133.36	-19.88	129.424565
4.435496	0.4	12.	142.497221	-15.95	126.5
4.51669	0.4	12.	194.513229	-25.11	127.34
4.729653	0.4	12.	194.96	-12.03	124.29257
4.611488	0.4	12.	202.79	-22.49	123.658337
7.184553	0.4	12.	103.723638	-25.44	118.7
4.503764	0.4	12.	118.41816	-18.57	118.7
4.538055	0.4	12.	119.000477	-8.11	118.7
6.098589	0.4	12.	138.25	8.825702	118.7
4.964968	0.4	12.	149.66	12.979844	118.7
4.601403	0.4	12.	162.7	12.16	118.083154
5.684227	0.4	12.	174.43	16.758957	118.7
4.884191	0.4	12.	102.621738	-37.53	119.76
4.490261	0.4	12.	111.722141	-34.26	119.76
5.305401	0.4	12.	127.82	-13.34	116.837026
5.720747	0.4	12.	139.88	-7.13	115.076802
5.392162	0.4	12.	133.04	-6.47	124.621032
4.526038	0.4	12.	154.87	2.826761	119.76
6.493193	0.4	12.	164.65	3.66	125.848266
4.613706	0.4	12.	159.448856	-6.8	119.76
4.626297	0.4	12.	205.07	-75.79	123.109308
4.430475	0.4	12.	223.97	-50.61	116.902874
4.499792	0.4	12.	223.232466	-42.44	120.59
4.670753	0.4	12.	237.33	-60.090036	120.59
4.846544	0.4	12.	215.17	-38.19	125.122532
5.237822	0.4	12.	211.59	-30.99	116.572449
4.393153	0.4	12.	211.26	-18.57	116.24184
5.94968	0.4	12.	208.98	-11.7	124.000704
5.106026	0.4	12.	155.85	-102.169223	120.59
5.545314	0.4	12.	170.84	-107.414733	120.59
4.427525	0.4	12.	144.44	-69.9	122.501812
4.473868	0.4	12.	150.543786	-63.69	120.59
4.482864	0.4	12.	116.331185	-42.76	120.59
4.677841	0.4	12.	129.45	-42.11	122.592526
4.421978	0.4	12.	123.26	-38.19	117.181168
5.29492	0.4	12.	123.91	-31.98	125.819744
4.47571	0.4	12.	131.41	-34.59	117.657312
5.102909	0.4	12.	119.35	-28.38	116.235788
4.732972	0.4	12.	129.772594	-23.15	120.59
4.416302	0.4	12.	149.98	-10.07	116.36126
4.511653	0.4	12.	145.1	0.145409	120.59
4.579868	0.4	12.	151.94	-4.51	124.855709
4.543055	0.4	12.	199.53	-56.581868	120.59
4.731215	0.4	12.	211.317573	-69.25	120.59
4.416167	0.4	12.	202.13	-95.73	116.34237
5.194171	0.4	12.	211.26	-89.662589	120.59
4.380882	0.4	12.	224.95	-83.460667	120.59
4.74168	0.4	12.	202.46	-2.857599	120.59
5.395149	0.4	12.	215.17	-23.8	125.188842
4.631466	0.4	12.	223.293644	-30.34	120.59
4.824086	0.4	12.	98.49	-50.14494	120.59
4.656831	0.4	12.	100.77	-58.78	124.695362
4.670097	0.4	12.	187.14	-110.11	124.457919
4.59469	0.4	12.	107.176957	-78.73	120.59
5.632953	0.4	12.	118.37	-86.299569	120.59
4.700263	0.4	12.	247.76	-88.21	121.87729
5.458579	0.4	12.	234.4	-108.933952	126.05
4.785599	0.4	12.	222.331738	-101.94	126.05
4.504994	0.4	12.	212.24	-101.900381	126.05
4.494075	0.4	12.	215.68253	-113.38	126.05
10.581037	0.4	12.	215.5	-140.394252	126.05
4.489886	0.4	12.	218.43	-122.892385	126.05
4.554733	0.4	12.	193.33	-103.9	127.636306
4.43792	0.4	12.	203.11	-99.591778	126.05
4.797765	0.4	12.	205.07	-118.72319	126.05
4.868208	0.4	12.	205.07	-109.46	129.485948
4.843703	0.4	12.	208.33	-47.34	129.837567
4.457057	0.4	12.	208.98	-57.816872	126.05
4.924046	0.4	12.	230.82	-52.9	126.827855
4.768003	0.4	12.	193.66	-66.090363	126.05
4.976656	0.4	12.	189.42	-56.82	129.974719
4.50339	0.4	12.	184.53	-48.65	129.378348
4.379862	0.4	12.	166.911648	-53.88	126.05
4.590128	0.4	12.	164.547096	-43.75	126.05
5.124597	0.4	12.	155.2	-36.23	130.488606
4.537012	0.4	12.	164.470594	-32.96	126.05
4.541014	0.4	12.	137.6	-52.25969	126.05
4.869939	0.4	12.	146.73	-55.84	127.145946
4.597278	0.4	12.	141.18	-63.36	129.790878
4.543989	0.4	12.	134.67	-68.27	123.187054
4.715858	0.4	12.	124.849649	-80.04	126.05
4.757762	0.4	12.	86.43	-70.203283	126.05
4.491717	0.4	12.	204.42	-29.69	130.218608
6.626609	0.4	12.	199.53	-16.94	134.414139
4.407171	0.4	12.	193.01	-6.15	131.552473
5.932626	0.4	12.	189.42	3.229231	127.94
4.386939	0.4	12.	185.377502	-30.34	127.94
4.422892	0.4	12.	219.864518	-57.8	127.94
4.573402	0.4	12.	235.38	-81.101972	127.94
4.512685	0.4	12.	249.07	-71.144703	127.94
4.813322	0.4	12.	193.33	-86.57	131.199742
5.345306	0.4	12.	139.88	-82.65	125.223925
4.466963	0.4	12.	123.489895	-46.69	127.94
4.391333	0.4	12.	111.2	-38.663524	127.94
4.690642	0.4	12.	114.13	-47.832883	127.94
5.017662	0.4	12.	92.789305	-53.55	127.94
4.412345	0.4	12.	85.375386	-59.44	127.94
4.475258	0.4	12.	180.565974	-86.25	129.15
5.466219	0.4	12.	138.9	-99.736518	129.15
4.599332	0.4	12.	209.3	-95.4	132.377428
4.555432	0.4	12.	182.9	-97.36	128.78623
4.414851	0.4	12.	145.42	-90.82	130.917015
4.446661	0.4	12.	146.73	-82.529028	134.15
5.488756	0.4	12.	116.74	-72.19	132.203463
5.612115	0.4	12.	105.01	-72.84	130.01504
4.699236	0.4	12.	110.22	-56.5	130.606821
4.403075	0.4	12.	127.739256	-50.28	135.06
4.668069	0.4	12.	139.88	-52.663078	135.06
4.956297	0.4	12.	154.22	-73.82	133.233849
5.257678	0.4	12.	163.35	-67.28	131.0428
4.386691	0.4	12.	175.08	-62.38	131.347473
4.371789	0.4	12.	180.3	-56.062649	135.06
4.810114	0.4	12.	176.06	-68.92	138.23808
5.550614	0.4	12.	173.13	-78.73	130.85948
4.488403	0.4	12.	157.867287	-47.67	135.06
4.625973	0.4	12.	147.38	-42.11	131.547905
4.4841	0.4	12.	147.7	-35.9	139.490751
4.635978	0.4	12.	150.31	-26.09	131.878384
4.927461	0.4	12.	166.93	-15.3	139.850799
4.631874	0.4	12.	183.23	-32.3	136.740065
4.838939	0.4	12.	174.76	-36.88	134.015493
4.769354	0.4	12.	169.87	-48.940576	135.06
4.529574	0.4	12.	195.29	-43.09	130.670123
4.446825	0.4	12.	196.27	-33.28	135.509534
4.405003	0.4	12.	203.90384	-40.8	135.06
4.423797	0.4	12.	185.51	-66.3	134.439532
4.593345	0.4	12.	165.63	-74.8	138.781342
4.822228	0.4	12.	162.04	-81.02	131.95792
4.529809	0.4	12.	166.28	-92.13	131.210784
4.418184	0.4	12.	155.2	-65.32	139.222653
4.566961	0.4	12.	203.11	-81.67	132.28298
4.745834	0.4	12.	230.82	-64.529839	135.06
4.508336	0.4	12.	207.67	-60.954597	135.06
5.610687	0.4	12.	200.18	-87.23	140.662151
5.548315	0.4	12.	191.05	-95.73	140.527189
5.390532	0.4	12.	175.41	-93.44	135.545432
4.479995	0.4	12.	197.453674	-63.69	136.05
4.494518	0.4	12.	193.66	-76.116914	136.05
4.457978	0.4	12.	201.16	-54.86	131.599786
5.530293	0.4	12.	200.18	-48.65	140.567346
4.46024	0.4	12.	190.492168	-49.3	136.05
4.619828	0.4	12.	184.86	-15.95	139.281886
4.584662	0.4	12.	179.64	-11.05	131.675486
4.896509	0.4	12.	176.06	-1.44053	136.05
5.747906	0.4	12.	161.07	-14.32	130.688268
5.147664	0.4	12.	154.22	-21.19	139.467612
5.1463	0.4	12.	163.35	-28.369511	136.05
4.442795	0.4	12.	169.21	-21.19	132.671936
4.955642	0.4	12.	173.45	-26.74	140.184955
4.966133	0.4	12.	178.67	-24.78	131.656596
4.445274	0.4	12.	140.118494	-32.3	136.05
5.332429	0.4	12.	141.84	-43.75	141.187169
4.50306	0.4	12.	134.34	-44.73	131.907708
4.471799	0.4	12.	128.8	-60.847525	136.05
4.660281	0.4	12.	109.9	-67.28	139.599157
5.91672	0.4	12.	118.364603	-61.07	136.05
5.15524	0.4	12.	104.68	-53.88	140.610264
5.474799	0.4	12.	101.1	-44.917582	136.05
5.974471	0.4	12.	129.13	-27.90226	136.05
5.933442	0.4	12.	140.86	-22.82	141.357802
4.903616	0.4	12.	161.39	-2.516401	136.05
4.41128	0.4	12.	156.5	-11.05	139.330026
4.731692	0.4	12.	146.822378	-15.3	136.05
4.408193	0.4	12.	211.196391	-69.25	136.05
4.673812	0.4	12.	218.76	-62.985202	136.05
4.482124	0.4	12.	209.63	-77.42	140.30018
4.383851	0.4	12.	216.15	-78.73	133.949221
4.615725	0.4	12.	198.87	-94.09	132.983118
6.69413	0.4	12.	197.9	-107.5	141.036983
5.548223	0.4	12.	179.64	-104.56	141.1576
4.792603	0.4	12.	189.42	-111.42	134.177272
4.451125	0.4	12.	237.99	-88.327072	136.05
5.087971	0.4	12.	240.59	-79.121407	136.05
4.444649	0.4	12.	246.46	-87.56	132.244954
4.684497	0.4	12.	219.41	-113.71	140.73094
5.825805	0.4	12.	222.99	-125.565817	136.05
4.942021	0.4	12.	212.225588	-119.27	136.05
4.477697	0.4	12.	184.53	-75.79	134.596586
5.220075	0.4	12.	178.01	-81.67	140.524129
4.714223	0.4	12.	167.145264	-59.44	136.05
4.677432	0.4	12.	157.851591	-56.82	136.05
5.122167	0.4	12.	141.84	-72.84	140.916602
4.861327	0.4	12.	129.686534	-83.96	136.05
7.038688	0.4	12.	211.59	-33.28	142.401366
4.462335	0.4	12.	212.89	-44.4	139.744164
4.786811	0.4	12.	190.4	-25.352991	136.05
4.378602	0.4	12.	184.86	-4.691587	136.05
4.502491	0.4	12.	158.571135	-91.15	136.05
4.419432	0.4	12.	153.9	-81.34	139.999472
4.505058	0.4	12.	148.36	-60.43432	136.05
4.70297	0.4	12.	165.3	-98.34	139.115799
4.907182	0.4	12.	167.91	-85.27	138.493712
4.890497	0.4	12.	153.57	-98.67	131.840391
4.85019	0.4	12.	144.77	-99.33	138.419354
5.069125	0.4	12.	209.63	-129.384915	136.05
4.871024	0.4	12.	232.811999	-113.71	136.05
5.149329	0.4	12.	224.62	-105.54	135.770802
5.305721	0.4	12.	237.703439	-100.63	136.05
4.464785	0.4	12.	225.93	-81.545664	136.05
4.545261	0.4	12.	209.862524	-86.57	136.05
5.134196	0.4	12.	219.790287	-92.13	136.05
4.938647	0.4	12.	201.48	-71.86	139.869068
5.418603	0.4	12.	220.137294	-50.28	136.05
4.506253	0.4	12.	221.936309	-40.48	136.05
6.480369	0.4	12.	120.98	-38.829058	136.05
5.459347	0.4	12.	111.981049	-81.67	136.05
4.917658	0.4	12.	103.05	-62.05	134.62006
4.709573	0.4	12.	228.21	-98.34	143.040195
4.582922	0.4	12.	228.870443	-89.52	139.83
8.762695	0.4	12.	239.62	-92.79	148.580981
10.026042	0.4	12.	132.38	-110.936359	139.83
5.331273	0.4	12.	122.61	-91.978958	139.83
5.937628	0.4	12.	98.81	-81.872101	139.83
4.38466	0.4	12.	95.88	-59.44	140.666603
4.693693	0.4	12.	179.207005	-45.38	139.83
4.585534	0.4	12.	176.39	-53.88	144.315429
4.504017	0.4	12.	176.06	-17.92	142.827476
4.797268	0.4	12.	213.87	-60.42	144.004503
4.919799	0.4	12.	226.507495	-71.86	139.83
4.768482	0.4	12.	239.62	-68.92	140.355779
4.38681	0.4	12.	235.7	-56.80814	139.83
5.234183	0.4	12.	189.75	-79.38	144.35627
4.762934	0.4	12.	214.19	-102.271103	139.83
4.550367	0.4	12.	81.21	-69.57	136.908344
4.699094	0.4	12.	79.91	-62.71	143.149509
5.90716	0.4	12.	81.21	-50.535092	139.83
5.12035	1.	11.	165.57	-52.121928	0.
6.145295	1.	11.	154.16	-57.54	-5.849652
4.494266	1.	11.	180.89	-50.35	-4.347739
4.429956	1.	11.	176.65	-36.94	-4.143085
5.265892	1.	11.	161.129258	-1.9	5.68
4.610919	1.	11.	108.146501	-25.44	17.8
4.495868	1.	11.	111.85	-38.19	21.050656
4.976146	1.	11.	118.04	-37.86	13.451393
4.329312	1.	11.	94.89446	-35.9	32.5
4.348589	1.	11.	90.983458	-44.07	35.91
4.410448	1.	11.	102.418709	-66.96	36.97
4.38594	1.	11.	163.67	8.57	41.171809
7.741161	1.	11.	177.69	20.783872	37.88
8.386715	1.	11.	158.79	-98.865611	36.97
6.142019	1.	11.	142.49	-94.534479	36.06
4.543665	1.	11.	129.45	-77.082937	24.77
4.431763	1.	11.	141.118927	-70.23	24.77
4.287698	1.	11.	141.51	-80.203423	24.77
4.439791	1.	11.	207.02	-85.59	52.834816
4.423288	1.	11.	225.93	-60.855046	56.36
4.960641	1.	11.	98.742326	-30.99	58.55
5.46806	1.	11.	108.92	-82.847272	65.6
4.708245	1.	11.	132.38	-87.56	62.753848
4.426933	1.	11.	140.21	-82.65	61.415942
4.877264	1.	11.	96.53	-54.21	63.583993
4.968526	1.	11.	92.95	-34.31754	66.89
5.807902	1.	11.	100.113044	-73.82	75.6
4.495087	1.	11.	92.62	-67.61	79.220939
4.837892	1.	11.	85.45	-67.94	71.098341
4.373471	1.	11.	85.12	-58.254741	76.43
5.520511	1.	11.	87.73	-76.638094	76.43
4.687882	1.	11.	103.05	-50.21132	76.43
4.379011	1.	11.	110.22	-45.05	78.871763
4.993535	1.	11.	198.55	-103.949495	76.43
4.352379	1.	11.	215.17	-106.52017	76.43
4.442982	1.	11.	220.06	-92.13	80.068884
4.807093	1.	11.	233.388135	-56.17	77.26
4.424854	1.	11.	245.48	-70.23	72.923912
4.306709	1.	11.	147.05	-81.959723	80.6
4.308676	1.	11.	145.159234	-90.82	80.6
4.744381	1.	11.	154.87	-82.98	85.208934
4.657215	1.	11.	139.56	-96.71	84.424027
4.691334	1.	11.	240.27	-105.863955	80.6
5.121765	1.	11.	120.542373	-29.69	82.42
4.292403	1.	11.	105.98	-79.764089	82.42
7.067506	1.	11.	99.79	-90.534328	82.42
7.495814	1.	11.	258.950698	-84.29	84.31
4.450625	1.	11.	238.631587	-80.04	84.31
4.316654	1.	11.	151.57851	-96.06	97.41
4.302825	1.	11.	142.623602	-92.46	97.41
4.42618	1.	11.	151.829988	-87.23	97.41
4.89029	1.	11.	143.14	-74.833934	97.41
4.374256	1.	11.	143.14	-84.61	101.769648
5.188278	1.	11.	142.81	-101.959941	97.41
6.192193	1.	11.	92.95	-82.56116	99.16
5.548043	1.	11.	90.01	-52.57	97.563733
4.90472	1.	11.	165.3	-3.892538	108.1
4.921191	1.	11.	204.09	-114.44889	108.1
4.493362	1.	11.	97.18	-68.288827	109.84
5.461666	1.	11.	88.71	-73.17	115.287796
4.807292	1.	11.	93.92	-64.809666	121.65
4.557495	1.	11.	174.1	-87.402586	122.49
4.938672	1.	11.	96.21	-89.730447	122.49
6.296479	1.	11.	86.1	-81.425535	127.56
4.71385	1.	11.	95.417493	-67.61	131.43
4.470208	1.	11.	197.306342	-120.9	131.43
4.523171	1.	11.	71.76	-63.36	133.806889
5.952718	1.	11.	88.71	-74.48	143.778386
4.600139	1.	11.	161.07	-107.294333	138.47
4.398557	1.	11.	165.119764	-92.46	72.8
5.292213	1.	11.	107.29	-22.649522	60.45
5.083461	1.	11.	90.224172	-41.13	59.39
4.389449	1.	11.	155.53	-96.069295	59.01
4.287885	1.	11.	149.66	-87.88	56.98837
4.365302	1.	11.	141.489649	-91.15	59.01
4.505543	1.	11.	204.42	-48.65	57.999232
4.539498	1.	11.	177.04	-76.77	46.449344
4.573762	1.	11.	204.74	-68.881432	49.99
5.167956	1.	11.	202.28173	-95.4	49.99
4.284099	1.	11.	146.07	-75.79	52.025951
4.498864	1.	11.	124.815894	-74.48	49.16
5.234601	1.	11.	205.39	-51.26	42.883707
5.13767	1.	11.	159.76	-82.98	38.988172
4.735441	1.	11.	151.61	-1.57	13.021097
4.33568	1.	11.	149.98	-10.17799	17.73
5.179018	1.	11.	158.46	-84.94	17.074367
4.692633	1.	11.	144.44	-85.757461	16.66
4.661526	1.	11.	181.6	-81.546985	16.66
4.776943	1.	11.	164.	-67.28	12.269668
4.442064	1.	11.	158.13	-54.86	13.33547
4.415263	1.	11.	179.64	-52.57	13.536984
5.176444	1.	11.	161.733805	-34.92	1.29
4.691193	1.	11.	138.25	-68.283948	0.53
4.312452	1.	11.	153.57	-86.701248	0.53
4.289304	1.	11.	159.854578	-65.	0.53