5.945710	0.400000	12.000000	181.541587	211.900000	0.980000	
6.931500	0.400000	12.000000	116.532297	202.750000	0.300000	
5.972057	0.400000	12.000000	139.390000	212.230000	-4.601374	
6.410451	0.400000	12.000000	152.750000	202.420000	1.916078	
5.459207	0.400000	12.000000	145.580000	159.568361	0.300000	
5.614400	0.400000	12.000000	168.070000	181.820000	-3.555832	
7.801343	0.400000	12.000000	183.060000	160.150664	0.300000	
4.867306	0.400000	12.000000	211.656365	160.570000	0.300000	
7.323528	0.400000	12.000000	197.070000	186.732602	0.300000	
5.733726	0.400000	12.000000	119.830000	170.426679	0.300000	
7.519327	0.400000	12.000000	149.160000	132.130000	-6.448655	
9.356326	0.400000	12.000000	157.985153	151.420000	0.300000	
7.817087	0.400000	12.000000	195.120000	123.612117	1.140000	
6.144031	0.400000	12.000000	166.439324	98.450000	1.140000	
10.181869	0.400000	12.000000	94.730000	181.820000	-1.724358	
7.839406	0.400000	12.000000	104.180000	218.110000	5.813243	
8.116855	0.400000	12.000000	146.957182	106.300000	1.140000	
5.741698	0.400000	12.000000	207.830000	134.090000	3.946863	
5.104676	0.400000	12.000000	175.890000	123.848282	1.970000	
6.570695	0.400000	12.000000	184.040000	135.626588	1.970000	
7.756472	0.400000	12.000000	95.589859	201.440000	1.970000	
6.152472	0.400000	12.000000	107.770000	147.506766	1.970000	
6.239476	0.400000	12.000000	112.779842	124.280000	1.970000	
5.984623	0.400000	12.000000	134.532817	144.880000	1.970000	
4.448772	0.400000	12.000000	137.430000	116.760000	8.131751	
4.584116	0.400000	12.000000	185.990000	91.910000	4.294925	
6.806840	0.400000	12.000000	209.931060	110.220000	3.860000	
8.810574	0.400000	12.000000	212.070000	180.190000	2.137730	
5.366660	0.400000	12.000000	117.439343	218.110000	3.860000	
4.525141	0.400000	12.000000	139.305015	185.420000	3.860000	
6.790432	0.400000	12.000000	132.987906	195.550000	3.860000	
6.750434	0.400000	12.000000	162.530000	167.440000	0.405253	
5.087942	0.400000	12.000000	154.050000	187.864111	4.920000	
6.288311	0.400000	12.000000	100.569884	166.130000	4.920000	
5.357525	0.400000	12.000000	114.940000	137.790142	4.920000	
4.402015	0.400000	12.000000	164.810000	134.420000	4.007467	
5.158734	0.400000	12.000000	159.270000	118.070000	10.714951	
9.135914	0.400000	12.000000	163.830000	84.390000	6.636587	
9.170874	0.400000	12.000000	133.520000	96.061605	6.590000	
5.309597	0.400000	12.000000	187.194511	149.460000	7.500000	
6.509561	0.400000	12.000000	196.420000	202.830945	7.500000	
6.241653	0.400000	12.000000	218.260000	145.109332	9.320000	
6.281765	0.400000	12.000000	143.690767	149.130000	9.320000	
8.820983	0.400000	12.000000	129.930000	130.820000	10.721303	
5.667896	0.400000	12.000000	121.460000	111.827957	9.320000	
5.629764	0.400000	12.000000	130.590000	164.353007	10.230000	
6.668877	0.400000	12.000000	141.670918	172.340000	10.230000	
5.969300	0.400000	12.000000	107.884147	184.440000	10.230000	
4.653440	0.400000	12.000000	196.750000	107.450554	10.230000	
8.001746	0.400000	12.000000	181.430000	107.610000	3.811198	
4.594960	0.400000	12.000000	217.454681	126.570000	10.230000	
6.190366	0.400000	12.000000	174.590000	147.512602	10.230000	
5.868697	0.400000	12.000000	182.080000	181.624520	10.230000	
7.021985	0.400000	12.000000	180.450000	197.520000	10.445661	
7.438037	0.400000	12.000000	185.990000	211.794510	16.660000	
5.988357	0.400000	12.000000	209.130000	171.517698	16.660000	
5.822591	0.400000	12.000000	198.050000	177.329113	16.660000	
7.301614	0.400000	12.000000	200.010000	156.333001	16.660000	
4.529006	0.400000	12.000000	164.160000	181.820000	16.421119	
5.116704	0.400000	12.000000	151.440000	198.105942	16.660000	
8.028525	0.400000	12.000000	137.563866	213.540000	16.660000	
9.642187	0.400000	12.000000	119.574246	208.630000	18.330000	
6.966662	0.400000	12.000000	92.282882	219.090000	18.330000	
4.763484	0.400000	12.000000	93.750000	177.035869	18.330000	
7.058683	0.400000	12.000000	118.530000	173.980000	15.331564	
4.882623	0.400000	12.000000	127.650000	180.510000	19.528228	
7.787931	0.400000	12.000000	118.530000	189.574988	18.330000	
8.005049	0.400000	12.000000	180.450000	129.309724	18.330000	
5.233612	0.400000	12.000000	197.070000	132.487583	19.390000	
5.140684	0.400000	12.000000	195.756743	117.090000	19.390000	
5.913091	0.400000	12.000000	165.130000	98.780000	18.965259	
9.333105	0.400000	12.000000	151.120000	105.489072	19.390000	
4.654550	0.400000	12.000000	148.840000	134.917209	21.360000	
4.603664	0.400000	12.000000	138.410000	137.331108	21.360000	
4.552629	0.400000	12.000000	138.410000	156.159547	21.360000	
7.100845	0.400000	12.000000	105.160000	157.676221	21.360000	
7.522017	0.400000	12.000000	117.550000	140.810160	21.360000	
6.506516	0.400000	12.000000	108.420000	120.066670	22.500000	
5.476564	0.400000	12.000000	151.493762	120.030000	22.500000	
5.347578	0.400000	12.000000	212.390000	108.260000	26.727963	
7.106830	0.400000	12.000000	161.220000	159.260000	21.207084	
6.187337	0.400000	12.000000	168.816051	208.310000	22.500000	
6.043294	0.400000	12.000000	123.252923	227.920000	22.500000	
5.508039	0.400000	12.000000	132.540000	200.565704	24.160000	
6.340788	0.400000	12.000000	147.639240	183.130000	24.160000	
6.631178	0.400000	12.000000	161.220000	143.681600	24.160000	
4.647650	0.400000	12.000000	165.460000	120.360000	20.106602	
5.880292	0.400000	12.000000	136.780000	111.200000	18.685150	
4.473693	0.400000	12.000000	197.070000	196.933889	24.160000	
4.819284	0.400000	12.000000	189.250000	163.594546	24.160000	
5.580019	0.400000	12.000000	188.930000	152.247098	24.160000	
5.085090	0.400000	12.000000	136.450000	166.775644	27.350000	
5.479988	0.400000	12.000000	175.191083	171.030000	27.350000	
5.162178	0.400000	12.000000	170.018235	151.740000	27.350000	
7.538875	0.400000	12.000000	223.150000	152.070000	27.995239	
5.302041	0.400000	12.000000	211.740000	139.650000	31.027739	
6.364534	0.400000	12.000000	178.170000	115.191724	27.350000	
7.590261	0.400000	12.000000	124.070000	119.700000	28.078324	
5.320971	0.400000	12.000000	179.800000	200.460000	30.586602	
7.936728	0.400000	12.000000	164.810000	196.210000	30.567970	
6.171263	0.400000	12.000000	210.440000	191.553341	31.510000	
7.130231	0.400000	12.000000	94.288626	198.170000	31.510000	
5.542195	0.400000	12.000000	118.200000	241.000000	29.341685	
5.675758	0.400000	12.000000	133.840000	240.350000	29.612458	
4.519427	0.400000	12.000000	140.690000	230.540000	35.612315	
5.628927	0.400000	12.000000	146.880000	222.690000	30.274273	
4.779998	0.400000	12.000000	201.310000	171.087286	32.350000	
6.511652	0.400000	12.000000	200.660000	158.280000	31.644718	
5.116798	0.400000	12.000000	196.001402	183.460000	32.350000	
4.492711	0.400000	12.000000	151.770000	195.880000	36.569562	
6.028302	0.400000	12.000000	136.130000	216.716072	32.350000	
7.145745	0.400000	12.000000	111.030000	220.400000	30.250019	
4.725256	0.400000	12.000000	180.644755	211.900000	32.350000	
8.458293	0.400000	12.000000	123.090000	158.280000	26.587301	
8.147388	0.400000	12.000000	148.190000	156.819149	32.350000	
4.991329	0.400000	12.000000	160.134570	135.070000	32.350000	
5.523023	0.400000	12.000000	181.430000	98.868144	32.350000	
5.880363	0.400000	12.000000	224.130000	125.590000	28.619099	
4.586643	0.400000	12.000000	191.530000	78.297422	32.350000	
5.839079	0.400000	12.000000	213.050000	167.186196	32.350000	
4.708839	0.400000	12.000000	174.590000	183.460000	31.891166	
7.402504	0.400000	12.000000	160.240000	179.611722	33.710000	
5.657490	0.400000	12.000000	129.930000	176.260000	33.515721	
6.674537	0.400000	12.000000	118.200000	170.050000	36.183221	
4.549057	0.400000	12.000000	84.505545	181.820000	33.710000	
5.251873	0.400000	12.000000	98.399228	184.770000	33.710000	
4.605023	0.400000	12.000000	112.980000	202.144877	33.710000	
6.081661	0.400000	12.000000	95.334425	221.060000	33.710000	
4.635689	0.400000	12.000000	181.430000	125.504723	33.710000	
6.272904	0.400000	12.000000	212.430278	94.530000	33.710000	
6.066504	0.400000	12.000000	163.830000	74.590000	39.752786	
6.784755	0.400000	12.000000	173.073470	85.050000	33.710000	
6.589725	0.400000	12.000000	148.118624	91.590000	33.710000	
6.361985	0.400000	12.000000	126.350000	103.360000	34.615629	
5.232752	0.400000	12.000000	118.530000	133.877831	35.680000	
4.991552	0.400000	12.000000	102.448912	135.400000	35.680000	
5.119050	0.400000	12.000000	135.069042	127.550000	35.680000	
5.711954	0.400000	12.000000	193.820000	126.570000	34.637579	
6.648560	0.400000	12.000000	207.747454	127.550000	35.680000	
5.380821	0.400000	12.000000	195.450000	139.970000	34.036830	
6.452818	0.400000	12.000000	198.700000	111.860000	29.374285	
5.082855	0.400000	12.000000	227.710000	165.480000	30.915023	
6.216268	0.400000	12.000000	223.115374	188.360000	35.680000	
5.283910	0.400000	12.000000	124.070000	217.170361	37.800000	
5.673876	0.400000	12.000000	129.968158	230.210000	37.800000	
5.877457	0.400000	12.000000	158.290000	228.250000	37.950955	
5.528312	0.400000	12.000000	168.390000	210.270000	34.801859	
5.075201	0.400000	12.000000	179.852863	224.980000	37.800000	
4.958424	0.400000	12.000000	194.790000	219.002286	37.800000	
4.423187	0.400000	12.000000	192.840000	208.518217	37.800000	
5.218225	0.400000	12.000000	160.570000	163.840000	37.507662	
6.960719	0.400000	12.000000	112.725229	189.670000	37.800000	
5.107085	0.400000	12.000000	98.320000	172.623134	37.800000	
6.305499	0.400000	12.000000	98.326441	152.070000	37.800000	
6.403813	0.400000	12.000000	116.837020	147.170000	37.800000	
4.863441	0.400000	12.000000	136.584376	150.440000	37.800000	
4.900401	0.400000	12.000000	151.120000	138.778226	37.800000	
5.755257	0.400000	12.000000	181.100000	151.650790	37.800000	
5.592711	0.400000	12.000000	209.636196	109.240000	37.800000	
4.919371	0.400000	12.000000	221.190000	135.070000	35.450569	
4.406518	0.400000	12.000000	227.390000	142.947462	38.710000	
6.422055	0.400000	12.000000	162.847305	92.240000	38.710000	
4.868010	0.400000	12.000000	173.280000	101.070000	41.897899	
5.245632	0.400000	12.000000	156.010000	102.380000	34.988760	
5.192300	0.400000	12.000000	155.030000	117.090000	34.359909	
5.113345	0.400000	12.000000	119.047920	113.820000	38.710000	
5.630727	0.400000	12.000000	105.490000	111.985406	38.710000	
4.811067	0.400000	12.000000	146.880000	100.740000	40.847965	
5.759942	0.400000	12.000000	203.001887	85.700000	38.710000	
4.403553	0.400000	12.000000	186.970000	118.070000	38.261321	
5.810531	0.400000	12.000000	147.210000	214.377633	38.710000	
4.686933	0.400000	12.000000	185.990000	184.194168	38.710000	
6.172144	0.400000	12.000000	129.930000	140.630000	37.876857	
5.993857	0.400000	12.000000	168.070000	126.900000	39.028601	
6.206336	0.400000	12.000000	176.870000	137.773911	40.150000	
5.326228	0.400000	12.000000	145.163330	174.630000	40.150000	
6.784874	0.400000	12.000000	140.360000	189.340000	43.974564	
4.832457	0.400000	12.000000	142.320000	115.450000	37.268197	
6.391961	0.400000	12.000000	191.959384	170.380000	40.980000	
5.391241	0.400000	12.000000	197.730000	198.820000	39.064423	
4.570113	0.400000	12.000000	209.790000	175.940000	42.113780	
6.189276	0.400000	12.000000	128.791993	197.840000	40.980000	
4.624593	0.400000	12.000000	106.470000	201.110000	42.475999	
7.509144	0.400000	12.000000	206.530000	209.940000	41.547081	
4.491367	0.400000	12.000000	170.020000	224.000000	44.233121	
4.585359	0.400000	12.000000	129.610000	115.991662	40.980000	
4.865896	0.400000	12.000000	114.167622	214.840000	41.970000	
5.786830	0.400000	12.000000	164.480000	149.110697	43.030000	
5.624841	0.400000	12.000000	198.050000	147.444274	43.030000	
4.710090	0.400000	12.000000	213.700000	142.590000	43.318220	
5.055035	0.400000	12.000000	201.838772	137.030000	43.030000	
7.015516	0.400000	12.000000	221.717196	152.720000	43.030000	
5.683940	0.400000	12.000000	168.043567	172.010000	43.030000	
5.257450	0.400000	12.000000	175.560000	116.441841	43.030000	
4.557405	0.400000	12.000000	139.710000	158.504582	43.030000	
7.105916	0.400000	12.000000	136.780000	89.918765	43.030000	
4.662947	0.400000	12.000000	153.269984	77.530000	43.030000	
5.963234	0.400000	12.000000	101.250000	227.375822	43.030000	
5.678908	0.400000	12.000000	182.080000	198.500000	43.822224	
5.550156	0.400000	12.000000	149.281723	224.330000	46.660000	
5.188009	0.400000	12.000000	140.040000	230.623797	46.660000	
7.281532	0.400000	12.000000	120.480000	241.330000	45.724798	
4.787628	0.400000	12.000000	98.559716	204.380000	46.660000	
9.167825	0.400000	12.000000	85.684310	213.540000	46.660000	
5.605473	0.400000	12.000000	164.160000	202.981889	46.660000	
5.398807	0.400000	12.000000	159.074585	213.860000	46.660000	
4.998900	0.400000	12.000000	160.900000	192.280000	42.388187	
6.964677	0.400000	12.000000	137.108781	206.670000	47.720000	
5.221900	0.400000	12.000000	138.410000	219.446901	47.720000	
5.321652	0.400000	12.000000	201.960000	163.192446	47.720000	
5.370673	0.400000	12.000000	214.061153	162.210000	47.720000	
5.996588	0.400000	12.000000	123.410000	122.593975	48.560000	
8.135782	0.400000	12.000000	189.900000	83.090000	45.027075	
6.274438	0.400000	12.000000	185.990000	101.957888	48.560000	
5.298975	0.400000	12.000000	223.150000	118.142946	48.560000	
5.718156	0.400000	12.000000	225.430000	131.150000	54.256791	
5.515919	0.400000	12.000000	128.300000	153.710000	43.998153	
4.413865	0.400000	12.000000	126.020000	164.820000	46.091166	
4.447503	0.400000	12.000000	156.010000	134.420000	47.182749	
6.876406	0.400000	12.000000	88.870000	151.420000	47.677505	
5.227706	0.400000	12.000000	86.580000	184.110000	48.723465	
5.257835	0.400000	12.000000	96.690000	188.877411	49.390000	
7.090117	0.400000	12.000000	119.830000	174.586480	49.390000	
4.437229	0.400000	12.000000	134.386173	173.980000	49.390000	
5.369064	0.400000	12.000000	181.100000	129.465649	49.390000	
6.152908	0.400000	12.000000	209.460000	96.820000	46.916617	
4.493326	0.400000	12.000000	163.591560	70.010000	49.390000	
4.723839	0.400000	12.000000	174.260000	92.240000	47.693459	
4.820960	0.400000	12.000000	197.070000	136.700000	54.791662	
4.798289	0.400000	12.000000	193.360337	125.590000	51.060000	
5.113466	0.400000	12.000000	197.070000	110.220000	46.269023	
6.159527	0.400000	12.000000	204.570000	127.220000	48.351548	
5.063677	0.400000	12.000000	110.380000	134.740000	47.830463	
5.598187	0.400000	12.000000	144.270000	131.150000	48.188892	
4.499365	0.400000	12.000000	109.070000	228.800382	51.060000	
4.947702	0.400000	12.000000	76.810000	188.690000	47.111006	
6.181403	0.400000	12.000000	125.040000	100.090000	47.089371	
5.114863	0.400000	12.000000	218.371951	187.380000	51.060000	
6.401045	0.400000	12.000000	181.130665	209.940000	51.060000	
5.072566	0.400000	12.000000	162.530000	184.745385	51.060000	
5.020205	0.400000	12.000000	133.520000	129.180000	48.669167	
5.808350	0.400000	12.000000	174.618747	190.650000	51.960000	
4.605300	0.400000	12.000000	194.140000	177.900000	50.395320	
5.742046	0.400000	12.000000	106.790000	148.800000	48.443460	
4.642614	0.400000	12.000000	99.460238	173.000000	53.780000	
4.535263	0.400000	12.000000	105.338946	183.460000	53.780000	
6.077733	0.400000	12.000000	148.190000	91.115724	53.780000	
5.331004	0.400000	12.000000	154.700000	102.700000	51.059538	
5.244690	0.400000	12.000000	163.830000	105.970000	57.348582	
4.691641	0.400000	12.000000	171.650000	99.760000	53.250732	
5.256713	0.400000	12.000000	157.253569	119.050000	53.780000	
4.770675	0.400000	12.000000	215.330000	108.590000	55.708974	
6.941786	0.400000	12.000000	206.530000	86.360000	55.951886	
6.159561	0.400000	12.000000	172.300000	78.572209	53.780000	
6.419863	0.400000	12.000000	162.200000	94.530000	59.268684	
6.134685	0.400000	12.000000	113.960000	108.919699	53.780000	
6.137727	0.400000	12.000000	103.530000	116.760000	58.359111	
6.740198	0.400000	12.000000	153.737857	144.880000	53.780000	
7.478976	0.400000	12.000000	179.800000	154.360000	52.533796	
5.053624	0.400000	12.000000	196.750000	167.110000	58.224310	
5.054042	0.400000	12.000000	207.500000	154.360000	54.196331	
5.072382	0.400000	12.000000	226.080000	165.662569	53.780000	
4.536637	0.400000	12.000000	193.160000	218.440000	53.467552	
5.428986	0.400000	12.000000	185.340000	225.310000	57.747527	
5.138946	0.400000	12.000000	216.300000	202.682359	53.780000	
4.948542	0.400000	12.000000	169.040000	211.570000	54.468153	
4.965559	0.400000	12.000000	124.390000	224.650000	49.629857	
4.545926	0.400000	12.000000	158.940000	229.230000	49.276729	
5.583905	0.400000	12.000000	145.580000	214.004372	53.780000	
5.093777	0.400000	12.000000	118.850000	203.400000	49.758208	
5.362983	0.400000	12.000000	115.590000	193.513796	53.780000	
6.610233	0.400000	12.000000	100.930000	217.674540	54.620000	
4.564709	0.400000	12.000000	149.810000	166.491863	54.620000	
7.302094	0.400000	12.000000	162.704829	164.490000	54.620000	
5.427059	0.400000	12.000000	140.360000	141.610000	50.419696	
5.941511	0.400000	12.000000	118.530000	142.260000	58.628965	
6.224545	0.400000	12.000000	187.620000	116.760000	56.836167	
4.482134	0.400000	12.000000	152.351050	182.480000	54.620000	
4.726504	0.400000	12.000000	154.450637	196.540000	54.620000	
7.577158	0.400000	12.000000	137.100000	105.078110	54.620000	
5.026073	0.400000	12.000000	91.044382	137.690000	54.620000	
7.108702	0.400000	12.000000	129.280000	184.660074	54.620000	
4.444630	0.400000	12.000000	143.620000	151.740000	58.788678	
4.978436	0.400000	12.000000	109.295385	174.960000	55.450000	
5.383538	0.400000	12.000000	169.098040	143.570000	55.450000	
4.857993	0.400000	12.000000	165.391922	126.900000	55.450000	
4.689160	0.400000	12.000000	129.930000	144.220000	51.113858	
5.935754	0.400000	12.000000	129.610000	136.050000	60.292031	
4.460768	0.400000	12.000000	178.500000	141.280000	58.107989	
6.473389	0.400000	12.000000	199.360000	189.670000	49.773332	
6.165872	0.400000	12.000000	144.270000	118.070000	51.337861	
5.531285	0.400000	12.000000	132.540000	118.720000	61.677980	
5.386120	0.400000	12.000000	94.200149	163.840000	56.430000	
4.950259	0.400000	12.000000	112.483486	163.510000	56.430000	
4.460238	0.400000	12.000000	129.610000	196.492665	56.430000	
5.445380	0.400000	12.000000	212.070000	172.427728	56.430000	
4.583781	0.400000	12.000000	194.790000	197.536479	56.430000	
4.673619	0.400000	12.000000	196.100000	207.650000	52.528182	
5.994390	0.400000	12.000000	170.020000	228.453461	56.430000	
4.740630	0.400000	12.000000	107.120000	198.500000	56.274615	
5.142893	0.400000	12.000000	100.600000	131.470000	60.075946	
4.898767	0.400000	12.000000	205.441638	210.920000	56.430000	
4.454333	0.400000	12.000000	187.300000	138.670000	58.751156	
5.084193	0.400000	12.000000	203.590000	118.070000	56.649399	
4.824105	0.400000	12.000000	187.950000	128.200000	58.833419	
8.636767	0.400000	12.000000	113.883079	94.200000	56.430000	
5.113841	0.400000	12.000000	128.300000	92.936957	56.430000	
4.379184	0.400000	12.000000	83.980000	163.880359	56.430000	
5.204789	0.400000	12.000000	178.820000	167.236345	58.480000	
5.814188	0.400000	12.000000	194.790000	149.515478	58.480000	
5.416902	0.400000	12.000000	209.790000	136.380000	54.060636	
6.354892	0.400000	12.000000	113.960000	215.500000	63.965546	
7.097676	0.400000	12.000000	125.700000	214.190000	55.580974	
4.725211	0.400000	12.000000	227.390000	152.093961	58.480000	
5.530164	0.400000	12.000000	148.429917	76.550000	58.480000	
6.251099	0.400000	12.000000	174.910000	109.618594	58.480000	
6.333699	0.400000	12.000000	186.320000	181.331853	58.480000	
4.819274	0.400000	12.000000	217.930000	148.630677	58.480000	
5.539603	0.400000	12.000000	201.310000	102.380000	59.549875	
4.706157	0.400000	12.000000	141.010000	171.690000	61.687799	
5.302253	0.400000	12.000000	119.500000	129.545119	59.460000	
6.461461	0.400000	12.000000	224.699165	102.380000	59.460000	
5.798871	0.400000	12.000000	169.109158	200.790000	62.340000	
4.906349	0.400000	12.000000	144.270000	228.580000	58.539161	
4.662654	0.400000	12.000000	92.913169	213.210000	62.340000	
5.838068	0.400000	12.000000	122.440000	239.180036	62.340000	
5.087423	0.400000	12.000000	95.060000	199.609982	63.180000	
4.436896	0.400000	12.000000	131.925268	156.980000	64.010000	
9.990915	0.400000	12.000000	82.670000	145.539387	64.840000	
5.933810	0.400000	12.000000	85.610000	181.352684	64.840000	
4.881276	0.400000	12.000000	94.410000	189.340000	64.443662	
4.551021	0.400000	12.000000	156.330000	133.110000	67.225617	
5.095117	0.400000	12.000000	184.559343	93.550000	64.840000	
7.272642	0.400000	12.000000	186.970000	77.706482	64.840000	
5.344636	0.400000	12.000000	165.790000	66.824621	64.840000	
5.241600	0.400000	12.000000	221.520000	115.296666	64.840000	
4.694526	0.400000	12.000000	216.595142	124.610000	64.840000	
4.698804	0.400000	12.000000	218.910000	134.420000	69.413074	
4.968703	0.400000	12.000000	228.690000	130.946000	64.840000	
5.207300	0.400000	12.000000	219.890000	156.251260	64.840000	
5.315584	0.400000	12.000000	126.580667	171.030000	66.430000	
4.714125	0.400000	12.000000	177.520000	208.926094	66.430000	
5.405136	0.400000	12.000000	187.300000	209.610000	70.166903	
6.145254	0.400000	12.000000	164.160000	216.810000	65.989393	
6.621936	0.400000	12.000000	149.490000	221.060000	68.333053	
6.626340	0.400000	12.000000	102.880000	224.054580	66.430000	
5.868790	0.400000	12.000000	147.860000	135.720000	60.836555	
6.770279	0.400000	12.000000	197.730000	112.901752	66.430000	
4.776582	0.400000	12.000000	204.570000	128.000848	66.430000	
5.482850	0.400000	12.000000	197.677756	136.700000	66.430000	
4.416604	0.400000	12.000000	159.975496	186.070000	66.430000	
7.108826	0.400000	12.000000	167.150614	176.260000	66.430000	
4.677213	0.400000	12.000000	164.160000	157.530949	66.430000	
4.584314	0.400000	12.000000	209.253027	166.130000	66.430000	
5.449187	0.400000	12.000000	211.740000	197.369580	66.430000	
4.836734	0.400000	12.000000	220.540000	184.770000	62.481114	
4.591354	0.400000	12.000000	221.190000	171.360000	69.614086	
5.244243	0.400000	12.000000	118.433547	118.070000	66.430000	
4.475609	0.400000	12.000000	141.340000	91.910000	62.265687	
4.446656	0.400000	12.000000	134.170000	204.050000	69.167471	
7.011776	0.400000	12.000000	76.150000	189.020000	72.527459	
7.219184	0.400000	12.000000	88.210000	226.953214	66.430000	
4.519280	0.400000	12.000000	176.469903	193.920000	68.180000	
5.027320	0.400000	12.000000	193.490000	180.021664	68.180000	
4.740843	0.400000	12.000000	179.150000	120.030000	68.641349	
4.889740	0.400000	12.000000	109.400000	149.460000	63.387219	
6.252065	0.400000	12.000000	110.700000	130.777202	68.180000	
4.632836	0.400000	12.000000	206.850000	90.098434	69.240000	
4.414135	0.400000	12.000000	217.280000	92.030704	69.240000	
5.298424	0.400000	12.000000	171.330000	104.131420	69.240000	
4.700912	0.400000	12.000000	169.613861	93.550000	69.240000	
4.855533	0.400000	12.000000	171.330000	83.568168	69.240000	
4.383914	0.400000	12.000000	156.010000	104.999417	69.240000	
5.469432	0.400000	12.000000	147.530000	95.636179	69.240000	
4.607534	0.400000	12.000000	145.580000	105.970000	64.667452	
5.779375	0.400000	12.000000	158.940000	121.010000	67.602127	
5.793061	0.400000	12.000000	151.440000	146.190000	68.753811	
7.179084	0.400000	12.000000	181.100000	156.980000	69.346495	
4.916932	0.400000	12.000000	192.060349	167.110000	69.240000	
5.210197	0.400000	12.000000	208.810000	155.990000	73.666271	
6.705275	0.400000	12.000000	194.132569	224.000000	69.240000	
5.451797	0.400000	12.000000	145.250000	208.542364	69.240000	
4.696215	0.400000	12.000000	119.500000	204.741400	69.240000	
5.599162	0.400000	12.000000	127.980000	229.506738	70.070000	
4.442883	0.400000	12.000000	102.284925	189.340000	70.070000	
4.873149	0.400000	12.000000	98.320000	174.949745	70.070000	
5.387850	0.400000	12.000000	152.434569	197.190000	70.070000	
5.422987	0.400000	12.000000	132.210000	191.857773	70.070000	
5.109319	0.400000	12.000000	146.880000	156.535354	70.070000	
5.510872	0.400000	12.000000	123.137011	106.950000	70.070000	
4.530173	0.400000	12.000000	108.929349	109.900000	70.070000	
4.771603	0.400000	12.000000	158.610000	88.726912	70.070000	
4.685896	0.400000	12.000000	208.160000	108.910000	70.221557	
5.282236	0.400000	12.000000	188.270000	119.050000	73.208506	
6.203037	0.400000	12.000000	128.300000	142.805904	70.900000	
6.959324	0.400000	12.000000	144.930000	120.674783	70.900000	
6.022112	0.400000	12.000000	130.599868	127.880000	70.900000	
5.792112	0.400000	12.000000	166.440000	143.240000	70.996884	
4.621184	0.400000	12.000000	179.470000	143.979486	70.900000	
4.662609	0.400000	12.000000	150.140000	181.820000	66.922750	
6.217820	0.400000	12.000000	157.604520	165.800000	70.900000	
7.151885	0.400000	12.000000	114.610000	183.780000	64.133910	
4.484710	0.400000	12.000000	117.220000	194.250000	69.921572	
5.767388	0.400000	12.000000	112.330000	142.260000	72.156440	
4.413455	0.400000	12.000000	103.530000	136.900118	73.700000	
5.209106	0.400000	12.000000	104.840000	152.030986	73.700000	
4.723526	0.400000	12.000000	113.960000	167.056487	73.700000	
6.402273	0.400000	12.000000	138.730000	168.750000	73.336470	
5.313750	0.400000	12.000000	138.410000	147.631956	73.700000	
4.466701	0.400000	12.000000	176.724594	172.340000	73.700000	
4.620016	0.400000	12.000000	195.120000	190.472876	73.700000	
5.903145	0.400000	12.000000	191.860000	200.790000	77.626669	
4.417064	0.400000	12.000000	207.570089	180.840000	73.700000	
4.612875	0.400000	12.000000	186.320000	179.210000	76.717632	
4.628086	0.400000	12.000000	204.765065	194.250000	73.700000	
4.694294	0.400000	12.000000	201.310000	207.320000	70.494881	
5.688772	0.400000	12.000000	209.790000	204.380000	76.058798	
4.722040	0.400000	12.000000	229.340000	166.780000	76.197368	
4.432350	0.400000	12.000000	212.720000	167.440000	78.102287	
5.169164	0.400000	12.000000	192.370552	129.180000	73.700000	
5.139669	0.400000	12.000000	186.970000	141.280000	78.597215	
4.495829	0.400000	12.000000	198.700000	144.903651	73.700000	
5.401447	0.400000	12.000000	196.963547	101.390000	73.700000	
5.579786	0.400000	12.000000	158.638992	77.530000	73.700000	
5.415304	0.400000	12.000000	148.840000	71.564753	73.700000	
7.325963	0.400000	12.000000	129.930000	83.183656	73.700000	
4.495602	0.400000	12.000000	140.685775	106.300000	73.700000	
6.907816	0.400000	12.000000	110.452490	94.860000	73.700000	
5.749866	0.400000	12.000000	102.230000	117.410000	77.364761	
5.089610	0.400000	12.000000	99.620000	127.563146	73.700000	
4.849176	0.400000	12.000000	92.780000	134.420000	77.118391	
4.536260	0.400000	12.000000	94.080000	145.163017	74.540000	
4.599533	0.400000	12.000000	113.640000	211.345612	74.540000	
5.500356	0.400000	12.000000	128.960000	213.525419	74.540000	
4.642698	0.400000	12.000000	126.020000	197.190000	77.458728	
4.876483	0.400000	12.000000	139.710000	180.005282	74.540000	
4.406240	0.400000	12.000000	111.179420	220.080000	74.540000	
4.890487	0.400000	12.000000	120.810000	222.360000	76.556531	
4.516061	0.400000	12.000000	154.380000	233.480000	73.725622	
4.927430	0.400000	12.000000	164.774678	224.650000	74.540000	
5.053023	0.400000	12.000000	174.866524	226.290000	74.540000	
5.709300	0.400000	12.000000	173.280000	215.170000	79.632406	
4.647724	0.400000	12.000000	142.150030	134.420000	74.540000	
4.768500	0.400000	12.000000	121.293950	134.090000	74.540000	
6.007757	0.400000	12.000000	168.631206	124.280000	74.540000	
5.298302	0.400000	12.000000	175.890000	132.130000	69.897998	
5.480010	0.400000	12.000000	212.286495	142.590000	74.540000	
5.237126	0.400000	12.000000	206.205124	117.740000	74.540000	
7.214959	0.400000	12.000000	93.750000	161.175287	75.370000	
5.287531	0.400000	12.000000	76.810000	162.733051	75.370000	
4.391294	0.400000	12.000000	163.180000	113.501743	75.370000	
4.677467	0.400000	12.000000	182.410000	219.750000	76.394833	
8.110699	0.400000	12.000000	225.136310	105.970000	75.370000	
6.539995	0.400000	12.000000	163.500000	203.730000	74.016410	
4.818384	0.400000	12.000000	142.640000	232.552075	77.870000	
4.718451	0.400000	12.000000	103.209981	205.360000	78.700000	
4.591371	0.400000	12.000000	100.592825	214.520000	79.540000	
5.046380	0.400000	12.000000	173.280000	88.320000	78.774492	
5.315006	0.400000	12.000000	170.453693	98.450000	79.540000	
4.679176	0.400000	12.000000	175.911538	78.510000	79.540000	
4.812868	0.400000	12.000000	207.656526	101.390000	79.540000	
4.762765	0.400000	12.000000	123.090000	154.439072	79.540000	
4.681050	0.400000	12.000000	190.952993	160.240000	79.540000	
4.854522	0.400000	12.000000	176.220000	113.820000	76.055434	
4.817598	0.400000	12.000000	136.780000	115.450000	82.902454	
6.491408	0.400000	12.000000	82.011454	152.720000	80.520000	
8.056043	0.400000	12.000000	84.630000	176.891133	80.520000	
4.706799	0.400000	12.000000	84.630000	192.460443	80.520000	
4.711083	0.400000	12.000000	95.710000	192.280000	76.483999	
6.943233	0.400000	12.000000	221.190000	154.375317	80.520000	
5.242446	0.400000	12.000000	218.590000	133.069255	80.520000	
6.563027	0.400000	12.000000	219.560000	116.430000	85.777207	
4.431210	0.400000	12.000000	187.950000	90.610000	76.350758	
4.387262	0.400000	12.000000	164.810000	69.501786	80.520000	
4.389783	0.400000	12.000000	153.730000	62.915775	80.520000	
4.670382	0.400000	12.000000	185.020000	77.530000	77.153475	
4.742203	0.400000	12.000000	179.800000	63.648591	80.520000	
5.491844	0.400000	12.000000	200.990000	169.571121	80.520000	
5.592327	0.400000	12.000000	174.910000	148.505493	80.520000	
4.592108	0.400000	12.000000	158.103484	135.070000	80.520000	
6.543189	0.400000	12.000000	184.690000	106.934215	80.520000	
7.882173	0.400000	12.000000	198.441817	80.800000	80.520000	
5.158464	0.400000	12.000000	169.571299	184.770000	80.520000	
5.059168	0.400000	12.000000	113.960000	234.790000	84.366182	
4.403752	0.400000	12.000000	132.870000	155.670000	77.183900	
6.912477	0.400000	12.000000	120.480000	118.532238	83.400000	
7.067604	0.400000	12.000000	122.935846	173.980000	83.400000	
4.966475	0.400000	12.000000	156.660000	187.497309	83.400000	
5.180936	0.400000	12.000000	133.703324	201.770000	83.400000	
5.307039	0.400000	12.000000	162.200000	214.378629	83.400000	
4.427806	0.400000	12.000000	150.790000	223.398410	83.400000	
5.270399	0.400000	12.000000	182.410000	197.378449	83.400000	
4.777593	0.400000	12.000000	182.410000	207.980000	85.936749	
4.879918	0.400000	12.000000	191.267686	211.250000	83.400000	
4.671746	0.400000	12.000000	214.566273	174.960000	83.400000	
4.592178	0.400000	12.000000	223.800000	180.617138	83.400000	
4.767400	0.400000	12.000000	205.870000	126.570000	87.012266	
5.005421	0.400000	12.000000	207.500000	135.070000	80.299485	
5.113828	0.400000	12.000000	193.160000	129.800474	84.230000	
4.647844	0.400000	12.000000	132.301013	188.690000	85.220000	
5.117196	0.400000	12.000000	115.910783	203.730000	85.220000	
5.014021	0.400000	12.000000	119.500000	214.170825	85.220000	
5.473601	0.400000	12.000000	103.210000	192.653243	85.220000	
4.728850	0.400000	12.000000	100.930000	181.347414	85.220000	
5.149815	0.400000	12.000000	151.120000	146.510000	82.809906	
6.150714	0.400000	12.000000	207.408650	155.340000	85.220000	
5.026018	0.400000	12.000000	195.770000	182.480000	81.391390	
4.543023	0.400000	12.000000	144.423447	215.500000	85.220000	
5.932472	0.400000	12.000000	128.750807	232.830000	85.220000	
6.443889	0.400000	12.000000	136.780000	223.020000	82.415465	
7.095031	0.400000	12.000000	107.440000	224.174713	85.220000	
5.530068	0.400000	12.000000	116.570000	96.152029	85.220000	
4.641558	0.400000	12.000000	120.210329	106.300000	85.220000	
5.310642	0.400000	12.000000	146.880000	95.964897	85.220000	
4.540753	0.400000	12.000000	162.850000	92.240000	88.970826	
4.667179	0.400000	12.000000	168.720000	80.470000	85.209974	
4.705254	0.400000	12.000000	203.270000	91.260000	88.395699	
7.221852	0.400000	12.000000	215.000000	90.930000	85.420153	
4.742339	0.400000	12.000000	209.345828	109.900000	85.220000	
4.425463	0.400000	12.000000	195.120000	110.220000	82.776235	
5.367715	0.400000	12.000000	152.100000	126.960498	85.220000	
4.854393	0.400000	12.000000	160.981855	118.070000	85.220000	
5.189236	0.400000	12.000000	148.190000	110.570806	85.220000	
4.897439	0.400000	12.000000	157.960000	103.680000	83.189696	
4.541483	0.400000	12.000000	189.900000	152.057103	85.220000	
5.865367	0.400000	12.000000	170.350000	197.840000	90.603771	
5.475485	0.400000	12.000000	148.190000	171.360000	80.046504	
5.166797	0.400000	12.000000	108.750000	125.590000	85.674963	
4.521116	0.400000	12.000000	105.195214	107.930000	85.220000	
4.969016	0.400000	12.000000	153.400000	87.010000	84.045664	
5.787706	0.400000	12.000000	146.880000	195.880000	88.112875	
4.550266	0.400000	12.000000	198.700000	140.300000	83.613249	
5.314367	0.400000	12.000000	135.227999	125.260000	86.050000	
5.421132	0.400000	12.000000	186.320000	121.808992	86.050000	
6.499456	0.400000	12.000000	148.034117	160.570000	86.050000	
5.272836	0.400000	12.000000	150.167343	207.320000	86.050000	
4.419963	0.400000	12.000000	160.240000	196.705951	86.050000	
6.884113	0.400000	12.000000	139.060000	83.436768	86.050000	
6.998608	0.400000	12.000000	163.418680	144.220000	86.050000	
5.561325	0.400000	12.000000	173.610000	163.510000	88.071544	
5.738591	0.400000	12.000000	160.900000	157.300000	88.312904	
5.817086	0.400000	12.000000	164.160000	168.090000	83.376008	
5.191138	0.400000	12.000000	158.290000	177.430389	86.050000	
6.020160	0.400000	12.000000	119.500000	188.360000	90.804476	
5.522174	0.400000	12.000000	112.010000	183.780000	81.989032	
4.912960	0.400000	12.000000	114.940000	159.920000	86.747720	
4.635012	0.400000	12.000000	86.580000	168.420000	90.161851	
4.840861	0.400000	12.000000	136.809739	99.430000	86.050000	
4.709016	0.400000	12.000000	126.920434	99.110000	86.050000	
5.364113	0.400000	12.000000	231.620000	141.411859	86.050000	
9.427463	0.400000	12.000000	240.021192	155.990000	86.050000	
5.192546	0.400000	12.000000	127.650000	144.220000	83.816929	
4.462110	0.400000	12.000000	171.330000	105.265032	86.890000	
5.184326	0.400000	12.000000	195.120000	165.697913	88.780000	
4.714302	0.400000	12.000000	198.050000	151.740000	91.872669	
4.622791	0.400000	12.000000	188.270000	177.900000	87.938931	
4.905505	0.400000	12.000000	182.410000	169.792577	88.780000	
4.915505	0.400000	12.000000	206.850000	181.820000	91.658827	
5.282484	0.400000	12.000000	197.070000	191.960000	86.187843	
4.587560	0.400000	12.000000	207.180000	195.230000	91.392340	
5.902144	0.400000	12.000000	202.081723	205.360000	88.780000	
4.450562	0.400000	12.000000	193.490000	199.480000	93.074302	
4.414750	0.400000	12.000000	186.138144	141.280000	88.780000	
5.831025	0.400000	12.000000	154.050000	78.180000	92.955841	
4.542397	0.400000	12.000000	129.280000	90.930000	90.818701	
4.827709	0.400000	12.000000	128.732258	109.240000	88.780000	
4.501390	0.400000	12.000000	141.010000	107.280000	91.190675	
5.878755	0.400000	12.000000	110.700000	143.570000	83.812898	
5.344029	0.400000	12.000000	134.633270	168.750000	88.780000	
5.121262	0.400000	12.000000	141.122518	145.860000	88.780000	
4.870331	0.400000	12.000000	111.680000	175.078582	88.780000	
4.579674	0.400000	12.000000	99.611781	121.670000	88.780000	
4.710475	0.400000	12.000000	209.510721	168.090000	88.780000	
6.286323	0.400000	12.000000	227.060000	170.214788	88.780000	
4.808879	0.400000	12.000000	172.630000	208.797953	88.780000	
4.580381	0.400000	12.000000	193.490000	99.110000	88.356765	
4.478752	0.400000	12.000000	223.150000	146.190000	92.500977	
6.123582	0.400000	12.000000	185.990000	189.670000	91.098378	
5.660549	0.400000	12.000000	102.560000	156.980000	86.140998	
4.606049	0.400000	12.000000	100.270000	168.420000	86.559532	
5.166866	0.400000	12.000000	102.560000	137.360000	89.830407	
6.215394	0.400000	12.000000	124.004880	134.420000	89.610000	
5.466834	0.400000	12.000000	211.903773	145.210000	89.610000	
5.189983	0.400000	12.000000	167.503620	225.310000	89.610000	
5.462766	0.400000	12.000000	125.040000	198.820000	89.653197	
6.128143	0.400000	12.000000	130.299094	212.880000	89.610000	
4.687329	0.400000	12.000000	123.119862	223.670000	89.610000	
4.906305	0.400000	12.000000	173.449448	137.030000	89.610000	
4.708089	0.400000	12.000000	178.820000	128.815965	89.610000	
5.109189	0.400000	12.000000	167.740000	126.240000	88.436781	
4.795251	0.400000	12.000000	142.320000	135.400000	91.605850	
4.845520	0.400000	12.000000	139.060000	180.840000	84.797562	
5.642797	0.400000	12.000000	200.660000	116.842197	90.450000	
4.536301	0.400000	12.000000	182.038182	221.060000	90.450000	
4.593393	0.400000	12.000000	92.490125	146.190000	91.280000	
4.901523	0.400000	12.000000	92.130000	133.440000	89.620298	
4.976271	0.400000	12.000000	160.308493	109.570000	91.280000	
5.294107	0.400000	12.000000	169.700000	216.480000	95.157879	
4.897319	0.400000	12.000000	114.940000	220.356289	93.850000	
5.254657	0.400000	12.000000	98.257015	206.340000	93.850000	
4.514273	0.400000	12.000000	178.170000	96.820000	93.003359	
4.377667	0.400000	12.000000	172.888537	87.990000	94.760000	
5.117799	0.400000	12.000000	176.220000	77.892969	94.760000	
4.687852	0.400000	12.000000	174.942897	116.760000	94.760000	
4.508400	0.400000	12.000000	121.879567	154.030000	94.760000	
8.147043	0.400000	12.000000	89.917761	222.360000	94.760000	
5.895727	0.400000	12.000000	138.979421	233.150000	94.760000	
4.554698	0.400000	12.000000	156.430998	233.480000	94.760000	
4.846274	0.400000	12.000000	183.390000	156.320000	93.381817	
5.817509	0.400000	12.000000	80.382713	160.240000	95.900000	
5.595271	0.400000	12.000000	86.199903	181.170000	95.900000	
5.361496	0.400000	12.000000	91.470000	191.170939	95.900000	
4.723024	0.400000	12.000000	139.296020	207.980000	95.900000	
5.997076	0.400000	12.000000	204.125247	173.980000	98.780000	
4.612120	0.400000	12.000000	216.630000	123.032987	99.840000	
4.820038	0.400000	12.000000	207.500000	134.148207	99.840000	
5.954834	0.400000	12.000000	224.780000	136.050000	101.270656	
4.592619	0.400000	12.000000	227.600106	120.680000	99.840000	
6.209460	0.400000	12.000000	189.900000	129.510000	98.762915	
5.840727	0.400000	12.000000	193.490000	92.570000	101.664050	
5.794441	0.400000	12.000000	184.925596	204.050000	99.840000	
5.670653	0.400000	12.000000	190.230000	214.520000	94.361823	
4.718839	0.400000	12.000000	128.505298	172.340000	99.310000	
4.851759	0.400000	12.000000	117.702173	118.070000	99.310000	
4.879445	0.400000	12.000000	152.750000	151.851591	99.310000	
4.648079	0.400000	12.000000	151.440000	137.030000	95.223951	
4.532041	0.400000	12.000000	221.850000	155.805647	99.310000	
4.784425	0.400000	12.000000	169.660293	176.590000	99.310000	
4.640106	0.400000	12.000000	172.960000	185.090000	102.255888	
4.843675	0.400000	12.000000	178.820000	192.750356	99.310000	
4.577972	0.400000	12.000000	156.208659	185.090000	99.310000	
4.411920	0.400000	12.000000	160.415831	213.210000	99.310000	
5.976230	0.400000	12.000000	133.840000	141.679814	99.310000	
5.791974	0.400000	12.000000	129.929699	161.880000	99.310000	
5.633012	0.400000	12.000000	173.930000	152.070000	101.465720	
4.426942	0.400000	12.000000	220.870000	179.210000	101.249845	
4.474253	0.400000	12.000000	178.170000	69.104602	99.310000	
5.714198	0.400000	12.000000	155.197797	61.180000	99.310000	
5.065188	0.400000	12.000000	161.867950	70.330000	99.310000	
4.694705	0.400000	12.000000	185.340000	112.840000	98.512303	
4.986091	0.400000	12.000000	153.480691	205.360000	99.310000	
4.411388	0.400000	12.000000	155.030000	224.415427	99.310000	
4.741553	0.400000	12.000000	210.110000	115.993273	99.310000	
4.433015	0.400000	12.000000	146.795847	143.570000	101.200000	
4.464317	0.400000	12.000000	140.690734	154.360000	101.200000	
5.742973	0.400000	12.000000	141.670000	124.280000	98.034231	
5.296103	0.400000	12.000000	152.750000	124.930000	100.912016	
4.714505	0.400000	12.000000	153.552757	108.260000	101.200000	
5.041731	0.400000	12.000000	163.830000	91.590000	104.362490	
5.606778	0.400000	12.000000	140.040000	87.010000	100.633351	
4.999148	0.400000	12.000000	126.024049	96.160000	101.200000	
5.561614	0.400000	12.000000	115.270000	99.110000	97.086223	
5.097708	0.400000	12.000000	111.403002	108.590000	101.200000	
7.862333	0.400000	12.000000	118.850000	82.864614	101.200000	
4.839138	0.400000	12.000000	151.440000	88.640000	99.597548	
5.674515	0.400000	12.000000	204.712050	105.640000	101.200000	
7.756776	0.400000	12.000000	211.115420	90.610000	101.200000	
4.465806	0.400000	12.000000	200.379450	143.240000	101.200000	
5.086440	0.400000	12.000000	211.420000	156.980000	99.062359	
4.556394	0.400000	12.000000	169.040000	200.130000	102.128745	
5.173283	0.400000	12.000000	161.550000	193.289922	101.200000	
4.658354	0.400000	12.000000	146.880000	197.520000	103.136644	
6.518184	0.400000	12.000000	145.900000	217.235874	101.200000	
6.189017	0.400000	12.000000	114.940000	205.360000	98.254834	
5.882394	0.400000	12.000000	100.930000	187.710000	105.399292	
6.020018	0.400000	12.000000	98.640000	179.860000	96.421031	
4.987138	0.400000	12.000000	112.980000	183.130000	105.164853	
4.505899	0.400000	12.000000	143.620000	101.043758	101.200000	
4.499432	0.400000	12.000000	189.250000	150.110000	98.424767	
5.171496	0.400000	12.000000	150.470000	170.050000	100.136092	
4.587961	0.400000	12.000000	130.910000	188.030000	96.778486	
5.894245	0.400000	12.000000	132.210000	205.690000	103.658688	
4.524907	0.400000	12.000000	132.540000	225.960000	98.921558	
5.476591	0.400000	12.000000	110.380000	227.711448	101.200000	
4.414883	0.400000	12.000000	86.260000	199.800000	97.820497	
4.875782	0.400000	12.000000	75.122522	181.500000	101.200000	
6.100490	0.400000	12.000000	113.640000	146.513728	101.200000	
4.509024	0.400000	12.000000	124.450113	147.490000	101.200000	
6.432013	0.400000	12.000000	238.747310	138.990000	101.200000	
5.798522	0.400000	12.000000	235.974324	155.010000	101.200000	
4.375253	0.400000	12.000000	162.850000	166.460000	101.221503	
4.374305	0.400000	12.000000	162.530000	152.070000	99.588225	
5.055267	0.400000	12.000000	160.570000	137.801628	101.200000	
5.898857	0.400000	12.000000	190.560000	81.450000	104.919210	
4.425504	0.400000	12.000000	154.380000	98.780000	105.538246	
4.699391	0.400000	12.000000	168.390000	82.257242	101.200000	
4.840143	0.400000	12.000000	194.140000	113.820000	104.908273	
5.937204	0.400000	12.000000	118.530000	164.490000	103.837414	
4.514770	0.400000	12.000000	104.352400	197.190000	101.200000	
4.662663	0.400000	12.000000	122.110000	185.251532	101.200000	
5.555741	0.400000	12.000000	175.890000	165.480000	105.704661	
4.718176	0.400000	12.000000	172.960000	108.795052	102.940000	
4.505448	0.400000	12.000000	101.250000	143.070835	104.230000	
4.718350	0.400000	12.000000	102.455062	123.630000	104.230000	
4.806580	0.400000	12.000000	103.530000	153.050000	102.020550	
5.229536	0.400000	12.000000	109.070000	171.143540	104.230000	
5.720376	0.400000	12.000000	139.710000	171.030000	102.524471	
5.137063	0.400000	12.000000	132.994043	108.910000	104.230000	
5.742604	0.400000	12.000000	151.376318	77.200000	104.230000	
4.395750	0.400000	12.000000	186.320000	139.230989	105.140000	
5.126396	0.400000	12.000000	193.820000	163.249215	105.140000	
7.167369	0.400000	12.000000	188.270000	179.282748	105.140000	
4.741756	0.400000	12.000000	198.380000	153.074143	105.140000	
4.458965	0.400000	12.000000	210.110000	146.190000	105.720726	
5.844624	0.400000	12.000000	215.835475	168.420000	105.140000	
5.090763	0.400000	12.000000	206.023799	183.130000	105.140000	
4.589700	0.400000	12.000000	191.860000	191.931266	105.140000	
4.518327	0.400000	12.000000	191.530000	200.130000	109.114783	
5.410179	0.400000	12.000000	192.840000	210.203158	105.140000	
4.995012	0.400000	12.000000	205.402745	197.840000	105.140000	
5.999828	0.400000	12.000000	120.435584	132.450000	105.140000	
5.177077	0.400000	12.000000	136.130000	132.145895	105.140000	
5.022781	0.400000	12.000000	121.916838	199.480000	105.140000	
5.878859	0.400000	12.000000	122.110000	227.271620	105.140000	
6.310877	0.400000	12.000000	121.780000	214.463670	105.140000	
5.139428	0.400000	12.000000	164.810000	123.950000	110.250342	
7.893540	0.400000	12.000000	235.942238	170.710000	105.140000	
4.523287	0.400000	12.000000	182.920388	220.400000	106.050000	
6.452299	0.400000	12.000000	168.390000	230.762471	106.050000	
7.206546	0.400000	12.000000	202.488551	122.970000	106.050000	
6.642386	0.400000	12.000000	179.029821	98.130000	106.050000	
4.610901	0.400000	12.000000	100.150801	164.490000	106.960000	
5.940213	0.400000	12.000000	93.750000	174.741519	106.960000	
6.218748	0.400000	12.000000	93.100000	135.885049	106.960000	
6.962205	0.400000	12.000000	143.061425	183.460000	106.960000	
4.462553	0.400000	12.000000	137.100000	196.540000	110.226951	
7.035258	0.400000	12.000000	174.910000	132.698535	106.960000	
4.601150	0.400000	12.000000	169.207884	144.550000	106.960000	
5.436818	0.400000	12.000000	164.160000	113.713553	106.960000	
7.562619	0.400000	12.000000	128.648416	121.010000	106.960000	
4.790275	0.400000	12.000000	110.380000	137.802203	106.960000	
7.247102	0.400000	12.000000	85.280000	147.794122	106.960000	
5.562966	0.400000	12.000000	145.900000	150.440000	112.482095	
5.064002	0.400000	12.000000	131.535730	89.620000	106.960000	
4.524464	0.400000	12.000000	226.757124	145.210000	106.960000	
4.433563	0.400000	12.000000	197.070000	135.720000	104.968710	
5.183949	0.400000	12.000000	136.450000	163.190000	110.314283	
4.570795	0.400000	12.000000	93.750000	197.897668	111.280000	
5.547859	0.400000	12.000000	142.970000	208.132608	111.280000	
5.732481	0.400000	12.000000	168.390000	218.351803	111.280000	
4.540546	0.400000	12.000000	171.095418	89.950000	111.280000	
4.549621	0.400000	12.000000	176.220000	80.362009	111.280000	
5.704735	0.400000	12.000000	86.910000	188.030000	109.399326	
6.169166	0.400000	12.000000	81.700000	169.084073	111.280000	
5.443178	0.400000	12.000000	179.834330	146.840000	112.110000	
5.411783	0.400000	12.000000	154.380000	172.614399	112.110000	
4.531257	0.400000	12.000000	182.410000	113.440963	114.760000	
5.127746	0.400000	12.000000	174.260000	119.441429	114.760000	
5.302333	0.400000	12.000000	202.290000	171.412382	114.760000	
4.775202	0.400000	12.000000	176.040203	208.960000	114.760000	
5.211321	0.400000	12.000000	176.271816	184.110000	114.760000	
4.516175	0.400000	12.000000	169.107118	191.630000	114.760000	
4.897908	0.400000	12.000000	156.660000	213.540000	111.787900	
6.881328	0.400000	12.000000	153.856974	201.770000	114.760000	
4.732312	0.400000	12.000000	132.540000	139.320000	112.149334	
5.932486	0.400000	12.000000	131.560000	151.420000	110.784744	
4.387504	0.400000	12.000000	178.170000	199.740756	115.670000	
4.626797	0.400000	12.000000	185.340000	213.485671	115.670000	
4.845044	0.400000	12.000000	200.695708	131.150000	115.670000	
6.405084	0.400000	12.000000	211.090000	132.780000	111.491010	
4.530773	0.400000	12.000000	222.170000	132.780000	117.581787	
5.416542	0.400000	12.000000	222.820000	122.870586	116.500000	
5.020943	0.400000	12.000000	201.310000	105.896226	116.500000	
4.375912	0.400000	12.000000	210.440000	104.340000	118.293061	
4.409156	0.400000	12.000000	206.850000	94.860000	119.347084	
4.940074	0.400000	12.000000	205.356103	85.700000	116.500000	
6.648719	0.400000	12.000000	143.950000	119.700000	109.866836	
4.894283	0.400000	12.000000	146.560000	125.920000	121.076347	
5.758943	0.400000	12.000000	150.140000	135.495231	116.500000	
4.864365	0.400000	12.000000	159.590000	91.748236	116.500000	
5.592050	0.400000	12.000000	159.590000	81.101200	116.500000	
4.447408	0.400000	12.000000	150.470000	85.700000	120.492111	
4.413968	0.400000	12.000000	143.300000	94.200000	119.292342	
5.976906	0.400000	12.000000	153.957764	102.380000	116.500000	
5.385188	0.400000	12.000000	168.390000	100.442840	116.500000	
4.797192	0.400000	12.000000	124.070000	93.539060	116.500000	
6.090076	0.400000	12.000000	116.832821	85.370000	116.500000	
5.636345	0.400000	12.000000	113.960000	97.470000	118.463823	
5.731973	0.400000	12.000000	115.466017	111.200000	116.500000	
4.404229	0.400000	12.000000	174.260000	160.642178	116.500000	
6.620495	0.400000	12.000000	182.106293	168.750000	116.500000	
6.501844	0.400000	12.000000	214.020000	152.400000	115.977210	
6.682510	0.400000	12.000000	220.540000	164.528391	116.500000	
5.358635	0.400000	12.000000	211.493352	117.410000	116.500000	
4.826872	0.400000	12.000000	114.610000	183.611251	117.340000	
5.778325	0.400000	12.000000	102.880000	186.523994	117.340000	
5.160096	0.400000	12.000000	93.387488	180.510000	117.340000	
6.254796	0.400000	12.000000	188.380416	131.800000	117.340000	
4.603735	0.400000	12.000000	125.370000	145.860000	120.226498	
4.964514	0.400000	12.000000	119.830000	152.720000	114.317868	
4.815323	0.400000	12.000000	119.180000	159.920000	121.149826	
5.191231	0.400000	12.000000	129.610000	162.210000	122.425448	
4.539294	0.400000	12.000000	138.565715	156.650000	118.170000	
4.570941	0.400000	12.000000	116.240000	147.490000	121.649518	
5.057789	0.400000	12.000000	112.330000	138.369897	118.170000	
4.484946	0.400000	12.000000	115.270000	209.682340	118.170000	
4.752616	0.400000	12.000000	165.223977	199.480000	118.170000	
4.516348	0.400000	12.000000	192.753332	179.530000	118.170000	
6.106009	0.400000	12.000000	201.960000	142.920000	118.942051	
4.510228	0.400000	12.000000	176.870000	104.340000	121.317790	
5.621538	0.400000	12.000000	182.080000	89.119520	118.170000	
6.024547	0.400000	12.000000	182.730000	75.272926	118.170000	
5.475175	0.400000	12.000000	193.786938	88.640000	118.170000	
4.614506	0.400000	12.000000	191.210000	100.506391	118.170000	
4.890618	0.400000	12.000000	169.700000	72.300000	117.942586	
4.472278	0.400000	12.000000	115.270000	171.142316	118.170000	
5.434249	0.400000	12.000000	141.340000	112.284147	121.200000	
4.600657	0.400000	12.000000	137.760000	133.856309	121.200000	
4.731065	0.400000	12.000000	121.780000	127.113830	121.200000	
4.838643	0.400000	12.000000	124.070000	136.700000	117.837692	
5.013557	0.400000	12.000000	194.689331	151.090000	121.200000	
4.999580	0.400000	12.000000	195.074105	162.860000	121.200000	
4.856278	0.400000	12.000000	190.230000	202.211558	121.200000	
5.198211	0.400000	12.000000	191.530000	189.340000	125.017012	
5.051612	0.400000	12.000000	194.140000	212.729858	121.200000	
6.247656	0.400000	12.000000	200.330000	119.380000	121.081858	
5.503372	0.400000	12.000000	141.104544	174.630000	121.200000	
4.813770	0.400000	12.000000	105.490000	148.470000	125.356539	
7.052536	0.400000	12.000000	99.148075	138.670000	121.200000	
7.397827	0.400000	12.000000	128.630000	204.179770	122.340000	
5.101406	0.400000	12.000000	120.160000	216.810000	122.367695	
4.780644	0.400000	12.000000	131.560000	222.690000	124.665313	
4.776911	0.400000	12.000000	146.230000	214.378201	122.340000	
4.952131	0.400000	12.000000	164.810000	111.482347	122.340000	
4.593033	0.400000	12.000000	163.180000	122.255756	122.340000	
5.620095	0.400000	12.000000	153.336690	150.110000	122.340000	
5.900671	0.400000	12.000000	171.980000	133.104819	122.340000	
4.476749	0.400000	12.000000	161.870000	142.775818	122.340000	
5.235318	0.400000	12.000000	132.210000	123.505389	122.340000	
5.253186	0.400000	12.000000	146.842373	161.550000	123.170000	
4.934971	0.400000	12.000000	130.590000	173.000000	118.776509	
5.704720	0.400000	12.000000	135.150000	184.770000	118.765476	
4.720217	0.400000	12.000000	121.307454	194.250000	123.170000	
6.073780	0.400000	12.000000	103.210000	165.480000	119.236986	
5.819084	0.400000	12.000000	92.130000	168.420000	123.583814	
4.415219	0.400000	12.000000	182.080000	123.589025	123.170000	
5.948144	0.400000	12.000000	125.370000	112.840000	127.326578	
5.043900	0.400000	12.000000	132.540000	102.430135	123.170000	
4.531248	0.400000	12.000000	135.929450	87.010000	123.170000	
5.121736	0.400000	12.000000	220.812601	142.920000	123.170000	
6.431866	0.400000	12.000000	229.990000	132.780000	125.715596	
5.477497	0.400000	12.000000	169.278874	177.570000	124.230000	
7.387775	0.400000	12.000000	161.717815	163.190000	124.230000	
4.774928	0.400000	12.000000	167.090000	150.286970	124.230000	
4.958425	0.400000	12.000000	143.673463	190.320000	124.230000	
4.715982	0.400000	12.000000	95.380000	156.320000	122.832343	
4.842420	0.400000	12.000000	210.110000	166.742057	124.230000	
4.828763	0.400000	12.000000	205.220000	158.280000	121.697626	
4.469519	0.400000	12.000000	216.945740	114.470000	124.230000	
5.844828	0.400000	12.000000	201.960000	184.808004	124.230000	
4.853050	0.400000	12.000000	158.940000	228.306363	124.230000	
7.354022	0.400000	12.000000	107.120000	202.699159	124.230000	
4.963229	0.400000	12.000000	126.020000	180.595954	124.230000	
6.544933	0.400000	12.000000	112.660000	125.920000	129.015264	
5.601855	0.400000	12.000000	192.072020	111.200000	124.230000	
6.285383	0.400000	12.000000	155.173970	190.320000	124.230000	
5.514285	0.400000	12.000000	157.960000	131.800000	124.316043	
5.564680	0.400000	12.000000	110.380000	164.170000	129.817624	
4.744779	0.400000	12.000000	183.060000	150.491187	129.150000	
4.883552	0.400000	12.000000	148.190000	176.673541	129.150000	
6.199043	0.400000	12.000000	142.320000	200.957474	129.150000	
5.760863	0.400000	12.000000	137.265328	214.190000	129.150000	
5.181240	0.400000	12.000000	167.090000	219.420000	124.157799	
4.737692	0.400000	12.000000	193.160000	139.320000	125.343721	
5.149269	0.400000	12.000000	134.820000	150.110000	125.667660	
5.673368	0.400000	12.000000	179.150000	184.440000	127.203960	
4.791068	0.400000	12.000000	171.970951	191.630000	130.140000	
4.827622	0.400000	12.000000	192.890062	174.960000	130.140000	
4.385524	0.400000	12.000000	185.020000	168.420882	130.140000	
5.007392	0.400000	12.000000	182.741932	116.430000	130.140000	
4.657734	0.400000	12.000000	172.630000	87.340000	126.004355	
4.636108	0.400000	12.000000	149.490000	130.705066	131.650000	
4.816681	0.400000	12.000000	149.160000	121.010000	131.151613	
4.405051	0.400000	12.000000	151.770000	101.720000	128.679580	
6.164411	0.400000	12.000000	154.136990	90.930000	132.560000	
4.750792	0.400000	12.000000	167.486110	93.870000	132.560000	
5.660491	0.400000	12.000000	202.620000	131.470000	128.565313	
4.451049	0.400000	12.000000	192.840000	131.149004	132.560000	
5.205535	0.400000	12.000000	175.890000	161.880000	130.475269	
5.802779	0.400000	12.000000	204.028965	104.660000	132.560000	
4.860208	0.400000	12.000000	206.530000	84.644330	132.560000	
4.819790	0.400000	12.000000	161.870000	72.113842	132.560000	
4.383810	0.400000	12.000000	159.270000	81.378933	132.560000	
5.660579	0.400000	12.000000	148.840000	144.139457	132.560000	
4.577504	0.400000	12.000000	105.153687	189.340000	132.560000	
5.061850	0.400000	12.000000	114.940000	183.130000	128.718636	
4.412821	0.400000	12.000000	96.690000	199.800000	133.338638	
4.943653	0.400000	12.000000	157.349297	199.150000	132.560000	
4.714549	0.400000	12.000000	151.440000	206.983936	132.560000	
4.709979	0.400000	12.000000	162.530000	216.481463	132.560000	
4.510394	0.400000	12.000000	171.119195	212.230000	132.560000	
9.552362	0.400000	12.000000	184.690000	212.560000	139.734178	
4.954506	0.400000	12.000000	174.103300	201.440000	132.560000	
4.652053	0.400000	12.000000	182.080000	196.210000	130.986192	
7.033298	0.400000	12.000000	204.814512	173.980000	132.560000	
4.457542	0.400000	12.000000	214.020000	150.760000	129.324780	
4.428005	0.400000	12.000000	136.780000	167.440000	134.472781	
5.600700	0.400000	12.000000	97.670000	181.820000	129.858325	
4.553656	0.400000	12.000000	117.220000	146.116702	134.460000	
4.376976	0.400000	12.000000	112.330000	138.340000	133.426521	
6.396287	0.400000	12.000000	140.040000	114.467048	134.460000	
4.615185	0.400000	12.000000	177.520000	102.021856	134.460000	
4.468088	0.400000	12.000000	169.370000	104.990000	130.576818	
4.396648	0.400000	12.000000	160.545760	101.070000	134.460000	
4.683639	0.400000	12.000000	179.470000	78.840000	135.596459	
4.409353	0.400000	12.000000	179.022809	88.640000	134.460000	
5.822834	0.400000	12.000000	187.620000	94.698686	134.460000	
4.922032	0.400000	12.000000	204.665088	142.260000	134.460000	
5.131751	0.400000	12.000000	133.520000	195.768747	134.460000	
6.935638	0.400000	12.000000	117.550000	207.000000	133.069979	
4.484203	0.400000	12.000000	141.340000	159.451483	134.460000	
4.632706	0.400000	12.000000	129.407741	160.900000	134.460000	
5.222158	0.400000	12.000000	184.360000	140.571311	130.290000	
4.429395	0.400000	12.000000	85.610000	159.260000	124.851298	
5.789881	0.400000	12.000000	88.870000	189.670000	131.719067	
4.372858	0.400000	12.000000	198.700000	150.760000	135.982279	
5.462212	0.400000	12.000000	193.745144	164.170000	137.640000	
5.702190	0.400000	12.000000	152.549257	154.690000	136.800000	
4.473319	0.400000	12.000000	124.070000	137.690000	139.839521	
4.761690	0.400000	12.000000	133.190000	123.562542	139.680000	
5.179121	0.400000	12.000000	129.280000	113.778731	139.760000	
4.454697	0.400000	12.000000	106.470000	146.840000	140.390021	
4.837196	0.400000	12.000000	175.240000	128.530000	141.802247	
4.585239	0.400000	12.000000	164.160000	113.160000	144.138964	
5.062788	0.400000	12.000000	193.715491	125.590000	141.880000	
8.242297	0.400000	12.000000	171.330000	142.260000	134.597731	
4.470030	0.400000	12.000000	162.774049	149.780000	141.880000	
5.358776	0.400000	12.000000	162.850000	175.940000	144.006313	
5.023835	0.400000	12.000000	135.800000	179.974442	141.880000	
4.567502	0.400000	12.000000	122.261254	197.840000	141.880000	
4.632952	0.400000	12.000000	128.630000	170.380000	145.639625	
7.265803	0.400000	12.000000	111.030000	182.578922	141.880000	
4.470459	0.400000	12.000000	123.740000	179.869347	141.880000	
6.084079	0.400000	12.000000	157.173709	139.320000	141.880000	
4.717660	0.400000	12.000000	164.480000	130.217560	141.880000	
4.533206	0.400000	12.000000	174.545808	111.530000	141.880000	
5.095526	0.400000	12.000000	191.530000	187.380000	137.557166	
5.033828	0.400000	12.000000	149.810000	165.480000	143.879910	
4.495528	0.400000	12.000000	141.791553	148.470000	141.880000	
6.392666	0.400000	12.000000	115.170074	128.200000	141.880000	
6.435699	0.400000	12.000000	168.390000	121.670000	133.828532	
6.402730	0.400000	12.000000	120.160000	167.376087	139.000000	
4.615637	0.400000	12.000000	184.139140	157.630000	139.000000	
5.868855	0.400000	12.000000	129.610000	225.406807	139.000000	
6.513841	0.400000	12.000000	117.550000	221.395829	139.000000	
6.124126	0.400000	12.000000	97.010000	171.441739	139.000000	
5.815671	0.400000	12.000000	106.140000	157.630000	142.250348	
4.408709	0.400000	12.000000	116.900000	154.681330	139.000000	
5.076823	0.400000	12.000000	84.630000	172.670000	139.169942	
4.867409	0.400000	12.000000	201.960000	119.050000	137.441321	
7.731971	0.400000	12.000000	216.411419	137.030000	139.000000	
4.848956	0.400000	12.000000	141.010000	101.720000	137.895968	
5.140269	0.400000	12.000000	181.430000	131.150000	134.087632	
4.908298	0.400000	12.000000	181.430000	136.050000	142.898012	
5.284709	0.400000	12.000000	140.690000	134.661537	136.960000	
5.276084	0.400000	12.000000	130.590000	138.010000	131.783572	
4.963096	0.400000	12.000000	154.050000	172.138107	136.960000	
5.816823	0.400000	12.000000	154.157732	183.130000	136.960000	
4.645658	0.400000	12.000000	190.560000	199.480000	136.739451	
4.450383	0.400000	12.000000	154.700000	220.468898	136.960000	
5.398607	0.400000	12.000000	192.190000	86.360000	142.308832	
4.573703	0.400000	12.000000	155.100390	111.860000	136.960000	
5.280440	0.400000	12.000000	173.280000	173.980000	141.904740	
6.031219	0.400000	12.000000	204.900000	186.347305	140.670000	
4.867724	0.400000	12.000000	129.610000	204.710000	144.150015	
4.887640	0.400000	12.000000	163.580536	165.480000	140.670000	
5.160903	0.400000	12.000000	185.990000	107.082609	140.670000	
5.357113	0.400000	12.000000	196.833938	110.880000	141.650000	
5.242861	0.400000	12.000000	209.796505	161.880000	141.650000	
4.916498	0.400000	12.000000	107.940451	200.790000	141.650000	
4.891054	0.400000	12.000000	169.526166	202.420000	141.650000	
5.023008	0.400000	12.000000	153.098135	193.590000	143.470000	
4.696592	0.400000	12.000000	151.373054	204.710000	144.300000	
5.187631	0.400000	12.000000	141.010000	211.570000	148.142518	
4.487427	0.400000	12.000000	142.037380	202.090000	144.300000	
4.536496	0.400000	12.000000	183.060000	171.373956	145.440000	
5.640543	0.400000	12.000000	195.120000	174.300000	142.291737	
5.936902	0.400000	12.000000	182.730000	144.880000	150.450951	
4.695643	0.400000	12.000000	192.190000	141.610000	144.672166	
5.665538	0.400000	12.000000	182.730000	119.700000	144.312251	
5.135968	0.400000	12.000000	193.056225	100.410000	145.440000	
6.652309	0.400000	12.000000	171.980000	88.960060	145.440000	
6.507929	0.400000	12.000000	176.946670	184.770000	145.440000	
5.184633	0.400000	12.000000	163.302117	191.960000	145.440000	
4.458981	0.400000	12.000000	147.530000	175.794667	145.440000	
5.142653	0.400000	12.000000	143.300000	189.670000	143.067955	
4.419197	0.400000	12.000000	136.130000	154.776271	145.440000	
4.467805	0.400000	12.000000	152.750000	131.349245	148.320000	
4.515965	0.400000	12.000000	151.770000	97.690456	148.320000	
5.305960	0.400000	12.000000	149.490000	117.969610	148.320000	
5.804857	0.400000	12.000000	170.670000	165.150000	152.663496	
4.891892	0.400000	12.000000	176.220000	155.400301	149.760000	
4.892768	0.400000	12.000000	198.050000	136.085267	150.590000	
5.455110	0.400000	12.000000	185.613507	197.520000	150.590000	
5.692809	0.400000	12.000000	171.980000	208.630000	154.562080	
5.297370	0.400000	12.000000	106.140000	185.090000	156.541490	
5.022991	0.400000	12.000000	136.819406	164.490000	151.420000	
5.291098	0.400000	12.000000	122.110000	134.825311	151.420000	
5.078802	0.400000	12.000000	163.830000	96.030590	152.330000	
5.228434	0.400000	12.000000	176.870000	96.631469	153.240000	
4.762607	0.400000	12.000000	199.360000	145.365125	153.240000	
6.916809	0.400000	12.000000	134.170000	191.081279	153.240000	
4.409014	0.400000	12.000000	151.120000	156.650000	151.311743	
5.072767	0.400000	12.000000	142.640000	131.150000	155.742958	
4.482431	0.400000	12.000000	145.250000	138.670000	149.409524	
4.869287	0.400000	12.000000	130.260000	141.940000	150.907523	
4.371654	0.400000	12.000000	154.636218	110.880000	153.240000	
5.121421	0.400000	12.000000	209.790000	145.530000	148.459225	
8.671194	0.400000	12.000000	217.401522	113.820000	153.240000	
5.177684	0.400000	12.000000	205.870000	128.860000	158.387407	
4.598492	0.400000	12.000000	205.550000	138.990000	157.096151	
5.348865	0.400000	12.000000	188.270000	161.893767	154.080000	
5.525722	0.400000	12.000000	194.790000	154.690000	149.033869	
5.419455	0.400000	12.000000	187.258463	134.420000	154.080000	
4.599046	0.400000	12.000000	141.772879	113.490000	154.080000	
5.876235	0.400000	12.000000	160.900000	104.010000	160.383705	
6.399552	0.400000	12.000000	148.840000	174.270757	157.640000	
6.083797	0.400000	12.000000	162.200000	171.899897	157.640000	
5.151884	0.400000	12.000000	127.046204	170.050000	157.640000	
4.773056	0.400000	12.000000	107.440000	143.900000	156.292453	
5.057257	0.400000	12.000000	127.980000	123.172882	157.640000	
4.412449	0.400000	12.000000	129.280000	113.820000	161.838050	
5.334594	0.400000	12.000000	155.050501	128.530000	157.640000	
4.430166	0.400000	12.000000	193.820000	127.220000	158.949023	
4.718874	0.400000	12.000000	180.130000	154.690000	159.194721	
4.419243	0.400000	12.000000	163.180000	113.689457	157.640000	
4.978336	0.400000	12.000000	174.260000	109.900000	159.344619	
4.640467	0.400000	12.000000	174.590000	120.446721	157.640000	
4.853852	0.400000	12.000000	199.702819	119.380000	157.640000	
7.320196	0.400000	12.000000	165.460000	145.151757	157.640000	
6.178789	0.400000	12.000000	143.950000	158.467621	160.060000	
5.710181	0.400000	12.000000	186.922792	101.390000	160.890000	
4.767959	0.400000	12.000000	185.020000	142.706919	160.890000	
6.101055	0.400000	12.000000	137.760000	146.106210	160.890000	
5.048159	0.400000	12.000000	169.370000	165.150000	165.226551	
6.391819	0.400000	12.000000	183.390000	167.760000	165.019096	
4.414014	0.400000	12.000000	193.156657	144.880000	165.060000	
4.668427	0.400000	12.000000	144.812218	122.320000	165.060000	
5.080976	0.400000	12.000000	202.700772	111.530000	165.060000	
5.132336	0.400000	12.000000	187.152415	111.860000	165.060000	
6.589834	0.400000	12.000000	183.702887	124.280000	165.060000	
6.742595	0.400000	12.000000	169.700000	132.130000	161.929733	
4.730533	0.400000	12.000000	154.380000	140.630000	160.935743	
5.711401	0.400000	12.000000	114.290000	152.199437	165.510000	
6.636187	0.400000	12.000000	125.034747	158.940000	165.510000	
5.186333	0.400000	12.000000	127.650000	179.530000	167.486083	
5.613730	0.400000	12.000000	137.947600	182.800000	165.510000	
6.423694	0.400000	12.000000	151.440000	205.836238	165.510000	
5.188378	0.400000	12.000000	150.140000	190.980000	165.627413	
5.721721	0.400000	12.000000	163.180000	187.380000	164.477796	
9.744445	0.400000	12.000000	180.130000	187.900739	165.510000	
4.601702	0.400000	12.000000	165.460000	198.500000	164.326014	
4.808104	0.400000	12.000000	118.530000	190.320000	164.335657	
4.835192	0.400000	12.000000	109.070000	173.320000	168.485231	
6.423182	0.400000	12.000000	106.790000	162.860000	161.296411	
4.683273	0.400000	12.000000	154.380000	89.950000	153.671576	
6.494388	0.400000	12.000000	159.590000	80.140000	147.502296	
7.239438	0.400000	12.000000	180.450000	82.760000	155.993362	
4.693030	0.400000	12.000000	200.660000	92.834330	148.240000	
5.553318	0.400000	12.000000	93.750000	166.098948	152.560000	
5.992773	0.400000	12.000000	95.380000	154.030000	157.112403	
6.479184	0.400000	12.000000	91.417246	183.130000	152.560000	
7.896462	0.400000	12.000000	132.540000	118.320733	174.680000	
4.395623	0.400000	12.000000	156.393093	131.800000	174.680000	
4.761040	0.400000	12.000000	174.590000	118.070000	176.281056	
7.956740	0.400000	12.000000	135.794577	139.320000	174.680000	
4.515042	0.400000	12.000000	124.070000	149.783159	174.680000	
4.956058	0.400000	12.000000	112.660000	142.590000	175.950387	
4.750552	0.400000	12.000000	114.290000	129.380592	174.680000	
4.516518	0.400000	12.000000	142.970000	158.287515	176.420000	
5.016724	0.400000	12.000000	122.426147	137.690000	176.420000	
4.372670	1.000000	11.000000	119.940000	189.630000	-0.428260	
4.788359	1.000000	11.000000	101.249777	208.630000	18.940000	
6.846047	1.000000	11.000000	177.840000	193.920000	-9.326228	
6.240431	1.000000	11.000000	169.541913	205.360000	5.610000	
8.086867	1.000000	11.000000	144.600000	233.029652	13.030000	
5.403302	1.000000	11.000000	156.660000	212.218531	25.380000	
6.239726	1.000000	11.000000	189.250000	219.420000	27.604701	
4.822660	1.000000	11.000000	220.870000	170.710000	39.847932	
5.801428	1.000000	11.000000	217.681506	177.900000	32.420000	
6.440862	1.000000	11.000000	193.925261	91.590000	30.750000	
6.757155	1.000000	11.000000	222.500000	103.680000	37.693773	
7.398643	1.000000	11.000000	171.330000	233.480000	30.814015	
6.267109	1.000000	11.000000	107.463508	124.280000	39.920000	
4.442673	1.000000	11.000000	96.564532	230.860000	78.700000	
5.426664	1.000000	11.000000	230.650000	127.220000	88.822144	
5.125558	1.000000	11.000000	213.158695	77.850000	94.840000	
5.426941	1.000000	11.000000	230.970000	105.640000	92.087488	
8.321575	1.000000	11.000000	237.636604	114.150000	104.910000	
4.923971	1.000000	11.000000	221.850000	104.660000	114.942017	
4.423520	1.000000	11.000000	227.314067	111.860000	112.260000	
5.570574	1.000000	11.000000	217.610000	102.380000	99.618318	
5.609078	1.000000	11.000000	219.560000	175.610000	131.401547	
5.103308	1.000000	11.000000	208.160000	194.651267	124.760000	
5.534475	1.000000	11.000000	200.660000	194.796074	133.400000	
4.942909	1.000000	11.000000	124.720000	153.865486	147.330000	
5.527317	1.000000	11.000000	207.500000	103.680000	152.118224	
8.052013	1.000000	11.000000	222.967818	98.780000	143.390000	
4.721042	1.000000	11.000000	94.050937	114.800000	101.350000	
6.251101	1.000000	11.000000	99.620000	104.990000	97.680697	
8.024473	1.000000	11.000000	182.730000	48.846384	92.790000	
4.574407	1.000000	11.000000	172.300000	62.820000	96.141504	
5.698409	1.000000	11.000000	90.820000	203.754201	84.610000	
6.534437	1.000000	11.000000	141.010000	231.001228	111.430000	
6.086486	1.000000	11.000000	151.958572	224.650000	113.400000	
7.716657	1.000000	11.000000	157.673824	63.470000	113.400000	
6.932747	1.000000	11.000000	185.103255	65.430000	109.610000	
4.298890	1.000000	11.000000	159.245428	118.070000	164.150000	
5.529556	1.000000	11.000000	150.532633	148.150000	167.260000	
7.497052	1.000000	11.000000	179.734924	139.650000	173.160000	
5.961300	1.000000	11.000000	122.489935	126.570000	181.500000	
5.446646	1.000000	11.000000	223.149459	122.320000	140.140000	
4.509634	1.000000	11.000000	148.190000	83.155154	148.020000	
